,PANAS.Positive_Predicted,PANAS.Negative_Predicted,PANAS.Positive_Actual,PANAS.Negative_Actual
0,18,27,48,46
1,18,27,31,16
2,18,27,11,47
3,18,27,33,28
4,18,27,12,49
5,18,27,47,11
6,18,27,48,47
7,18,27,27,26
8,18,27,32,21
9,18,27,41,30
10,18,27,11,10
11,18,27,11,27
12,18,27,27,28
13,18,27,22,31
14,18,27,13,46
15,18,27,13,42
16,18,27,25,18
17,18,27,38,25
18,18,27,21,14
19,18,27,45,17
20,18,27,31,16
21,18,27,43,48
22,18,27,46,12
23,18,27,25,35
24,18,27,22,21
25,18,27,10,45
26,18,27,46,41
27,18,27,19,11
28,18,27,24,38
29,18,27,14,36
30,18,27,49,46
31,18,27,22,26
32,18,27,12,37
33,18,27,21,47
34,18,27,17,25
35,18,27,38,17
36,18,27,48,44
37,18,27,11,33
38,18,27,43,34
39,18,27,40,15
40,18,27,30,34
41,18,27,38,31
42,18,27,11,18
43,18,27,27,20
44,18,27,43,43
45,18,27,27,38
46,18,27,11,47
47,18,27,29,33
48,18,27,12,32
49,18,27,26,41
50,18,27,34,26
51,18,27,45,24
52,18,27,27,34
53,18,27,46,12
54,18,27,19,44
55,18,27,44,38
56,18,27,23,22
57,18,27,31,17
58,18,27,29,11
59,18,27,37,44
60,18,27,24,46
61,18,27,36,18
62,18,27,22,38
63,18,27,29,21
64,18,27,31,13
65,18,27,11,24
66,18,27,13,45
67,18,27,19,23
68,18,27,36,45
69,18,27,15,43
70,18,27,33,18
71,18,27,19,31
72,18,27,37,13
73,18,27,22,20
74,18,27,32,20
75,18,27,17,40
76,18,27,44,11
77,18,27,25,17
78,18,27,16,28
79,18,27,31,16
80,18,27,32,38
81,18,27,27,34
82,18,27,17,34
83,18,27,34,49
84,18,27,26,48
85,18,27,36,49
86,18,27,23,33
87,18,27,26,23
88,18,27,28,27
89,18,27,21,13
90,18,27,32,24
91,18,27,10,35
92,18,27,46,32
93,18,27,12,22
94,18,27,40,23
95,18,27,40,41
96,18,27,42,20
97,18,27,47,45
98,18,27,27,28
99,18,27,14,17
100,18,27,22,13
101,18,27,18,29
102,18,27,37,25
103,18,27,15,19
104,18,27,21,43
105,18,27,24,18
106,18,27,44,10
107,18,27,47,16
108,18,27,27,39
109,18,27,13,45
110,18,27,49,16
111,18,27,15,19
112,18,27,13,31
113,18,27,33,36
114,18,27,12,14
115,18,27,37,38
116,18,27,29,17
117,18,27,24,13
118,18,27,42,26
119,18,27,29,40
120,18,27,22,35
121,18,27,42,20
122,18,27,34,41
123,18,27,38,19
124,18,27,18,49
125,18,27,28,46
126,18,27,43,10
127,18,27,29,45
128,18,27,14,47
129,18,27,29,14
130,18,27,43,48
131,18,27,48,17
132,18,27,10,16
133,18,27,32,10
134,18,27,31,13
135,18,27,39,39
136,18,27,26,29
137,18,27,19,45
138,18,27,28,26
139,18,27,17,18
140,18,27,23,49
141,18,27,13,38
142,18,27,23,24
143,18,27,35,37
144,18,27,11,39
145,18,27,38,27
146,18,27,30,13
147,18,27,37,14
148,18,27,38,16
149,18,27,21,31
150,18,27,19,36
151,18,27,35,37
152,18,27,16,25
153,18,27,14,21
154,18,27,25,14
155,18,27,17,45
156,18,27,45,30
157,18,27,46,44
158,18,27,22,21
159,18,27,12,20
160,18,27,49,41
161,18,27,26,19
162,18,27,34,15
163,18,27,27,20
164,18,27,34,39
165,18,27,23,34
166,18,27,33,22
167,18,27,14,36
168,18,27,42,35
169,18,27,21,44
170,18,27,13,41
171,18,27,49,44
172,18,27,46,27
173,18,27,32,43
174,18,27,27,14
175,18,27,13,18
176,18,27,27,31
177,18,27,33,11
178,18,27,30,23
179,18,27,49,14
180,18,27,20,24
181,18,27,10,47
182,18,27,48,14
183,18,27,15,11
184,18,27,21,27
185,18,27,37,25
186,18,27,39,23
187,18,27,41,35
188,18,27,39,30
189,18,27,41,23
190,18,27,30,23
191,18,27,33,31
192,18,27,14,48
193,18,27,41,47
194,18,27,43,29
195,18,27,18,27
196,18,27,42,41
197,18,27,11,27
198,18,27,12,27
199,18,27,27,33
200,18,27,46,16
201,18,27,13,20
202,18,27,38,18
203,18,27,22,26
204,18,27,31,20
205,18,27,15,10
206,18,27,35,47
207,18,27,48,15
208,18,27,24,29
209,18,27,36,35
210,18,27,39,12
211,18,27,31,38
212,18,27,32,26
213,18,27,42,45
214,18,27,13,42
215,18,27,38,48
216,18,27,35,48
217,18,27,24,34
218,18,27,37,12
219,18,27,37,32
220,18,27,21,23
221,18,27,27,15
222,18,27,21,39
223,18,27,12,10
224,18,27,22,28
225,18,27,26,22
226,18,27,13,14
227,18,27,29,27
228,18,27,27,43
229,18,27,37,16
230,18,27,16,20
231,18,27,28,31
232,18,27,47,40
233,18,27,20,22
234,18,27,35,34
235,18,27,36,47
236,18,27,17,12
237,18,27,31,28
238,18,27,27,29
239,18,27,10,35
240,18,27,29,17
241,18,27,44,46
242,18,27,33,15
243,18,27,12,20
244,18,27,11,46
245,18,27,39,13
246,18,27,12,38
247,18,27,28,32
248,18,27,27,14
249,18,27,32,35
250,18,27,26,16
251,18,27,12,29
252,18,27,42,34
253,18,27,37,39
254,18,27,18,39
255,18,27,41,44
256,18,27,31,44
257,18,27,26,21
258,18,27,33,37
259,18,27,40,45
260,18,27,44,20
261,18,27,10,26
262,18,27,24,21
263,18,27,23,47
264,18,27,17,16
265,18,27,19,33
266,18,27,37,41
267,18,27,42,49
268,18,27,37,28
269,18,27,43,27
270,18,27,34,33
271,18,27,14,29
272,18,27,18,40
273,18,27,30,47
274,18,27,48,46
275,18,27,37,21
276,18,27,44,28
277,18,27,25,48
278,18,27,38,38
279,18,27,22,13
280,18,27,24,15
281,18,27,46,31
282,18,27,28,26
283,18,27,39,47
284,18,27,47,26
285,18,27,28,25
286,18,27,49,11
287,18,27,45,20
288,18,27,34,17
289,18,27,31,21
290,18,27,44,23
291,18,27,18,49
292,18,27,45,49
293,18,27,22,36
294,18,27,27,19
295,18,27,35,40
296,18,27,17,37
297,18,27,16,38
298,18,27,45,43
299,18,27,47,24
300,18,27,17,40
301,18,27,10,18
302,18,27,28,15
303,18,27,37,16
304,18,27,37,24
305,18,27,47,12
306,18,27,41,40
307,18,27,14,11
308,18,27,14,29
309,18,27,16,24
310,18,27,42,19
311,18,27,46,32
312,18,27,34,13
313,18,27,38,37
314,18,27,30,34
315,18,27,28,36
316,18,27,22,10
317,18,27,38,16
318,18,27,35,10
319,18,27,24,30
320,18,27,24,28
321,18,27,25,34
322,18,27,23,41
323,18,27,27,24
324,18,27,16,45
325,18,27,39,21
326,18,27,44,15
327,18,27,14,49
328,18,27,14,41
329,18,27,30,37
330,18,27,47,25
331,18,27,20,10
332,18,27,44,20
333,18,27,38,44
334,18,27,38,47
335,18,27,30,45
336,18,27,40,41
337,18,27,21,22
338,18,27,34,30
339,18,27,48,48
340,18,27,49,36
341,18,27,24,40
342,18,27,17,49
343,18,27,27,41
344,18,27,40,44
345,18,27,43,31
346,18,27,31,33
347,18,27,30,14
348,18,27,27,13
349,18,27,34,23
350,18,27,49,13
351,18,27,21,26
352,18,27,16,34
353,18,27,45,37
354,18,27,39,48
355,18,27,17,36
356,18,27,17,26
357,18,27,29,35
358,18,27,13,23
359,18,27,40,14
360,18,27,39,24
361,18,27,27,48
362,18,27,27,11
363,18,27,48,47
364,18,27,21,31
365,18,27,28,23
366,18,27,39,44
367,18,27,38,35
368,18,27,11,30
369,18,27,14,36
370,18,27,40,35
371,18,27,35,37
372,18,27,13,44
373,18,27,30,19
374,18,27,45,31
375,18,27,40,38
376,18,27,33,12
377,18,27,27,19
378,18,27,46,25
379,18,27,33,12
380,18,27,29,45
381,18,27,44,22
382,18,27,18,47
383,18,27,13,31
384,18,27,10,13
385,18,27,49,35
386,18,27,42,36
387,18,27,19,48
388,18,27,48,28
389,18,27,28,29
390,18,27,47,15
391,18,27,33,47
392,18,27,10,23
393,18,27,28,21
394,18,27,16,29
395,18,27,40,25
396,18,27,28,45
397,18,27,20,31
398,18,27,32,17
399,18,27,31,43
400,18,27,30,18
401,18,27,12,26
402,18,27,27,17
403,18,27,33,35
404,18,27,19,12
405,18,27,37,46
406,18,27,33,27
407,18,27,12,19
408,18,27,17,20
409,18,27,18,16
410,18,27,20,25
411,18,27,11,13
412,18,27,45,22
413,18,27,16,10
414,18,27,24,38
415,18,27,40,26
416,18,27,48,10
417,18,27,16,44
418,18,27,43,34
419,18,27,33,25
420,18,27,41,23
421,18,27,37,44
422,18,27,28,27
423,18,27,21,16
424,18,27,47,21
425,18,27,15,27
426,18,27,19,45
427,18,27,47,40
428,18,27,46,49
429,18,27,32,14
430,18,27,42,33
431,18,27,23,42
432,18,27,10,16
433,18,27,31,35
434,18,27,21,45
435,18,27,46,16
436,18,27,30,38
437,18,27,14,32
438,18,27,35,28
439,18,27,15,41
440,18,27,35,19
441,18,27,17,44
442,18,27,12,13
443,18,27,32,42
444,18,27,35,28
445,18,27,18,14
446,18,27,46,35
447,18,27,43,12
448,18,27,29,45
449,18,27,30,32
450,18,27,14,20
451,18,27,29,49
452,18,27,32,47
453,18,27,19,41
454,18,27,44,17
455,18,27,39,43
456,18,27,22,14
457,18,27,16,35
458,18,27,41,47
459,18,27,19,41
460,18,27,13,46
461,18,27,20,46
462,18,27,29,14
463,18,27,41,25
464,18,27,27,40
465,18,27,29,34
466,18,27,30,14
467,18,27,26,30
468,18,27,16,14
469,18,27,32,12
470,18,27,33,38
471,18,27,14,38
472,18,27,38,26
473,18,27,26,26
474,18,27,41,11
475,18,27,45,22
476,18,27,36,39
477,18,27,12,24
478,18,27,15,47
479,18,27,10,11
480,18,27,18,28
481,18,27,37,21
482,18,27,36,39
483,18,27,13,43
484,18,27,44,49
485,18,27,37,13
486,18,27,42,42
487,18,27,32,30
488,18,27,45,11
489,18,27,11,41
490,18,27,42,19
491,18,27,48,34
492,18,27,39,21
493,18,27,38,39
494,18,27,22,30
495,18,27,27,42
496,18,27,12,15
497,18,27,10,24
498,18,27,42,29
499,18,27,21,20
500,18,27,18,16
501,18,27,21,42
502,18,27,26,39
503,18,27,48,12
504,18,27,40,47
505,18,27,21,17
506,18,27,36,36
507,18,27,21,20
508,18,27,46,24
509,18,27,18,46
510,18,27,32,21
511,18,27,39,41
512,18,27,44,38
513,18,27,30,15
514,18,27,48,45
515,18,27,21,25
516,18,27,22,37
517,18,27,39,17
518,18,27,45,31
519,18,27,15,25
520,18,27,29,28
521,18,27,49,47
522,18,27,10,28
523,18,27,44,39
524,18,27,16,18
525,18,27,32,42
526,18,27,33,14
527,18,27,22,49
528,18,27,23,24
529,18,27,23,42
530,18,27,25,31
531,18,27,38,47
532,18,27,32,13
533,18,27,29,28
534,18,27,21,13
535,18,27,26,27
536,18,27,27,28
537,18,27,49,14
538,18,27,12,45
539,18,27,15,23
540,18,27,30,21
541,18,27,15,39
542,18,27,11,39
543,18,27,36,12
544,18,27,16,34
545,18,27,20,20
546,18,27,22,18
547,18,27,19,15
548,18,27,22,28
549,18,27,35,47
550,18,27,16,35
551,18,27,23,13
552,18,27,39,30
553,18,27,25,21
554,18,27,12,42
555,18,27,28,12
556,18,27,29,35
557,18,27,21,16
558,18,27,16,13
559,18,27,42,49
560,18,27,21,38
561,18,27,23,10
562,18,27,36,34
563,18,27,12,42
564,18,27,39,15
565,18,27,23,37
566,18,27,35,36
567,18,27,48,46
568,18,27,24,31
569,18,27,22,40
570,18,27,16,25
571,18,27,42,36
572,18,27,46,19
573,18,27,36,22
574,18,27,40,30
575,18,27,27,43
576,18,27,24,16
577,18,27,25,37
578,18,27,48,21
579,18,27,13,24
580,18,27,18,47
581,18,27,37,38
582,18,27,29,11
583,18,27,13,47
584,18,27,11,29
585,18,27,44,10
586,18,27,28,32
587,18,27,44,18
588,18,27,13,37
589,18,27,15,17
590,18,27,19,32
591,18,27,11,44
592,18,27,27,49
593,18,27,29,35
594,18,27,29,27
595,18,27,49,47
596,18,27,47,18
597,18,27,35,13
598,18,27,29,28
599,18,27,32,47
600,18,27,25,25
601,18,27,25,43
602,18,27,43,44
603,18,27,40,29
604,18,27,29,32
605,18,27,39,40
606,18,27,26,19
607,18,27,43,28
608,18,27,22,46
609,18,27,39,32
610,18,27,48,45
611,18,27,41,27
612,18,27,32,22
613,18,27,27,38
614,18,27,17,33
615,18,27,22,17
616,18,27,11,15
617,18,27,34,29
618,18,27,18,43
619,18,27,17,29
620,18,27,18,47
621,18,27,17,15
622,18,27,15,47
623,18,27,12,13
624,18,27,40,21
625,18,27,21,34
626,18,27,47,49
627,18,27,46,16
628,18,27,23,40
629,18,27,30,40
630,18,27,45,17
631,18,27,31,34
632,18,27,47,40
633,18,27,24,38
634,18,27,10,40
635,18,27,44,34
636,18,27,26,12
637,18,27,32,48
638,18,27,29,35
639,18,27,13,38
640,18,27,28,18
641,18,27,11,31
642,18,27,15,26
643,18,27,32,31
644,18,27,18,12
645,18,27,26,18
646,18,27,30,45
647,18,27,27,47
648,18,27,23,18
649,18,27,19,15
650,18,27,36,17
651,18,27,31,31
652,18,27,31,35
653,18,27,12,48
654,18,27,48,37
655,18,27,18,41
656,18,27,39,46
657,18,27,30,27
658,18,27,31,45
659,18,27,17,11
660,18,27,14,47
661,18,27,10,16
662,18,27,15,39
663,18,27,10,15
664,18,27,43,20
665,18,27,47,49
666,18,27,17,42
667,18,27,40,40
668,18,27,37,14
669,18,27,43,13
670,18,27,42,41
671,18,27,47,22
672,18,27,47,11
673,18,27,39,43
674,18,27,15,25
675,18,27,15,10
676,18,27,37,32
677,18,27,30,43
678,18,27,14,42
679,18,27,31,14
680,18,27,36,11
681,18,27,18,35
682,18,27,13,47
683,18,27,25,13
684,18,27,36,18
685,18,27,11,16
686,18,27,28,31
687,18,27,11,28
688,18,27,21,16
689,18,27,38,13
690,18,27,49,22
691,18,27,32,45
692,18,27,39,27
693,18,27,23,45
694,18,27,42,25
695,18,27,44,40
696,18,27,17,14
697,18,27,19,14
698,18,27,19,24
699,18,27,47,14
700,18,27,31,33
701,18,27,23,48
702,18,27,14,46
703,18,27,11,29
704,18,27,47,12
705,18,27,40,39
706,18,27,20,42
707,18,27,27,14
708,18,27,23,13
709,18,27,24,46
710,18,27,47,22
711,18,27,12,28
712,18,27,32,32
713,18,27,36,46
714,18,27,16,27
715,18,27,29,47
716,18,27,37,26
717,18,27,43,46
718,18,27,33,48
719,18,27,31,36
720,18,27,30,15
721,18,27,35,49
722,18,27,40,44
723,18,27,44,13
724,18,27,18,20
725,18,27,45,42
726,18,27,17,32
727,18,27,28,26
728,18,27,10,44
729,18,27,15,18
730,18,27,36,27
731,18,27,11,45
732,18,27,36,19
733,18,27,29,27
734,18,27,39,13
735,18,27,13,29
736,18,27,37,18
737,18,27,47,35
738,18,27,12,35
739,18,27,16,49
740,18,27,21,44
741,18,27,21,48
742,18,27,25,49
743,18,27,38,34
744,18,27,30,17
745,18,27,11,14
746,18,27,45,35
747,18,27,27,31
748,18,27,12,39
749,18,27,16,31
750,18,27,33,38
751,18,27,13,28
752,18,27,28,33
753,18,27,34,39
754,18,27,32,27
755,18,27,37,16
756,18,27,46,40
757,18,27,29,13
758,18,27,20,31
759,18,27,49,39
760,18,27,35,19
761,18,27,19,19
762,18,27,27,30
763,18,27,32,44
764,18,27,35,34
765,18,27,45,23
766,18,27,20,22
767,18,27,35,11
768,18,27,46,38
769,18,27,34,42
770,18,27,35,49
771,18,27,39,43
772,18,27,31,24
773,18,27,47,24
774,18,27,12,32
775,18,27,11,23
776,18,27,31,40
777,18,27,38,48
778,18,27,31,10
779,18,27,40,41
780,18,27,32,14
781,18,27,39,47
782,18,27,43,24
783,18,27,16,24
784,18,27,10,22
785,18,27,30,20
786,18,27,23,42
787,18,27,15,47
788,18,27,38,11
789,18,27,31,43
790,18,27,37,24
791,18,27,16,20
792,18,27,17,42
793,18,27,43,37
794,18,27,39,20
795,18,27,31,15
796,18,27,38,14
797,18,27,34,37
798,18,27,14,25
799,18,27,17,35
800,18,27,26,35
801,18,27,36,17
802,18,27,18,28
803,18,27,11,32
804,18,27,49,37
805,18,27,38,30
806,18,27,12,10
807,18,27,37,20
808,18,27,47,43
809,18,27,11,40
810,18,27,10,21
811,18,27,46,42
812,18,27,13,45
813,18,27,22,28
814,18,27,24,42
815,18,27,11,29
816,18,27,48,40
817,18,27,19,15
818,18,27,35,23
819,18,27,18,22
820,18,27,10,29
821,18,27,29,35
822,18,27,15,40
823,18,27,12,49
824,18,27,49,17
825,18,27,30,28
826,18,27,34,31
827,18,27,21,19
828,18,27,34,47
829,18,27,38,25
830,18,27,19,30
831,18,27,16,43
832,18,27,47,37
833,18,27,18,47
834,18,27,29,21
835,18,27,24,38
836,18,27,32,49
837,18,27,17,30
838,18,27,20,28
839,18,27,30,17
840,18,27,29,17
841,18,27,22,23
842,18,27,17,15
843,18,27,47,23
844,18,27,38,17
845,18,27,47,44
846,18,27,22,12
847,18,27,15,13
848,18,27,47,45
849,18,27,12,27
850,18,27,27,49
851,18,27,40,38
852,18,27,42,21
853,18,27,17,43
854,18,27,26,28
855,18,27,24,34
856,18,27,39,35
857,18,27,47,45
858,18,27,43,28
859,18,27,23,18
860,18,27,44,49
861,18,27,16,22
862,18,27,20,30
863,18,27,35,46
864,18,27,17,29
865,18,27,27,25
866,18,27,40,43
867,18,27,18,42
868,18,27,38,29
869,18,27,34,47
870,18,27,38,12
871,18,27,29,47
872,18,27,10,20
873,18,27,48,30
874,18,27,20,35
875,18,27,37,36
876,18,27,22,17
877,18,27,47,35
878,18,27,25,41
879,18,27,45,10
880,18,27,16,26
881,18,27,22,39
882,18,27,23,38
883,18,27,22,20
884,18,27,49,47
885,18,27,27,46
886,18,27,44,34
887,18,27,47,35
888,18,27,46,45
889,18,27,38,12
890,18,27,19,17
891,18,27,29,28
892,18,27,23,35
893,18,27,26,30
894,18,27,36,19
895,18,27,35,33
896,18,27,16,24
897,18,27,26,49
898,18,27,39,47
899,18,27,34,10
900,18,27,20,14
901,18,27,26,10
902,18,27,22,14
903,18,27,18,27
904,18,27,20,29
905,18,27,36,26
906,18,27,10,17
907,18,27,16,47
908,18,27,12,14
909,18,27,26,45
910,18,27,25,40
911,18,27,35,12
912,18,27,48,37
913,18,27,32,12
914,18,27,25,42
915,18,27,21,35
916,18,27,43,27
917,18,27,49,36
918,18,27,14,30
919,18,27,12,12
920,18,27,42,41
921,18,27,15,30
922,18,27,12,36
923,18,27,33,23
924,18,27,20,30
925,18,27,38,25
926,18,27,41,42
927,18,27,37,17
928,18,27,29,20
929,18,27,27,47
930,18,27,43,47
931,18,27,38,27
932,18,27,24,11
933,18,27,43,32
934,18,27,13,41
935,18,27,45,15
936,18,27,41,27
937,18,27,22,14
938,18,27,45,46
939,18,27,31,36
940,18,27,30,32
941,18,27,32,26
942,18,27,14,45
943,18,27,28,34
944,18,27,35,44
945,18,27,12,15
946,18,27,21,17
947,18,27,26,22
948,18,27,23,48
949,18,27,14,16
950,18,27,17,34
951,18,27,42,47
952,18,27,39,31
953,18,27,49,25
954,18,27,28,13
955,18,27,17,13
956,18,27,33,47
957,18,27,35,24
958,18,27,41,12
959,18,27,22,26
960,18,27,36,40
961,18,27,28,12
962,18,27,23,41
963,18,27,12,11
964,18,27,34,39
965,18,27,47,31
966,18,27,17,36
967,18,27,48,42
968,18,27,23,38
969,18,27,44,27
970,18,27,15,11
971,18,27,35,19
972,18,27,33,39
973,18,27,20,30
974,18,27,16,49
975,18,27,34,45
976,18,27,18,14
977,18,27,35,35
978,18,27,49,41
979,18,27,16,24
980,18,27,25,28
981,18,27,44,42
982,18,27,23,41
983,18,27,12,43
984,18,27,49,35
985,18,27,37,48
986,18,27,32,43
987,18,27,29,46
988,18,27,20,15
989,18,27,33,34
990,18,27,26,14
991,18,27,21,22
992,18,27,38,37
993,18,27,17,13
994,18,27,21,28
995,18,27,16,19
996,18,27,14,15
997,18,27,26,14
998,18,27,37,19
999,18,27,43,35
1000,18,27,11,16
1001,18,27,47,16
1002,18,27,29,26
1003,18,27,48,27
1004,18,27,41,32
1005,18,27,15,48
1006,18,27,19,40
1007,18,27,10,49
1008,18,27,10,35
1009,18,27,19,12
1010,18,27,48,26
1011,18,27,40,28
1012,18,27,24,45
1013,18,27,42,23
1014,18,27,10,33
1015,18,27,29,26
1016,18,27,31,18
1017,18,27,12,32
1018,18,27,26,33
1019,18,27,49,26
1020,18,27,18,21
1021,18,27,44,44
1022,18,27,49,35
1023,18,27,27,37
1024,18,27,23,35
1025,18,27,34,38
1026,18,27,39,30
1027,18,27,31,45
1028,18,27,29,16
1029,18,27,13,26
1030,18,27,45,17
1031,18,27,44,46
1032,18,27,15,10
1033,18,27,26,10
1034,18,27,10,29
1035,18,27,24,48
1036,18,27,14,45
1037,18,27,49,35
1038,18,27,11,30
1039,18,27,40,49
1040,18,27,40,28
1041,18,27,14,24
1042,18,27,13,16
1043,18,27,28,11
1044,18,27,28,34
1045,18,27,25,33
1046,18,27,29,23
1047,18,27,13,37
1048,18,27,19,44
1049,18,27,27,47
1050,18,27,15,41
1051,18,27,10,13
1052,18,27,11,12
1053,18,27,16,32
1054,18,27,36,44
1055,18,27,10,21
1056,18,27,33,46
1057,18,27,18,40
1058,18,27,37,32
1059,18,27,36,41
1060,18,27,29,28
1061,18,27,27,22
1062,18,27,29,37
1063,18,27,16,29
1064,18,27,35,26
1065,18,27,47,48
1066,18,27,28,31
1067,18,27,18,31
1068,18,27,28,44
1069,18,27,40,34
1070,18,27,11,34
1071,18,27,29,45
1072,18,27,27,15
1073,18,27,20,15
1074,18,27,38,35
1075,18,27,26,14
1076,18,27,34,26
1077,18,27,45,22
1078,18,27,24,26
1079,18,27,47,25
1080,18,27,12,16
1081,18,27,27,28
1082,18,27,40,47
1083,18,27,11,44
1084,18,27,20,14
1085,18,27,16,32
1086,18,27,46,41
1087,18,27,29,41
1088,18,27,34,40
1089,18,27,46,13
1090,18,27,38,40
1091,18,27,14,36
1092,18,27,43,23
1093,18,27,12,39
1094,18,27,28,25
1095,18,27,26,12
1096,18,27,28,47
1097,18,27,34,45
1098,18,27,41,45
1099,18,27,36,42
1100,18,27,31,20
1101,18,27,34,35
1102,18,27,45,46
1103,18,27,47,46
1104,18,27,27,44
1105,18,27,45,28
1106,18,27,15,10
1107,18,27,14,23
1108,18,27,24,23
1109,18,27,17,45
1110,18,27,33,39
1111,18,27,24,23
1112,18,27,38,38
1113,18,27,40,23
1114,18,27,22,14
1115,18,27,24,48
1116,18,27,21,27
1117,18,27,38,29
1118,18,27,18,11
1119,18,27,42,31
1120,18,27,37,16
1121,18,27,32,15
1122,18,27,30,21
1123,18,27,41,10
1124,18,27,37,43
1125,18,27,47,34
1126,18,27,36,44
1127,18,27,20,16
1128,18,27,28,45
1129,18,27,23,37
1130,18,27,29,16
1131,18,27,49,33
1132,18,27,47,24
1133,18,27,23,39
1134,18,27,16,20
1135,18,27,38,12
1136,18,27,21,33
1137,18,27,37,38
1138,18,27,38,42
1139,18,27,30,10
1140,18,27,26,33
1141,18,27,25,39
1142,18,27,47,18
1143,18,27,21,35
1144,18,27,29,32
1145,18,27,35,40
1146,18,27,40,14
1147,18,27,16,39
1148,18,27,32,42
1149,18,27,45,30
1150,18,27,17,40
1151,18,27,42,25
1152,18,27,19,17
1153,18,27,13,20
1154,18,27,11,17
1155,18,27,22,48
1156,18,27,25,48
1157,18,27,34,46
1158,18,27,44,12
1159,18,27,33,10
1160,18,27,14,44
1161,18,27,22,31
1162,18,27,38,19
1163,18,27,19,38
1164,18,27,22,35
1165,18,27,45,36
1166,18,27,48,20
1167,18,27,35,30
1168,18,27,37,37
1169,18,27,24,41
1170,18,27,29,43
1171,18,27,25,47
1172,18,27,47,48
1173,18,27,35,34
1174,18,27,19,45
1175,18,27,37,41
1176,18,27,47,25
1177,18,27,23,44
1178,18,27,14,33
1179,18,27,42,20
1180,18,27,19,10
1181,18,27,10,32
1182,18,27,25,29
1183,18,27,21,12
1184,18,27,36,31
1185,18,27,48,20
1186,18,27,18,34
1187,18,27,42,25
1188,18,27,17,36
1189,18,27,17,21
1190,18,27,46,17
1191,18,27,12,33
1192,18,27,15,43
1193,18,27,17,49
1194,18,27,37,42
1195,18,27,18,47
1196,18,27,46,14
1197,18,27,36,23
1198,18,27,27,28
1199,18,27,39,20
1200,18,27,38,45
1201,18,27,37,14
1202,18,27,15,31
1203,18,27,37,31
1204,18,27,31,24
1205,18,27,46,35
1206,18,27,19,38
1207,18,27,35,25
1208,18,27,39,27
1209,18,27,37,17
1210,18,27,26,33
1211,18,27,43,16
1212,18,27,44,41
1213,18,27,38,42
1214,18,27,38,36
1215,18,27,48,35
1216,18,27,32,49
1217,18,27,29,35
1218,18,27,49,41
1219,18,27,43,48
1220,18,27,38,41
1221,18,27,39,22
1222,18,27,30,26
1223,18,27,17,10
1224,18,27,48,30
1225,18,27,47,13
1226,18,27,29,27
1227,18,27,26,24
1228,18,27,45,35
1229,18,27,26,42
1230,18,27,12,46
1231,18,27,30,48
1232,18,27,21,13
1233,18,27,24,20
1234,18,27,18,47
1235,18,27,17,17
1236,18,27,39,10
1237,18,27,24,17
1238,18,27,38,23
1239,18,27,37,37
1240,18,27,21,41
1241,18,27,39,46
1242,18,27,15,47
1243,18,27,14,31
1244,18,27,42,36
1245,18,27,25,49
1246,18,27,34,44
1247,18,27,30,23
1248,18,27,48,14
1249,18,27,35,49
1250,18,27,18,28
1251,18,27,25,46
1252,18,27,17,27
1253,18,27,19,13
1254,18,27,35,48
1255,18,27,20,48
1256,18,27,36,22
1257,18,27,47,19
1258,18,27,44,20
1259,18,27,18,46
1260,18,27,12,34
1261,18,27,32,22
1262,18,27,32,17
1263,18,27,45,21
1264,18,27,20,24
1265,18,27,22,38
1266,18,27,28,46
1267,18,27,27,27
1268,18,27,23,35
1269,18,27,41,37
1270,18,27,24,49
1271,18,27,40,10
1272,18,27,36,32
1273,18,27,39,20
1274,18,27,26,43
1275,18,27,24,15
1276,18,27,24,25
1277,18,27,42,42
1278,18,27,13,29
1279,18,27,47,16
1280,18,27,41,27
1281,18,27,21,35
1282,18,27,11,29
1283,18,27,10,40
1284,18,27,14,30
1285,18,27,45,21
1286,18,27,42,40
1287,18,27,29,17
1288,18,27,12,39
1289,18,27,35,30
1290,18,27,13,28
1291,18,27,15,42
1292,18,27,34,18
1293,18,27,33,21
1294,18,27,33,27
1295,18,27,29,32
1296,18,27,22,22
1297,18,27,33,15
1298,18,27,31,26
1299,18,27,23,20
1300,18,27,17,37
1301,18,27,25,43
1302,18,27,38,15
1303,18,27,36,47
1304,18,27,34,31
1305,18,27,22,17
1306,18,27,29,17
1307,18,27,42,35
1308,18,27,19,12
1309,18,27,11,28
1310,18,27,32,11
1311,18,27,29,29
1312,18,27,37,24
1313,18,27,21,36
1314,18,27,39,38
1315,18,27,18,38
1316,18,27,33,17
1317,18,27,33,37
1318,18,27,11,34
1319,18,27,11,24
1320,18,27,28,41
1321,18,27,18,27
1322,18,27,22,38
1323,18,27,23,24
1324,18,27,10,43
1325,18,27,15,15
1326,18,27,45,38
1327,18,27,46,27
1328,18,27,20,21
1329,18,27,13,21
1330,18,27,37,24
1331,18,27,25,14
1332,18,27,38,40
1333,18,27,18,45
1334,18,27,11,11
1335,18,27,29,43
1336,18,27,28,24
1337,18,27,13,39
1338,18,27,42,43
1339,18,27,44,19
1340,18,27,44,26
1341,18,27,28,46
1342,18,27,30,24
1343,18,27,10,16
1344,18,27,47,29
1345,18,27,25,19
1346,18,27,23,31
1347,18,27,30,34
1348,18,27,28,45
1349,18,27,29,29
1350,18,27,35,15
1351,18,27,44,32
1352,18,27,29,40
1353,18,27,43,24
1354,18,27,27,49
1355,18,27,37,46
1356,18,27,31,25
1357,18,27,45,12
1358,18,27,21,43
1359,18,27,13,49
1360,18,27,45,37
1361,18,27,23,11
1362,18,27,23,46
1363,18,27,32,49
1364,18,27,38,18
1365,18,27,35,14
1366,18,27,29,28
1367,18,27,22,18
1368,18,27,12,15
1369,18,27,42,45
1370,18,27,46,37
1371,18,27,30,42
1372,18,27,19,17
1373,18,27,28,37
1374,18,27,12,28
1375,18,27,34,49
1376,18,27,35,40
1377,18,27,27,23
1378,18,27,42,38
1379,18,27,12,25
1380,18,27,12,11
1381,18,27,15,27
1382,18,27,33,31
1383,18,27,43,10
1384,18,27,20,26
1385,18,27,33,13
1386,18,27,42,36
1387,18,27,44,34
1388,18,27,32,41
1389,18,27,10,10
1390,18,27,46,43
1391,18,27,18,39
1392,18,27,12,21
1393,18,27,16,15
1394,18,27,29,42
1395,18,27,25,34
1396,18,27,28,37
1397,18,27,21,26
1398,18,27,24,18
1399,18,27,10,36
1400,18,27,48,36
1401,18,27,27,47
1402,18,27,14,17
1403,18,27,10,15
1404,18,27,14,42
1405,18,27,12,33
1406,18,27,42,25
1407,18,27,28,39
1408,18,27,40,21
1409,18,27,43,41
1410,18,27,39,12
1411,18,27,39,39
1412,18,27,37,34
1413,18,27,41,39
1414,18,27,40,19
1415,18,27,23,13
1416,18,27,40,28
1417,18,27,48,36
1418,18,27,15,39
1419,18,27,33,25
1420,18,27,48,14
1421,18,27,44,14
1422,18,27,35,12
1423,18,27,25,47
1424,18,27,14,24
1425,18,27,41,13
1426,18,27,41,35
1427,18,27,21,40
1428,18,27,36,40
1429,18,27,26,46
1430,18,27,20,34
1431,18,27,18,41
1432,18,27,39,46
1433,18,27,42,28
1434,18,27,39,21
1435,18,27,20,34
1436,18,27,46,41
1437,18,27,38,13
1438,18,27,17,43
1439,18,27,13,27
1440,18,27,18,46
1441,18,27,20,43
1442,18,27,28,39
1443,18,27,30,47
1444,18,27,15,13
1445,18,27,21,46
1446,18,27,11,48
1447,18,27,49,11
1448,18,27,20,17
1449,18,27,20,18
1450,18,27,34,45
1451,18,27,24,46
1452,18,27,15,37
1453,18,27,29,17
1454,18,27,31,30
1455,18,27,11,39
1456,18,27,46,37
1457,18,27,31,26
1458,18,27,23,41
1459,18,27,25,35
1460,18,27,43,16
1461,18,27,18,17
1462,18,27,30,23
1463,18,27,17,32
1464,18,27,19,40
1465,18,27,10,39
1466,18,27,44,25
1467,18,27,39,28
1468,18,27,41,47
1469,18,27,15,13
1470,18,27,12,31
1471,18,27,12,37
1472,18,27,45,45
1473,18,27,17,38
1474,18,27,46,41
1475,18,27,11,26
1476,18,27,18,42
1477,18,27,28,20
1478,18,27,37,26
1479,18,27,26,24
1480,18,27,28,46
1481,18,27,38,13
1482,18,27,17,49
1483,18,27,41,16
1484,18,27,49,18
1485,18,27,37,15
1486,18,27,18,37
1487,18,27,42,41
1488,18,27,31,18
1489,18,27,23,27
1490,18,27,14,36
1491,18,27,33,13
1492,18,27,44,24
1493,18,27,13,10
1494,18,27,34,23
1495,18,27,49,11
1496,18,27,17,41
1497,18,27,15,40
1498,18,27,41,39
1499,18,27,17,24
1500,18,27,29,31
1501,18,27,48,45
1502,18,27,36,34
1503,18,27,22,49
1504,18,27,18,18
1505,18,27,10,20
1506,18,27,26,36
1507,18,27,35,33
1508,18,27,19,24
1509,18,27,48,15
1510,18,27,10,48
1511,18,27,23,43
1512,18,27,10,46
1513,18,27,31,41
1514,18,27,24,32
1515,18,27,49,33
1516,18,27,41,48
1517,18,27,49,15
1518,18,27,30,18
1519,18,27,29,38
1520,18,27,31,39
1521,18,27,39,31
1522,18,27,20,49
1523,18,27,24,10
1524,18,27,13,29
1525,18,27,27,11
1526,18,27,18,19
1527,18,27,13,24
1528,18,27,17,18
1529,18,27,45,44
1530,18,27,28,11
1531,18,27,38,19
1532,18,27,42,23
1533,18,27,36,49
1534,18,27,29,26
1535,18,27,26,20
1536,18,27,19,28
1537,18,27,22,45
1538,18,27,43,36
1539,18,27,17,32
1540,18,27,31,13
1541,18,27,33,48
1542,18,27,29,46
1543,18,27,38,32
1544,18,27,35,44
1545,18,27,41,27
1546,18,27,17,30
1547,18,27,14,32
1548,18,27,25,20
1549,18,27,45,22
1550,18,27,20,36
1551,18,27,18,17
1552,18,27,32,15
1553,18,27,30,33
1554,18,27,37,15
1555,18,27,22,32
1556,18,27,35,31
1557,18,27,16,23
1558,18,27,32,43
1559,18,27,39,14
1560,18,27,45,40
1561,18,27,42,14
1562,18,27,20,28
1563,18,27,49,11
1564,18,27,36,46
1565,18,27,21,43
1566,18,27,10,43
1567,18,27,10,43
1568,18,27,46,31
1569,18,27,44,29
1570,18,27,29,46
1571,18,27,20,32
1572,18,27,38,11
1573,18,27,21,42
1574,18,27,20,38
1575,18,27,49,20
1576,18,27,46,42
1577,18,27,49,46
1578,18,27,39,28
1579,18,27,34,12
1580,18,27,47,30
1581,18,27,27,35
1582,18,27,12,45
1583,18,27,18,13
1584,18,27,47,49
1585,18,27,26,31
1586,18,27,42,39
1587,18,27,27,42
1588,18,27,18,11
1589,18,27,12,12
1590,18,27,30,41
1591,18,27,38,16
1592,18,27,10,15
1593,18,27,35,24
1594,18,27,37,36
1595,18,27,45,31
1596,18,27,39,25
1597,18,27,37,38
1598,18,27,24,31
1599,18,27,27,42
1600,18,27,31,47
1601,18,27,24,48
1602,18,27,45,33
1603,18,27,11,39
1604,18,27,37,13
1605,18,27,12,42
1606,18,27,34,29
1607,18,27,10,20
1608,18,27,46,25
1609,18,27,10,48
1610,18,27,34,17
1611,18,27,17,33
1612,18,27,24,38
1613,18,27,16,29
1614,18,27,27,39
1615,18,27,28,43
1616,18,27,36,46
1617,18,27,11,22
1618,18,27,38,10
1619,18,27,45,39
1620,18,27,48,44
1621,18,27,46,49
1622,18,27,40,26
1623,18,27,42,34
1624,18,27,44,43
1625,18,27,38,47
1626,18,27,24,25
1627,18,27,30,38
1628,18,27,12,40
1629,18,27,45,26
1630,18,27,39,47
1631,18,27,14,30
1632,18,27,36,49
1633,18,27,48,48
1634,18,27,41,46
1635,18,27,49,20
1636,18,27,33,13
1637,18,27,20,45
1638,18,27,46,41
1639,18,27,23,38
1640,18,27,16,27
1641,18,27,34,35
1642,18,27,28,36
1643,18,27,35,19
1644,18,27,40,11
1645,18,27,22,49
1646,18,27,25,12
1647,18,27,47,47
1648,18,27,24,24
1649,18,27,24,33
1650,18,27,45,45
1651,18,27,36,10
1652,18,27,10,28
1653,18,27,43,39
1654,18,27,32,32
1655,18,27,37,39
1656,18,27,15,19
1657,18,27,49,39
1658,18,27,18,16
1659,18,27,39,42
1660,18,27,14,12
1661,18,27,49,18
1662,18,27,17,19
1663,18,27,17,47
1664,18,27,45,13
1665,18,27,40,36
1666,18,27,23,34
1667,18,27,25,20
1668,18,27,33,14
1669,18,27,48,14
1670,18,27,43,31
1671,18,27,22,38
1672,18,27,30,25
1673,18,27,11,24
1674,18,27,36,13
1675,18,27,14,13
1676,18,27,14,31
1677,18,27,27,44
1678,18,27,32,14
1679,18,27,47,39
1680,18,27,31,20
1681,18,27,29,43
1682,18,27,17,15
1683,18,27,28,41
1684,18,27,41,49
1685,18,27,41,20
1686,18,27,29,46
1687,18,27,42,11
1688,18,27,40,16
1689,18,27,23,33
1690,18,27,24,16
1691,18,27,22,23
1692,18,27,45,44
1693,18,27,28,16
1694,18,27,21,43
1695,18,27,22,46
1696,18,27,34,22
1697,18,27,48,31
1698,18,27,24,28
1699,18,27,22,10
1700,18,27,17,29
1701,18,27,28,46
1702,18,27,25,13
1703,18,27,21,14
1704,18,27,24,24
1705,18,27,45,44
1706,18,27,32,45
1707,18,27,18,39
1708,18,27,49,30
1709,18,27,10,31
1710,18,27,34,44
1711,18,27,34,39
1712,18,27,13,40
1713,18,27,40,39
1714,18,27,10,16
1715,18,27,44,30
1716,18,27,49,49
1717,18,27,19,40
1718,18,27,11,40
1719,18,27,18,29
1720,18,27,38,16
1721,18,27,49,34
1722,18,27,40,39
1723,18,27,46,29
1724,18,27,36,20
1725,18,27,29,36
1726,18,27,19,23
1727,18,27,45,24
1728,18,27,10,10
1729,18,27,37,17
1730,18,27,24,40
1731,18,27,16,17
1732,18,27,18,35
1733,18,27,46,39
1734,18,27,37,43
1735,18,27,44,18
1736,18,27,26,32
1737,18,27,25,44
1738,18,27,19,43
1739,18,27,27,22
1740,18,27,40,27
1741,18,27,38,15
1742,18,27,22,29
1743,18,27,39,47
1744,18,27,44,20
1745,18,27,35,44
1746,18,27,38,23
1747,18,27,22,13
1748,18,27,42,39
1749,18,27,37,44
1750,18,27,46,21
1751,18,27,47,23
1752,18,27,27,38
1753,18,27,10,20
1754,18,27,16,21
1755,18,27,27,16
1756,18,27,34,17
1757,18,27,26,12
1758,18,27,33,20
1759,18,27,33,10
1760,18,27,18,37
1761,18,27,18,22
1762,18,27,11,20
1763,18,27,19,23
1764,18,27,38,49
1765,18,27,44,43
1766,18,27,39,25
1767,18,27,40,47
1768,18,27,23,26
1769,18,27,10,37
1770,18,27,49,27
1771,18,27,28,47
1772,18,27,35,27
1773,18,27,19,11
1774,18,27,45,28
1775,18,27,38,10
1776,18,27,36,14
1777,18,27,10,26
1778,18,27,30,11
1779,18,27,22,29
1780,18,27,14,26
1781,18,27,18,44
1782,18,27,25,25
1783,18,27,11,22
1784,18,27,28,46
1785,18,27,19,17
1786,18,27,43,42
1787,18,27,41,15
1788,18,27,49,11
1789,18,27,28,31
1790,18,27,12,26
1791,18,27,48,36
1792,18,27,48,33
1793,18,27,29,16
1794,18,27,30,10
1795,18,27,26,13
1796,18,27,12,37
1797,18,27,11,34
1798,18,27,19,34
1799,18,27,24,44
1800,18,27,47,43
1801,18,27,16,39
1802,18,27,15,32
1803,18,27,11,43
1804,18,27,40,47
1805,18,27,22,47
1806,18,27,21,38
1807,18,27,12,29
1808,18,27,28,17
1809,18,27,48,35
1810,18,27,46,10
1811,18,27,30,49
1812,18,27,35,47
1813,18,27,36,35
1814,18,27,43,41
1815,18,27,29,24
1816,18,27,25,16
1817,18,27,49,28
1818,18,27,46,24
1819,18,27,38,14
1820,18,27,29,23
1821,18,27,27,18
1822,18,27,14,32
1823,18,27,42,38
1824,18,27,18,32
1825,18,27,36,21
1826,18,27,34,15
1827,18,27,46,49
1828,18,27,41,14
1829,18,27,27,26
1830,18,27,41,39
1831,18,27,39,12
1832,18,27,28,45
1833,18,27,20,23
1834,18,27,47,25
1835,18,27,42,24
1836,18,27,11,41
1837,18,27,15,31
1838,18,27,26,25
1839,18,27,19,18
1840,18,27,49,10
1841,18,27,20,11
1842,18,27,44,34
1843,18,27,18,33
1844,18,27,30,22
1845,18,27,36,25
1846,18,27,24,41
1847,18,27,17,27
1848,18,27,27,40
1849,18,27,16,14
1850,18,27,40,47
1851,18,27,10,45
1852,18,27,21,44
1853,18,27,15,47
1854,18,27,39,17
1855,18,27,33,38
1856,18,27,26,30
1857,18,27,17,35
1858,18,27,14,14
1859,18,27,19,13
1860,18,27,48,40
1861,18,27,32,31
1862,18,27,31,35
1863,18,27,35,22
1864,18,27,24,47
1865,18,27,33,15
1866,18,27,18,10
1867,18,27,42,47
1868,18,27,40,21
1869,18,27,34,48
1870,18,27,41,15
1871,18,27,42,16
1872,18,27,22,43
1873,18,27,44,11
1874,18,27,38,37
1875,18,27,19,11
1876,18,27,15,46
1877,18,27,42,15
1878,18,27,19,36
1879,18,27,40,41
1880,18,27,23,48
1881,18,27,42,33
1882,18,27,34,45
1883,18,27,18,22
1884,18,27,46,40
1885,18,27,47,35
1886,18,27,48,47
1887,18,27,49,15
1888,18,27,36,46
1889,18,27,42,14
1890,18,27,45,43
1891,18,27,49,23
1892,18,27,37,39
1893,18,27,49,40
1894,18,27,36,12
1895,18,27,49,34
1896,18,27,16,33
1897,18,27,48,32
1898,18,27,26,28
1899,18,27,45,41
1900,18,27,24,39
1901,18,27,19,15
1902,18,27,28,47
1903,18,27,27,26
1904,18,27,14,10
1905,18,27,10,34
1906,18,27,30,40
1907,18,27,36,30
1908,18,27,40,35
1909,18,27,28,16
1910,18,27,27,40
1911,18,27,46,11
1912,18,27,11,36
1913,18,27,11,38
1914,18,27,25,49
1915,18,27,38,35
1916,18,27,23,45
1917,18,27,24,26
1918,18,27,43,19
1919,18,27,13,25
1920,18,27,29,36
1921,18,27,45,48
1922,18,27,39,17
1923,18,27,34,10
1924,18,27,25,32
1925,18,27,29,23
1926,18,27,17,42
1927,18,27,30,18
1928,18,27,12,19
1929,18,27,19,47
1930,18,27,27,16
1931,18,27,34,19
1932,18,27,16,25
1933,18,27,25,20
1934,18,27,46,42
1935,18,27,45,45
1936,18,27,45,49
1937,18,27,23,24
1938,18,27,28,35
1939,18,27,18,43
1940,18,27,22,44
1941,18,27,28,32
1942,18,27,48,13
1943,18,27,22,32
1944,18,27,25,19
1945,18,27,26,14
1946,18,27,15,28
1947,18,27,45,10
1948,18,27,23,17
1949,18,27,37,37
1950,18,27,49,19
1951,18,27,43,12
1952,18,27,33,19
1953,18,27,25,36
1954,18,27,32,17
1955,18,27,16,38
1956,18,27,33,12
1957,18,27,42,14
1958,18,27,43,43
1959,18,27,29,49
1960,18,27,10,22
1961,18,27,22,30
1962,18,27,16,12
1963,18,27,13,38
1964,18,27,17,33
1965,18,27,41,30
1966,18,27,35,42
1967,18,27,49,24
1968,18,27,24,21
1969,18,27,19,16
1970,18,27,17,37
1971,18,27,15,17
1972,18,27,37,18
1973,18,27,32,24
1974,18,27,28,17
1975,18,27,38,32
1976,18,27,14,10
1977,18,27,33,22
1978,18,27,31,38
1979,18,27,15,14
1980,18,27,13,16
1981,18,27,11,22
1982,18,27,25,43
1983,18,27,10,15
1984,18,27,27,11
1985,18,27,35,12
1986,18,27,18,47
1987,18,27,46,36
1988,18,27,20,21
1989,18,27,37,21
1990,18,27,25,48
1991,18,27,48,19
1992,18,27,15,44
1993,18,27,45,17
1994,18,27,27,28
1995,18,27,44,11
1996,18,27,39,23
1997,18,27,46,23
1998,18,27,12,24
1999,18,27,10,33
2000,18,27,34,36
2001,18,27,41,45
2002,18,27,13,10
2003,18,27,24,20
2004,18,27,44,35
2005,18,27,49,31
2006,18,27,39,46
2007,18,27,37,42
2008,18,27,44,47
2009,18,27,41,13
2010,18,27,31,15
2011,18,27,37,49
2012,18,27,28,35
2013,18,27,44,26
2014,18,27,14,23
2015,18,27,10,36
2016,18,27,15,15
2017,18,27,27,30
2018,18,27,35,41
2019,18,27,22,48
2020,18,27,36,31
2021,18,27,26,24
2022,18,27,26,43
2023,18,27,13,30
2024,18,27,40,45
2025,18,27,13,10
2026,18,27,12,31
2027,18,27,35,14
2028,18,27,35,24
2029,18,27,13,32
2030,18,27,11,25
2031,18,27,18,37
2032,18,27,15,18
2033,18,27,19,40
2034,18,27,42,32
2035,18,27,35,10
2036,18,27,36,11
2037,18,27,11,21
2038,18,27,39,15
2039,18,27,45,38
2040,18,27,20,16
2041,18,27,34,14
2042,18,27,48,47
2043,18,27,37,31
2044,18,27,45,33
2045,18,27,26,38
2046,18,27,42,40
2047,18,27,20,39
2048,18,27,45,35
2049,18,27,11,41
2050,18,27,45,37
2051,18,27,47,26
2052,18,27,33,34
2053,18,27,47,14
2054,18,27,16,33
2055,18,27,31,34
2056,18,27,27,45
2057,18,27,42,12
2058,18,27,37,24
2059,18,27,40,35
2060,18,27,14,37
2061,18,27,42,49
2062,18,27,47,45
2063,18,27,24,42
2064,18,27,36,18
2065,18,27,11,43
2066,18,27,27,13
2067,18,27,39,25
2068,18,27,36,17
2069,18,27,16,37
2070,18,27,27,33
2071,18,27,15,12
2072,18,27,18,31
2073,18,27,33,33
2074,18,27,49,28
2075,18,27,41,21
2076,18,27,13,19
2077,18,27,35,33
2078,18,27,28,15
2079,18,27,26,27
2080,18,27,36,36
2081,18,27,37,45
2082,18,27,25,47
2083,18,27,49,46
2084,18,27,21,12
2085,18,27,13,12
2086,18,27,10,25
2087,18,27,48,33
2088,18,27,23,47
2089,18,27,15,29
2090,18,27,19,31
2091,18,27,36,39
2092,18,27,29,47
2093,18,27,43,27
2094,18,27,25,15
2095,18,27,34,36
2096,18,27,36,21
2097,18,27,31,31
2098,18,27,17,29
2099,18,27,14,29
2100,18,27,38,18
2101,18,27,14,12
2102,18,27,26,28
2103,18,27,28,38
2104,18,27,27,13
2105,18,27,39,23
2106,18,27,11,49
2107,18,27,27,37
2108,18,27,29,26
2109,18,27,27,45
2110,18,27,27,47
2111,18,27,15,40
2112,18,27,27,41
2113,18,27,23,27
2114,18,27,14,30
2115,18,27,42,39
2116,18,27,25,41
2117,18,27,18,31
2118,18,27,12,46
2119,18,27,37,19
2120,18,27,35,22
2121,18,27,25,17
2122,18,27,39,19
2123,18,27,27,49
2124,18,27,12,41
2125,18,27,38,32
2126,18,27,29,48
2127,18,27,30,37
2128,18,27,17,23
2129,18,27,25,44
2130,18,27,28,47
2131,18,27,40,10
2132,18,27,32,18
2133,18,27,18,15
2134,18,27,49,23
2135,18,27,34,29
2136,18,27,22,43
2137,18,27,32,37
2138,18,27,31,10
2139,18,27,35,21
2140,18,27,49,26
2141,18,27,11,44
2142,18,27,10,16
2143,18,27,15,21
2144,18,27,37,32
2145,18,27,22,26
2146,18,27,28,36
2147,18,27,25,42
2148,18,27,43,24
2149,18,27,18,22
2150,18,27,36,35
2151,18,27,14,29
2152,18,27,21,19
2153,18,27,26,15
2154,18,27,30,22
2155,18,27,34,19
2156,18,27,22,15
2157,18,27,32,42
2158,18,27,26,23
2159,18,27,21,47
2160,18,27,46,35
2161,18,27,37,47
2162,18,27,11,48
2163,18,27,12,14
2164,18,27,38,21
2165,18,27,48,27
2166,18,27,13,20
2167,18,27,39,16
2168,18,27,31,40
2169,18,27,29,35
2170,18,27,48,30
2171,18,27,13,16
2172,18,27,46,22
2173,18,27,45,41
2174,18,27,43,34
2175,18,27,35,38
2176,18,27,48,41
2177,18,27,32,19
2178,18,27,14,31
2179,18,27,36,36
2180,18,27,48,38
2181,18,27,36,22
2182,18,27,37,47
2183,18,27,21,24
2184,18,27,34,16
2185,18,27,29,26
2186,18,27,41,36
2187,18,27,48,17
2188,18,27,38,34
2189,18,27,24,19
2190,18,27,23,40
2191,18,27,47,24
2192,18,27,38,12
2193,18,27,49,14
2194,18,27,48,24
2195,18,27,26,42
2196,18,27,42,37
2197,18,27,30,33
2198,18,27,15,25
2199,18,27,22,36
2200,18,27,37,23
2201,18,27,18,22
2202,18,27,29,44
2203,18,27,38,12
2204,18,27,39,19
2205,18,27,30,28
2206,18,27,42,36
2207,18,27,24,23
2208,18,27,22,26
2209,18,27,29,11
2210,18,27,32,35
2211,18,27,34,20
2212,18,27,11,22
2213,18,27,21,24
2214,18,27,43,21
2215,18,27,24,10
2216,18,27,27,13
2217,18,27,28,14
2218,18,27,18,37
2219,18,27,14,22
2220,18,27,33,27
2221,18,27,24,29
2222,18,27,17,39
2223,18,27,40,24
2224,18,27,40,21
2225,18,27,35,38
2226,18,27,49,37
2227,18,27,30,39
2228,18,27,14,49
2229,18,27,33,19
2230,18,27,17,22
2231,18,27,39,36
2232,18,27,45,46
2233,18,27,49,46
2234,18,27,38,28
2235,18,27,44,26
2236,18,27,26,29
2237,18,27,20,38
2238,18,27,34,23
2239,18,27,39,37
2240,18,27,32,30
2241,18,27,30,26
2242,18,27,20,39
2243,18,27,35,46
2244,18,27,26,45
2245,18,27,46,23
2246,18,27,11,24
2247,18,27,12,22
2248,18,27,38,39
2249,18,27,24,40
2250,18,27,25,35
2251,18,27,29,24
2252,18,27,20,42
2253,18,27,15,23
2254,18,27,16,34
2255,18,27,47,24
2256,18,27,42,33
2257,18,27,42,41
2258,18,27,30,18
2259,18,27,39,11
2260,18,27,11,10
2261,18,27,28,35
2262,18,27,14,12
2263,18,27,23,47
2264,18,27,41,42
2265,18,27,41,34
2266,18,27,33,40
2267,18,27,11,13
2268,18,27,48,36
2269,18,27,36,42
2270,18,27,32,22
2271,18,27,14,32
2272,18,27,36,42
2273,18,27,32,33
2274,18,27,27,11
2275,18,27,32,15
2276,18,27,30,46
2277,18,27,39,43
2278,18,27,29,33
2279,18,27,38,24
2280,18,27,46,39
2281,18,27,13,38
2282,18,27,45,36
2283,18,27,28,17
2284,18,27,37,23
2285,18,27,32,35
2286,18,27,25,12
2287,18,27,23,15
2288,18,27,46,41
2289,18,27,38,34
2290,18,27,15,31
2291,18,27,19,33
2292,18,27,47,45
2293,18,27,15,17
2294,18,27,31,11
2295,18,27,36,19
2296,18,27,44,11
2297,18,27,38,28
2298,18,27,45,26
2299,18,27,43,22
2300,18,27,49,40
2301,18,27,27,12
2302,18,27,42,14
2303,18,27,11,16
2304,18,27,10,47
2305,18,27,12,26
2306,18,27,11,12
2307,18,27,23,11
2308,18,27,16,29
2309,18,27,21,19
2310,18,27,23,30
2311,18,27,41,41
2312,18,27,28,25
2313,18,27,26,27
2314,18,27,12,32
2315,18,27,26,37
2316,18,27,23,17
2317,18,27,24,49
2318,18,27,12,17
2319,18,27,36,18
2320,18,27,25,10
2321,18,27,42,47
2322,18,27,46,36
2323,18,27,46,38
2324,18,27,15,27
2325,18,27,34,35
2326,18,27,28,38
2327,18,27,14,26
2328,18,27,27,10
2329,18,27,46,17
2330,18,27,19,35
2331,18,27,19,19
2332,18,27,35,27
2333,18,27,36,41
2334,18,27,28,25
2335,18,27,37,42
2336,18,27,19,39
2337,18,27,44,28
2338,18,27,38,18
2339,18,27,35,35
2340,18,27,45,29
2341,18,27,35,13
2342,18,27,19,49
2343,18,27,39,24
2344,18,27,39,18
2345,18,27,44,26
2346,18,27,19,12
2347,18,27,26,49
2348,18,27,45,21
2349,18,27,42,34
2350,18,27,31,20
2351,18,27,34,19
2352,18,27,14,38
2353,18,27,29,31
2354,18,27,22,16
2355,18,27,16,10
2356,18,27,36,36
2357,18,27,26,41
2358,18,27,35,43
2359,18,27,46,41
2360,18,27,36,35
2361,18,27,19,41
2362,18,27,42,21
2363,18,27,25,37
2364,18,27,11,16
2365,18,27,19,24
2366,18,27,12,27
2367,18,27,15,43
2368,18,27,37,11
2369,18,27,37,11
2370,18,27,14,12
2371,18,27,28,27
2372,18,27,15,32
2373,18,27,24,28
2374,18,27,20,20
2375,18,27,37,30
2376,18,27,40,23
2377,18,27,44,19
2378,18,27,10,10
2379,18,27,32,29
2380,18,27,10,30
2381,18,27,14,38
2382,18,27,17,14
2383,18,27,34,20
2384,18,27,12,44
2385,18,27,25,48
2386,18,27,33,16
2387,18,27,49,38
2388,18,27,31,38
2389,18,27,33,23
2390,18,27,12,13
2391,18,27,34,33
2392,18,27,38,41
2393,18,27,16,30
2394,18,27,21,34
2395,18,27,45,44
2396,18,27,15,35
2397,18,27,32,23
2398,18,27,47,17
2399,18,27,14,16
2400,18,27,35,41
2401,18,27,45,20
2402,18,27,15,31
2403,18,27,27,37
2404,18,27,39,14
2405,18,27,41,24
2406,18,27,24,43
2407,18,27,24,32
2408,18,27,45,39
2409,18,27,13,22
2410,18,27,14,16
2411,18,27,38,20
2412,18,27,27,37
2413,18,27,27,34
2414,18,27,25,38
2415,18,27,38,21
2416,18,27,35,47
2417,18,27,15,33
2418,18,27,31,34
2419,18,27,14,41
2420,18,27,11,18
2421,18,27,41,44
2422,18,27,18,22
2423,18,27,19,13
2424,18,27,41,37
2425,18,27,35,25
2426,18,27,38,18
2427,18,27,43,26
2428,18,27,43,11
2429,18,27,38,36
2430,18,27,45,31
2431,18,27,41,13
2432,18,27,16,31
2433,18,27,30,13
2434,18,27,36,40
2435,18,27,31,31
2436,18,27,11,25
2437,18,27,11,39
2438,18,27,29,41
2439,18,27,32,34
2440,18,27,46,10
2441,18,27,29,31
2442,18,27,27,40
2443,18,27,44,29
2444,18,27,12,29
2445,18,27,37,29
2446,18,27,30,46
2447,18,27,46,11
2448,18,27,14,35
2449,18,27,30,38
2450,18,27,11,14
2451,18,27,41,45
2452,18,27,15,28
2453,18,27,42,16
2454,18,27,22,10
2455,18,27,38,29
2456,18,27,14,26
2457,18,27,49,33
2458,18,27,22,46
2459,18,27,28,40
2460,18,27,32,14
2461,18,27,18,25
2462,18,27,32,40
2463,18,27,24,13
2464,18,27,12,35
2465,18,27,36,10
2466,18,27,43,47
2467,18,27,16,29
2468,18,27,38,32
2469,18,27,35,47
2470,18,27,23,19
2471,18,27,30,13
2472,18,27,24,32
2473,18,27,14,12
2474,18,27,14,36
2475,18,27,26,27
2476,18,27,41,16
2477,18,27,21,38
2478,18,27,36,23
2479,18,27,24,40
2480,18,27,16,39
2481,18,27,34,10
2482,18,27,45,22
2483,18,27,27,22
2484,18,27,47,28
2485,18,27,18,28
2486,18,27,48,27
2487,18,27,47,47
2488,18,27,44,46
2489,18,27,35,20
2490,18,27,13,12
2491,18,27,38,21
2492,18,27,29,34
2493,18,27,45,16
2494,18,27,39,25
2495,18,27,48,39
2496,18,27,46,11
2497,18,27,41,37
2498,18,27,23,13
2499,18,27,24,45
2500,18,27,24,16
2501,18,27,41,19
2502,18,27,33,26
2503,18,27,13,33
2504,18,27,48,37
2505,18,27,15,24
2506,18,27,33,26
2507,18,27,12,48
2508,18,27,39,14
2509,18,27,37,46
2510,18,27,28,38
2511,18,27,30,19
2512,18,27,29,35
2513,18,27,47,29
2514,18,27,48,32
2515,18,27,37,37
2516,18,27,18,41
2517,18,27,10,32
2518,18,27,36,14
2519,18,27,27,24
2520,18,27,10,27
2521,18,27,47,23
2522,18,27,16,15
2523,18,27,25,10
2524,18,27,28,19
2525,18,27,31,13
2526,18,27,33,26
2527,18,27,15,30
2528,18,27,20,28
2529,18,27,25,42
2530,18,27,39,28
2531,18,27,15,21
2532,18,27,44,47
2533,18,27,39,15
2534,18,27,31,30
2535,18,27,17,40
2536,18,27,48,46
2537,18,27,11,17
2538,18,27,47,45
2539,18,27,11,25
2540,18,27,35,19
2541,18,27,16,16
2542,18,27,16,43
2543,18,27,46,34
2544,18,27,40,35
2545,18,27,36,24
2546,18,27,41,26
2547,18,27,48,28
2548,18,27,46,35
2549,18,27,29,45
2550,18,27,38,25
2551,18,27,24,42
2552,18,27,20,41
2553,18,27,32,22
2554,18,27,49,11
2555,18,27,40,11
2556,18,27,42,45
2557,18,27,49,32
2558,18,27,44,30
2559,18,27,23,29
2560,18,27,34,47
2561,18,27,34,18
2562,18,27,46,29
2563,18,27,30,11
2564,18,27,43,22
2565,18,27,17,48
2566,18,27,32,20
2567,18,27,10,18
2568,18,27,46,44
2569,18,27,49,19
2570,18,27,48,14
2571,18,27,18,11
2572,18,27,14,36
2573,18,27,10,44
2574,18,27,45,15
2575,18,27,12,35
2576,18,27,16,16
2577,18,27,16,35
2578,18,27,38,49
2579,18,27,47,19
2580,18,27,24,14
2581,18,27,48,12
2582,18,27,11,35
2583,18,27,22,15
2584,18,27,37,26
2585,18,27,42,12
2586,18,27,38,47
2587,18,27,32,42
2588,18,27,40,39
2589,18,27,13,38
2590,18,27,32,18
2591,18,27,16,21
2592,18,27,18,28
2593,18,27,39,10
2594,18,27,43,30
2595,18,27,33,41
2596,18,27,42,10
2597,18,27,20,43
2598,18,27,20,32
2599,18,27,20,19
2600,18,27,31,48
2601,18,27,38,46
2602,18,27,19,36
2603,18,27,26,40
2604,18,27,15,11
2605,18,27,18,20
2606,18,27,42,48
2607,18,27,16,43
2608,18,27,24,21
2609,18,27,44,17
2610,18,27,39,14
2611,18,27,42,19
2612,18,27,46,32
2613,18,27,37,40
2614,18,27,47,21
2615,18,27,41,42
2616,18,27,36,31
2617,18,27,42,43
2618,18,27,39,40
2619,18,27,44,10
2620,18,27,44,42
2621,18,27,20,41
2622,18,27,49,36
2623,18,27,32,29
2624,18,27,22,27
2625,18,27,17,37
2626,18,27,28,18
2627,18,27,10,32
2628,18,27,36,28
2629,18,27,49,37
2630,18,27,12,43
2631,18,27,12,28
2632,18,27,44,41
2633,18,27,22,41
2634,18,27,14,42
2635,18,27,49,41
2636,18,27,37,39
2637,18,27,19,34
2638,18,27,46,34
2639,18,27,42,12
2640,18,27,47,36
2641,18,27,35,22
2642,18,27,37,22
2643,18,27,28,11
2644,18,27,35,23
2645,18,27,25,22
2646,18,27,49,24
2647,18,27,18,39
2648,18,27,18,41
2649,18,27,35,17
2650,18,27,17,46
2651,18,27,49,24
2652,18,27,19,42
2653,18,27,34,23
2654,18,27,27,14
2655,18,27,15,45
2656,18,27,31,39
2657,18,27,46,22
2658,18,27,42,28
2659,18,27,48,30
2660,18,27,12,13
2661,18,27,18,45
2662,18,27,38,13
2663,18,27,24,44
2664,18,27,25,17
2665,18,27,17,28
2666,18,27,10,12
2667,18,27,47,39
2668,18,27,10,10
2669,18,27,15,24
2670,18,27,45,49
2671,18,27,32,16
2672,18,27,24,16
2673,18,27,15,14
2674,18,27,12,37
2675,18,27,23,22
2676,18,27,11,43
2677,18,27,25,29
2678,18,27,17,24
2679,18,27,24,18
2680,18,27,28,48
2681,18,27,41,37
2682,18,27,41,34
2683,18,27,18,38
2684,18,27,34,49
2685,18,27,21,39
2686,18,27,15,10
2687,18,27,49,12
2688,18,27,46,26
2689,18,27,33,11
2690,18,27,21,31
2691,18,27,23,47
2692,18,27,38,43
2693,18,27,24,38
2694,18,27,21,36
2695,18,27,39,15
2696,18,27,38,27
2697,18,27,44,42
2698,18,27,31,26
2699,18,27,42,37
2700,18,27,16,42
2701,18,27,19,20
2702,18,27,37,21
2703,18,27,41,10
2704,18,27,48,13
2705,18,27,35,14
2706,18,27,27,32
2707,18,27,10,31
2708,18,27,27,40
2709,18,27,29,17
2710,18,27,33,35
2711,18,27,18,15
2712,18,27,35,39
2713,18,27,45,10
2714,18,27,20,27
2715,18,27,47,20
2716,18,27,19,44
2717,18,27,35,31
2718,18,27,26,20
2719,18,27,43,48
2720,18,27,33,10
2721,18,27,28,11
2722,18,27,24,34
2723,18,27,28,25
2724,18,27,47,29
2725,18,27,20,40
2726,18,27,32,44
2727,18,27,26,18
2728,18,27,38,34
2729,18,27,34,49
2730,18,27,45,25
2731,18,27,49,13
2732,18,27,41,35
2733,18,27,28,21
2734,18,27,26,19
2735,18,27,13,21
2736,18,27,47,37
2737,18,27,44,21
2738,18,27,18,11
2739,18,27,39,42
2740,18,27,29,40
2741,18,27,28,39
2742,18,27,11,20
2743,18,27,47,12
2744,18,27,44,32
2745,18,27,33,13
2746,18,27,26,35
2747,18,27,40,13
2748,18,27,22,17
2749,18,27,25,11
2750,18,27,22,28
2751,18,27,16,37
2752,18,27,49,31
2753,18,27,31,45
2754,18,27,21,38
2755,18,27,17,28
2756,18,27,42,47
2757,18,27,30,18
2758,18,27,22,32
2759,18,27,18,15
2760,18,27,16,17
2761,18,27,29,44
2762,18,27,31,48
2763,18,27,21,34
2764,18,27,34,31
2765,18,27,23,38
2766,18,27,18,10
2767,18,27,33,13
2768,18,27,44,31
2769,18,27,42,10
2770,18,27,15,46
2771,18,27,20,41
2772,18,27,42,34
2773,18,27,17,29
2774,18,27,18,11
2775,18,27,39,45
2776,18,27,39,41
2777,18,27,45,37
2778,18,27,20,49
2779,18,27,35,28
2780,18,27,14,42
2781,18,27,41,49
2782,18,27,16,33
2783,18,27,47,22
2784,18,27,40,48
2785,18,27,29,15
2786,18,27,18,29
2787,18,27,49,31
2788,18,27,46,10
2789,18,27,41,32
2790,18,27,25,26
2791,18,27,39,34
2792,18,27,40,25
2793,18,27,27,14
2794,18,27,23,49
2795,18,27,12,36
2796,18,27,32,47
2797,18,27,25,22
2798,18,27,40,40
2799,18,27,43,11
2800,18,27,26,22
2801,18,27,18,47
2802,18,27,15,42
2803,18,27,38,14
2804,18,27,33,12
2805,18,27,21,20
2806,18,27,37,23
2807,18,27,18,16
2808,18,27,10,31
2809,18,27,12,11
2810,18,27,37,30
2811,18,27,40,33
2812,18,27,46,17
2813,18,27,40,44
2814,18,27,47,22
2815,18,27,25,12
2816,18,27,24,28
2817,18,27,14,41
2818,18,27,34,46
2819,18,27,19,26
2820,18,27,37,17
2821,18,27,36,14
2822,18,27,28,15
2823,18,27,21,13
2824,18,27,38,15
2825,18,27,24,47
2826,18,27,21,31
2827,18,27,11,47
2828,18,27,38,30
2829,18,27,17,21
2830,18,27,49,45
2831,18,27,29,45
2832,18,27,48,34
2833,18,27,35,43
2834,18,27,26,30
2835,18,27,10,27
2836,18,27,37,27
2837,18,27,23,35
2838,18,27,40,10
2839,18,27,20,22
2840,18,27,29,33
2841,18,27,42,42
2842,18,27,45,40
2843,18,27,29,25
2844,18,27,21,18
2845,18,27,43,40
2846,18,27,16,24
2847,18,27,40,38
2848,18,27,12,23
2849,18,27,42,19
2850,18,27,31,20
2851,18,27,38,24
2852,18,27,44,20
2853,18,27,35,32
2854,18,27,31,45
2855,18,27,17,15
2856,18,27,38,41
2857,18,27,19,24
2858,18,27,48,15
2859,18,27,12,37
2860,18,27,16,47
2861,18,27,20,44
2862,18,27,20,13
2863,18,27,26,15
2864,18,27,19,35
2865,18,27,25,34
2866,18,27,43,48
2867,18,27,32,42
2868,18,27,26,16
2869,18,27,21,49
2870,18,27,42,48
2871,18,27,27,18
2872,18,27,10,29
2873,18,27,35,27
2874,18,27,48,23
2875,18,27,15,49
2876,18,27,15,48
2877,18,27,14,12
2878,18,27,28,24
2879,18,27,30,48
2880,18,27,32,19
2881,18,27,15,37
2882,18,27,39,47
2883,18,27,16,43
2884,18,27,12,17
2885,18,27,22,32
2886,18,27,22,24
2887,18,27,26,45
2888,18,27,32,27
2889,18,27,25,47
2890,18,27,49,27
2891,18,27,32,48
2892,18,27,18,44
2893,18,27,42,10
2894,18,27,35,24
2895,18,27,42,32
2896,18,27,35,23
2897,18,27,17,32
2898,18,27,40,22
2899,18,27,41,35
2900,18,27,32,14
2901,18,27,13,10
2902,18,27,27,32
2903,18,27,47,19
2904,18,27,21,31
2905,18,27,39,15
2906,18,27,28,21
2907,18,27,45,43
2908,18,27,46,18
2909,18,27,16,10
2910,18,27,32,43
2911,18,27,13,36
2912,18,27,44,44
2913,18,27,10,36
2914,18,27,20,34
2915,18,27,39,22
2916,18,27,48,47
2917,18,27,40,47
2918,18,27,36,43
2919,18,27,11,10
2920,18,27,27,38
2921,18,27,38,31
2922,18,27,39,37
2923,18,27,19,42
2924,18,27,26,25
2925,18,27,33,19
2926,18,27,36,38
2927,18,27,49,47
2928,18,27,14,45
2929,18,27,45,12
2930,18,27,33,22
2931,18,27,11,35
2932,18,27,44,25
2933,18,27,43,18
2934,18,27,12,17
2935,18,27,44,42
2936,18,27,45,44
2937,18,27,28,23
2938,18,27,42,32
2939,18,27,25,38
2940,18,27,28,28
2941,18,27,43,41
2942,18,27,26,41
2943,18,27,22,35
2944,18,27,16,33
2945,18,27,25,41
2946,18,27,17,24
2947,18,27,43,34
2948,18,27,15,39
2949,18,27,31,32
2950,18,27,34,40
2951,18,27,24,25
2952,18,27,46,24
2953,18,27,36,27
2954,18,27,19,31
2955,18,27,49,47
2956,18,27,30,31
2957,18,27,22,41
2958,18,27,41,33
2959,18,27,39,42
2960,18,27,15,38
2961,18,27,40,41
2962,18,27,21,11
2963,18,27,35,21
2964,18,27,16,10
2965,18,27,30,34
2966,18,27,42,28
2967,18,27,45,19
2968,18,27,31,46
2969,18,27,15,11
2970,18,27,14,38
2971,18,27,20,48
2972,18,27,37,33
2973,18,27,20,27
2974,18,27,47,38
2975,18,27,33,46
2976,18,27,24,47
2977,18,27,20,28
2978,18,27,27,18
2979,18,27,29,32
2980,18,27,49,48
2981,18,27,14,36
2982,18,27,44,28
2983,18,27,25,13
2984,18,27,13,42
2985,18,27,29,18
2986,18,27,30,21
2987,18,27,19,32
2988,18,27,27,12
2989,18,27,37,42
2990,18,27,33,13
2991,18,27,21,48
2992,18,27,24,18
2993,18,27,26,16
2994,18,27,30,30
2995,18,27,15,32
2996,18,27,13,20
2997,18,27,20,37
2998,18,27,26,11
2999,18,27,37,49
3000,18,27,48,33
3001,18,27,44,40
3002,18,27,20,10
3003,18,27,39,15
3004,18,27,48,28
3005,18,27,22,49
3006,18,27,39,20
3007,18,27,24,36
3008,18,27,16,41
3009,18,27,39,43
3010,18,27,11,32
3011,18,27,17,45
3012,18,27,27,33
3013,18,27,11,27
3014,18,27,24,21
3015,18,27,21,43
3016,18,27,29,43
3017,18,27,21,14
3018,18,27,45,27
3019,18,27,22,42
3020,18,27,13,37
3021,18,27,18,13
3022,18,27,14,45
3023,18,27,14,39
3024,18,27,35,23
3025,18,27,28,27
3026,18,27,22,26
3027,18,27,28,23
3028,18,27,31,31
3029,18,27,24,17
3030,18,27,14,39
3031,18,27,22,22
3032,18,27,46,34
3033,18,27,13,11
3034,18,27,31,33
3035,18,27,21,15
3036,18,27,32,37
3037,18,27,22,29
3038,18,27,43,17
3039,18,27,18,26
3040,18,27,43,11
3041,18,27,22,30
3042,18,27,42,38
3043,18,27,18,23
3044,18,27,16,46
3045,18,27,10,10
3046,18,27,13,36
3047,18,27,40,11
3048,18,27,41,17
3049,18,27,34,19
3050,18,27,16,14
3051,18,27,46,27
3052,18,27,13,48
3053,18,27,31,14
3054,18,27,37,27
3055,18,27,19,31
3056,18,27,38,27
3057,18,27,41,10
3058,18,27,42,11
3059,18,27,21,42
3060,18,27,28,18
3061,18,27,31,26
3062,18,27,31,14
3063,18,27,29,26
3064,18,27,46,49
3065,18,27,33,31
3066,18,27,42,22
3067,18,27,48,39
3068,18,27,16,34
3069,18,27,11,21
3070,18,27,22,25
3071,18,27,48,17
3072,18,27,36,46
3073,18,27,23,16
3074,18,27,13,24
3075,18,27,15,13
3076,18,27,11,22
3077,18,27,15,22
3078,18,27,44,48
3079,18,27,15,33
3080,18,27,49,34
3081,18,27,33,20
3082,18,27,21,49
3083,18,27,27,49
3084,18,27,43,35
3085,18,27,46,23
3086,18,27,13,33
3087,18,27,30,30
3088,18,27,13,36
3089,18,27,21,43
3090,18,27,41,14
3091,18,27,44,34
3092,18,27,49,36
3093,18,27,40,44
3094,18,27,23,22
3095,18,27,14,38
3096,18,27,26,37
3097,18,27,12,21
3098,18,27,22,10
3099,18,27,11,44
3100,18,27,23,49
3101,18,27,16,37
3102,18,27,42,44
3103,18,27,29,49
3104,18,27,49,35
3105,18,27,30,39
3106,18,27,20,43
3107,18,27,44,13
3108,18,27,36,48
3109,18,27,28,32
3110,18,27,23,30
3111,18,27,39,19
3112,18,27,40,32
3113,18,27,46,37
3114,18,27,22,15
3115,18,27,24,28
3116,18,27,26,19
3117,18,27,46,36
3118,18,27,29,42
3119,18,27,26,33
3120,18,27,30,34
3121,18,27,16,12
3122,18,27,44,25
3123,18,27,28,30
3124,18,27,28,14
3125,18,27,14,16
3126,18,27,33,14
3127,18,27,36,38
3128,18,27,12,40
3129,18,27,43,16
3130,18,27,27,44
3131,18,27,24,16
3132,18,27,34,41
3133,18,27,17,10
3134,18,27,31,15
3135,18,27,43,34
3136,18,27,17,40
3137,18,27,11,22
3138,18,27,26,22
3139,18,27,19,34
3140,18,27,25,10
3141,18,27,16,22
3142,18,27,19,39
3143,18,27,43,29
3144,18,27,20,38
3145,18,27,15,14
3146,18,27,26,23
3147,18,27,32,19
3148,18,27,39,13
3149,18,27,49,19
3150,18,27,24,26
3151,18,27,31,39
3152,18,27,34,41
3153,18,27,36,31
3154,18,27,28,47
3155,18,27,31,17
3156,18,27,17,24
3157,18,27,15,12
3158,18,27,30,16
3159,18,27,35,13
3160,18,27,16,17
3161,18,27,17,31
3162,18,27,25,40
3163,18,27,49,27
3164,18,27,48,30
3165,18,27,48,39
3166,18,27,46,34
3167,18,27,15,36
3168,18,27,26,19
3169,18,27,28,39
3170,18,27,35,17
3171,18,27,30,10
3172,18,27,28,49
3173,18,27,35,22
3174,18,27,13,32
3175,18,27,36,40
3176,18,27,34,47
3177,18,27,17,16
3178,18,27,17,38
3179,18,27,32,41
3180,18,27,43,39
3181,18,27,48,42
3182,18,27,30,26
3183,18,27,26,15
3184,18,27,27,31
3185,18,27,42,27
3186,18,27,17,30
3187,18,27,12,44
3188,18,27,11,20
3189,18,27,40,17
3190,18,27,43,44
3191,18,27,21,20
3192,18,27,34,42
3193,18,27,41,24
3194,18,27,37,35
3195,18,27,48,26
3196,18,27,41,34
3197,18,27,27,14
3198,18,27,33,33
3199,18,27,19,25
3200,18,27,21,48
3201,18,27,11,14
3202,18,27,42,26
3203,18,27,34,44
3204,18,27,45,16
3205,18,27,37,48
3206,18,27,12,34
3207,18,27,47,10
3208,18,27,28,44
3209,18,27,13,17
3210,18,27,31,37
3211,18,27,21,22
3212,18,27,45,27
3213,18,27,45,11
3214,18,27,29,35
3215,18,27,49,23
3216,18,27,36,48
3217,18,27,38,21
3218,18,27,45,29
3219,18,27,31,18
3220,18,27,29,32
3221,18,27,29,31
3222,18,27,12,43
3223,18,27,11,20
3224,18,27,12,15
3225,18,27,20,16
3226,18,27,44,34
3227,18,27,46,14
3228,18,27,24,40
3229,18,27,15,22
3230,18,27,42,13
3231,18,27,48,48
3232,18,27,11,46
3233,18,27,14,35
3234,18,27,34,44
3235,18,27,13,32
3236,18,27,34,42
3237,18,27,13,26
3238,18,27,14,35
3239,18,27,47,37
3240,18,27,22,16
3241,18,27,33,11
3242,18,27,41,46
3243,18,27,44,28
3244,18,27,32,34
3245,18,27,23,49
3246,18,27,39,31
3247,18,27,34,20
3248,18,27,29,19
3249,18,27,35,31
3250,18,27,10,27
3251,18,27,22,41
3252,18,27,16,45
3253,18,27,46,49
3254,18,27,21,14
3255,18,27,49,49
3256,18,27,38,31
3257,18,27,33,26
3258,18,27,11,17
3259,18,27,14,32
3260,18,27,17,25
3261,18,27,49,39
3262,18,27,22,19
3263,18,27,44,47
3264,18,27,37,10
3265,18,27,32,17
3266,18,27,10,44
3267,18,27,47,43
3268,18,27,28,13
3269,18,27,33,46
3270,18,27,40,26
3271,18,27,22,28
3272,18,27,46,49
3273,18,27,41,30
3274,18,27,25,34
3275,18,27,41,47
3276,18,27,30,38
3277,18,27,33,24
3278,18,27,25,48
3279,18,27,40,16
3280,18,27,18,49
3281,18,27,29,24
3282,18,27,35,21
3283,18,27,29,29
3284,18,27,43,16
3285,18,27,35,44
3286,18,27,36,23
3287,18,27,21,35
3288,18,27,44,21
3289,18,27,11,44
3290,18,27,33,11
3291,18,27,40,44
3292,18,27,13,41
3293,18,27,17,38
3294,18,27,32,40
3295,18,27,24,42
3296,18,27,15,46
3297,18,27,34,42
3298,18,27,17,41
3299,18,27,21,18
3300,18,27,15,19
3301,18,27,17,29
3302,18,27,16,49
3303,18,27,40,26
3304,18,27,16,33
3305,18,27,14,38
3306,18,27,36,34
3307,18,27,18,47
3308,18,27,10,37
3309,18,27,37,17
3310,18,27,45,13
3311,18,27,29,31
3312,18,27,45,41
3313,18,27,15,36
3314,18,27,48,46
3315,18,27,17,28
3316,18,27,43,49
3317,18,27,14,22
3318,18,27,45,25
3319,18,27,30,37
3320,18,27,43,23
3321,18,27,10,17
3322,18,27,45,24
3323,18,27,31,36
3324,18,27,25,16
3325,18,27,27,10
3326,18,27,31,31
3327,18,27,12,36
3328,18,27,28,16
3329,18,27,17,18
3330,18,27,44,29
3331,18,27,22,39
3332,18,27,39,11
3333,18,27,20,25
3334,18,27,18,37
3335,18,27,41,27
3336,18,27,32,40
3337,18,27,47,46
3338,18,27,38,44
3339,18,27,23,34
3340,18,27,36,33
3341,18,27,17,33
3342,18,27,49,28
3343,18,27,20,39
3344,18,27,48,37
3345,18,27,12,47
3346,18,27,24,38
3347,18,27,33,41
3348,18,27,19,46
3349,18,27,49,36
3350,18,27,32,38
3351,18,27,49,40
3352,18,27,39,13
3353,18,27,12,16
3354,18,27,19,28
3355,18,27,43,11
3356,18,27,29,20
3357,18,27,40,20
3358,18,27,25,11
3359,18,27,39,30
3360,18,27,35,48
3361,18,27,38,14
3362,18,27,49,47
3363,18,27,32,24
3364,18,27,43,36
3365,18,27,37,44
3366,18,27,18,44
3367,18,27,30,41
3368,18,27,23,27
3369,18,27,30,45
3370,18,27,10,31
3371,18,27,25,18
3372,18,27,47,32
3373,18,27,30,46
3374,18,27,10,13
3375,18,27,12,35
3376,18,27,26,37
3377,18,27,19,34
3378,18,27,15,17
3379,18,27,34,41
3380,18,27,12,38
3381,18,27,22,47
3382,18,27,20,13
3383,18,27,34,11
3384,18,27,15,41
3385,18,27,15,43
3386,18,27,17,44
3387,18,27,32,16
3388,18,27,41,26
3389,18,27,30,29
3390,18,27,45,18
3391,18,27,15,23
3392,18,27,42,37
3393,18,27,13,10
3394,18,27,32,35
3395,18,27,11,18
3396,18,27,17,43
3397,18,27,11,28
3398,18,27,17,49
3399,18,27,21,24
3400,18,27,17,28
3401,18,27,35,45
3402,18,27,17,35
3403,18,27,47,48
3404,18,27,43,38
3405,18,27,26,24
3406,18,27,30,15
3407,18,27,22,17
3408,18,27,47,17
3409,18,27,35,43
3410,18,27,45,10
3411,18,27,32,47
3412,18,27,34,23
3413,18,27,11,49
3414,18,27,26,33
3415,18,27,24,43
3416,18,27,22,18
3417,18,27,45,45
3418,18,27,39,34
3419,18,27,41,29
3420,18,27,49,22
3421,18,27,25,19
3422,18,27,12,35
3423,18,27,21,41
3424,18,27,40,33
3425,18,27,48,21
3426,18,27,32,13
3427,18,27,22,42
3428,18,27,24,32
3429,18,27,10,29
3430,18,27,39,38
3431,18,27,17,43
3432,18,27,49,48
3433,18,27,46,45
3434,18,27,18,29
3435,18,27,11,22
3436,18,27,38,12
3437,18,27,34,12
3438,18,27,45,14
3439,18,27,42,22
3440,18,27,26,25
3441,18,27,40,38
3442,18,27,46,28
3443,18,27,11,21
3444,18,27,39,12
3445,18,27,27,30
3446,18,27,37,31
3447,18,27,48,13
3448,18,27,38,25
3449,18,27,35,42
3450,18,27,25,19
3451,18,27,42,42
3452,18,27,46,36
3453,18,27,11,27
3454,18,27,14,27
3455,18,27,49,23
3456,18,27,25,44
3457,18,27,31,47
3458,18,27,46,44
3459,18,27,15,27
3460,18,27,47,33
3461,18,27,34,37
3462,18,27,27,37
3463,18,27,40,15
3464,18,27,20,39
3465,18,27,44,27
3466,18,27,41,19
3467,18,27,15,41
3468,18,27,19,40
3469,18,27,40,40
3470,18,27,32,36
3471,18,27,21,47
3472,18,27,25,49
3473,18,27,34,40
3474,18,27,14,31
3475,18,27,41,49
3476,18,27,25,49
3477,18,27,15,25
3478,18,27,10,23
3479,18,27,44,23
3480,18,27,47,19
3481,18,27,40,11
3482,18,27,21,13
3483,18,27,15,31
3484,18,27,18,21
3485,18,27,15,18
3486,18,27,44,45
3487,18,27,14,46
3488,18,27,33,19
3489,18,27,30,43
3490,18,27,46,36
3491,18,27,21,19
3492,18,27,16,29
3493,18,27,27,42
3494,18,27,19,32
3495,18,27,21,14
3496,18,27,30,43
3497,18,27,36,44
3498,18,27,10,32
3499,18,27,26,24
3500,18,27,23,46
3501,18,27,27,23
3502,18,27,48,16
3503,18,27,16,38
3504,18,27,30,41
3505,18,27,36,30
3506,18,27,14,46
3507,18,27,26,34
3508,18,27,18,16
3509,18,27,19,38
3510,18,27,22,21
3511,18,27,35,31
3512,18,27,14,17
3513,18,27,45,11
3514,18,27,34,21
3515,18,27,43,23
3516,18,27,13,13
3517,18,27,38,23
3518,18,27,32,44
3519,18,27,44,10
3520,18,27,28,36
3521,18,27,38,39
3522,18,27,23,34
3523,18,27,28,49
3524,18,27,42,48
3525,18,27,38,23
3526,18,27,22,26
3527,18,27,17,31
3528,18,27,42,38
3529,18,27,17,20
3530,18,27,35,35
3531,18,27,23,31
3532,18,27,32,27
3533,18,27,25,41
3534,18,27,41,48
3535,18,27,44,10
3536,18,27,29,40
3537,18,27,18,22
3538,18,27,28,19
3539,18,27,48,33
3540,18,27,24,45
3541,18,27,17,23
3542,18,27,35,13
3543,18,27,44,32
3544,18,27,43,18
3545,18,27,25,26
3546,18,27,29,43
3547,18,27,11,15
3548,18,27,15,34
3549,18,27,40,45
3550,18,27,47,37
3551,18,27,14,36
3552,18,27,18,37
3553,18,27,31,10
3554,18,27,49,32
3555,18,27,16,46
3556,18,27,45,49
3557,18,27,36,10
3558,18,27,44,17
3559,18,27,25,34
3560,18,27,40,38
3561,18,27,11,12
3562,18,27,13,19
3563,18,27,30,36
3564,18,27,13,34
3565,18,27,45,27
3566,18,27,16,37
3567,18,27,25,27
3568,18,27,24,46
3569,18,27,31,30
3570,18,27,47,20
3571,18,27,33,17
3572,18,27,41,23
3573,18,27,27,48
3574,18,27,11,27
3575,18,27,37,41
3576,18,27,32,48
3577,18,27,11,12
3578,18,27,38,36
3579,18,27,31,42
3580,18,27,18,15
3581,18,27,32,39
3582,18,27,17,45
3583,18,27,30,15
3584,18,27,40,39
3585,18,27,13,24
3586,18,27,27,49
3587,18,27,17,13
3588,18,27,29,45
3589,18,27,46,36
3590,18,27,40,44
3591,18,27,45,49
3592,18,27,39,30
3593,18,27,21,39
3594,18,27,18,42
3595,18,27,29,31
3596,18,27,41,12
3597,18,27,45,18
3598,18,27,46,30
3599,18,27,19,18
3600,18,27,37,25
3601,18,27,45,32
3602,18,27,37,11
3603,18,27,35,13
3604,18,27,10,33
3605,18,27,34,42
3606,18,27,21,34
3607,18,27,22,40
3608,18,27,27,29
3609,18,27,10,38
3610,18,27,44,35
3611,18,27,45,18
3612,18,27,26,14
3613,18,27,16,26
3614,18,27,41,18
3615,18,27,41,22
3616,18,27,35,20
3617,18,27,42,37
3618,18,27,48,30
3619,18,27,24,26
3620,18,27,19,13
3621,18,27,35,14
3622,18,27,45,35
3623,18,27,22,24
3624,18,27,44,42
3625,18,27,38,31
3626,18,27,35,34
3627,18,27,26,26
3628,18,27,35,45
3629,18,27,11,28
3630,18,27,21,37
3631,18,27,16,43
3632,18,27,27,36
3633,18,27,47,17
3634,18,27,45,48
3635,18,27,49,14
3636,18,27,41,38
3637,18,27,24,14
3638,18,27,33,24
3639,18,27,47,20
3640,18,27,29,18
3641,18,27,17,37
3642,18,27,44,36
3643,18,27,32,35
3644,18,27,25,16
3645,18,27,23,12
3646,18,27,25,27
3647,18,27,15,36
3648,18,27,41,46
3649,18,27,43,35
3650,18,27,13,31
3651,18,27,40,17
3652,18,27,33,32
3653,18,27,34,47
3654,18,27,48,26
3655,18,27,47,10
3656,18,27,28,48
3657,18,27,46,18
3658,18,27,36,22
3659,18,27,47,25
3660,18,27,13,20
3661,18,27,19,17
3662,18,27,25,43
3663,18,27,15,17
3664,18,27,41,14
3665,18,27,30,26
3666,18,27,21,49
3667,18,27,30,37
3668,18,27,11,48
3669,18,27,41,35
3670,18,27,23,11
3671,18,27,45,48
3672,18,27,37,34
3673,18,27,31,10
3674,18,27,10,26
3675,18,27,21,17
3676,18,27,15,36
3677,18,27,29,25
3678,18,27,13,35
3679,18,27,27,26
3680,18,27,23,45
3681,18,27,38,15
3682,18,27,46,12
3683,18,27,37,32
3684,18,27,33,12
3685,18,27,38,23
3686,18,27,39,43
3687,18,27,41,42
3688,18,27,35,41
3689,18,27,20,36
3690,18,27,30,32
3691,18,27,22,49
3692,18,27,11,37
3693,18,27,35,27
3694,18,27,33,17
3695,18,27,12,43
3696,18,27,10,20
3697,18,27,10,16
3698,18,27,19,10
3699,18,27,24,10
3700,18,27,17,25
3701,18,27,32,40
3702,18,27,29,29
3703,18,27,11,16
3704,18,27,24,36
3705,18,27,27,20
3706,18,27,22,21
3707,18,27,40,40
3708,18,27,27,27
3709,18,27,22,47
3710,18,27,38,21
3711,18,27,15,47
3712,18,27,23,36
3713,18,27,21,23
3714,18,27,35,32
3715,18,27,20,35
3716,18,27,42,10
3717,18,27,32,49
3718,18,27,20,23
3719,18,27,16,33
3720,18,27,24,30
3721,18,27,24,17
3722,18,27,16,33
3723,18,27,12,10
3724,18,27,21,17
3725,18,27,18,34
3726,18,27,29,32
3727,18,27,30,31
3728,18,27,30,46
3729,18,27,21,31
3730,18,27,27,35
3731,18,27,12,19
3732,18,27,49,35
3733,18,27,21,39
3734,18,27,30,49
3735,18,27,10,16
3736,18,27,34,16
3737,18,27,32,18
3738,18,27,29,48
3739,18,27,19,47
3740,18,27,26,33
3741,18,27,39,22
3742,18,27,33,18
3743,18,27,15,13
3744,18,27,41,19
3745,18,27,40,33
3746,18,27,12,32
3747,18,27,10,34
3748,18,27,17,34
3749,18,27,27,14
3750,18,27,26,47
3751,18,27,14,41
3752,18,27,45,24
3753,18,27,43,10
3754,18,27,26,18
3755,18,27,29,49
3756,18,27,37,48
3757,18,27,19,43
3758,18,27,25,21
3759,18,27,28,18
3760,18,27,26,12
3761,18,27,49,11
3762,18,27,27,15
3763,18,27,46,42
3764,18,27,20,41
3765,18,27,37,33
3766,18,27,39,39
3767,18,27,36,35
3768,18,27,19,21
3769,18,27,47,29
3770,18,27,38,24
3771,18,27,33,18
3772,18,27,31,19
3773,18,27,38,43
3774,18,27,11,28
3775,18,27,14,18
3776,18,27,33,30
3777,18,27,14,35
3778,18,27,30,35
3779,18,27,27,31
3780,18,27,17,13
3781,18,27,15,19
3782,18,27,12,39
3783,18,27,38,42
3784,18,27,36,16
3785,18,27,32,19
3786,18,27,28,38
3787,18,27,22,10
3788,18,27,30,45
3789,18,27,41,24
3790,18,27,42,20
3791,18,27,39,15
3792,18,27,15,19
3793,18,27,38,35
3794,18,27,17,18
3795,18,27,20,18
3796,18,27,22,18
3797,18,27,41,40
3798,18,27,27,47
3799,18,27,15,24
3800,18,27,21,46
3801,18,27,43,47
3802,18,27,26,32
3803,18,27,16,35
3804,18,27,23,44
3805,18,27,44,15
3806,18,27,29,11
3807,18,27,23,16
3808,18,27,22,14
3809,18,27,33,12
3810,18,27,47,29
3811,18,27,13,19
3812,18,27,17,38
3813,18,27,28,21
3814,18,27,39,36
3815,18,27,36,31
3816,18,27,15,18
3817,18,27,43,21
3818,18,27,22,21
3819,18,27,16,36
3820,18,27,23,31
3821,18,27,18,29
3822,18,27,38,32
3823,18,27,30,28
3824,18,27,25,42
3825,18,27,24,44
3826,18,27,24,48
3827,18,27,39,30
3828,18,27,29,18
3829,18,27,14,11
3830,18,27,34,16
3831,18,27,42,16
3832,18,27,45,25
3833,18,27,33,19
3834,18,27,28,48
3835,18,27,46,19
3836,18,27,33,29
3837,18,27,40,43
3838,18,27,38,45
3839,18,27,22,31
3840,18,27,24,13
3841,18,27,12,43
3842,18,27,25,20
3843,18,27,39,17
3844,18,27,27,49
3845,18,27,42,12
3846,18,27,33,19
3847,18,27,14,37
3848,18,27,25,33
3849,18,27,11,16
3850,18,27,39,19
3851,18,27,48,21
3852,18,27,37,33
3853,18,27,49,13
3854,18,27,48,15
3855,18,27,14,37
3856,18,27,25,14
3857,18,27,15,39
3858,18,27,26,36
3859,18,27,43,14
3860,18,27,30,23
3861,18,27,40,47
3862,18,27,19,34
3863,18,27,35,21
3864,18,27,48,29
3865,18,27,10,21
3866,18,27,38,36
3867,18,27,27,47
3868,18,27,41,23
3869,18,27,11,18
3870,18,27,34,49
3871,18,27,18,25
3872,18,27,25,32
3873,18,27,22,18
3874,18,27,11,11
3875,18,27,38,27
3876,18,27,18,13
3877,18,27,42,26
3878,18,27,18,15
3879,18,27,35,15
3880,18,27,41,28
3881,18,27,12,16
3882,18,27,30,18
3883,18,27,18,16
3884,18,27,25,24
3885,18,27,14,49
3886,18,27,37,42
3887,18,27,31,47
3888,18,27,48,24
3889,18,27,35,10
3890,18,27,35,26
3891,18,27,20,27
3892,18,27,40,47
3893,18,27,27,16
3894,18,27,46,43
3895,18,27,43,43
3896,18,27,15,27
3897,18,27,14,12
3898,18,27,48,40
3899,18,27,48,48
3900,18,27,46,30
3901,18,27,48,34
3902,18,27,12,30
3903,18,27,22,48
3904,18,27,30,23
3905,18,27,25,20
3906,18,27,24,15
3907,18,27,39,44
3908,18,27,20,39
3909,18,27,21,42
3910,18,27,19,31
3911,18,27,36,35
3912,18,27,26,46
3913,18,27,31,14
3914,18,27,38,45
3915,18,27,18,33
3916,18,27,44,13
3917,18,27,16,17
3918,18,27,23,29
3919,18,27,19,35
3920,18,27,44,38
3921,18,27,41,37
3922,18,27,18,22
3923,18,27,11,13
3924,18,27,37,45
3925,18,27,23,31
3926,18,27,22,36
3927,18,27,27,23
3928,18,27,44,25
3929,18,27,11,49
3930,18,27,45,23
3931,18,27,47,28
3932,18,27,17,21
3933,18,27,19,15
3934,18,27,10,10
3935,18,27,37,17
3936,18,27,35,23
3937,18,27,15,40
3938,18,27,30,39
3939,18,27,14,42
3940,18,27,35,14
3941,18,27,23,49
3942,18,27,18,13
3943,18,27,23,13
3944,18,27,42,36
3945,18,27,13,22
3946,18,27,37,40
3947,18,27,41,39
3948,18,27,37,14
3949,18,27,32,15
3950,18,27,46,10
3951,18,27,11,24
3952,18,27,41,33
3953,18,27,27,44
3954,18,27,13,46
3955,18,27,48,28
3956,18,27,33,47
3957,18,27,48,26
3958,18,27,29,34
3959,18,27,44,33
3960,18,27,34,21
3961,18,27,17,23
3962,18,27,39,26
3963,18,27,31,45
3964,18,27,25,10
3965,18,27,24,35
3966,18,27,30,19
3967,18,27,22,46
3968,18,27,11,24
3969,18,27,26,37
3970,18,27,17,24
3971,18,27,13,39
3972,18,27,33,20
3973,18,27,39,25
3974,18,27,22,38
3975,18,27,38,17
3976,18,27,28,23
3977,18,27,25,10
3978,18,27,49,22
3979,18,27,28,24
3980,18,27,14,24
3981,18,27,30,47
3982,18,27,11,43
3983,18,27,19,48
3984,18,27,41,17
3985,18,27,26,35
3986,18,27,32,16
3987,18,27,14,45
3988,18,27,12,14
3989,18,27,18,33
3990,18,27,42,38
3991,18,27,46,40
3992,18,27,26,36
3993,18,27,30,10
3994,18,27,19,14
3995,18,27,35,40
3996,18,27,41,21
3997,18,27,44,49
3998,18,27,48,27
3999,18,27,26,41
4000,18,27,37,33
4001,18,27,19,10
4002,18,27,12,48
4003,18,27,49,36
4004,18,27,39,12
4005,18,27,17,41
4006,18,27,39,17
4007,18,27,35,11
4008,18,27,47,18
4009,18,27,33,41
4010,18,27,46,29
4011,18,27,21,10
4012,18,27,44,30
4013,18,27,30,33
4014,18,27,13,15
4015,18,27,25,33
4016,18,27,10,24
4017,18,27,10,24
4018,18,27,22,39
4019,18,27,49,24
4020,18,27,40,11
4021,18,27,32,15
4022,18,27,33,36
4023,18,27,31,28
4024,18,27,39,25
4025,18,27,45,29
4026,18,27,39,41
4027,18,27,44,19
4028,18,27,49,49
4029,18,27,49,20
4030,18,27,32,44
4031,18,27,42,20
4032,18,27,35,16
4033,18,27,42,14
4034,18,27,21,12
4035,18,27,40,18
4036,18,27,12,23
4037,18,27,21,12
4038,18,27,36,16
4039,18,27,12,35
4040,18,27,16,21
4041,18,27,15,12
4042,18,27,45,16
4043,18,27,11,23
4044,18,27,21,24
4045,18,27,41,41
4046,18,27,14,29
4047,18,27,17,25
4048,18,27,12,49
4049,18,27,38,26
4050,18,27,39,29
4051,18,27,38,23
4052,18,27,39,46
4053,18,27,11,30
4054,18,27,30,35
4055,18,27,25,33
4056,18,27,29,43
4057,18,27,24,17
4058,18,27,28,28
4059,18,27,48,16
4060,18,27,28,17
4061,18,27,14,27
4062,18,27,35,30
4063,18,27,22,16
4064,18,27,33,22
4065,18,27,47,29
4066,18,27,23,35
4067,18,27,44,10
4068,18,27,29,34
4069,18,27,14,27
4070,18,27,31,20
4071,18,27,21,41
4072,18,27,38,22
4073,18,27,19,16
4074,18,27,22,45
4075,18,27,36,25
4076,18,27,49,19
4077,18,27,33,10
4078,18,27,17,18
4079,18,27,48,49
4080,18,27,39,44
4081,18,27,39,33
4082,18,27,35,17
4083,18,27,33,15
4084,18,27,44,32
4085,18,27,10,36
4086,18,27,16,29
4087,18,27,31,13
4088,18,27,30,41
4089,18,27,40,33
4090,18,27,15,45
4091,18,27,14,15
4092,18,27,25,23
4093,18,27,34,32
4094,18,27,17,47
4095,18,27,45,48
4096,18,27,36,46
4097,18,27,33,18
4098,18,27,48,20
4099,18,27,10,47
4100,18,27,37,19
4101,18,27,48,22
4102,18,27,29,42
4103,18,27,31,12
4104,18,27,21,30
4105,18,27,40,16
4106,18,27,49,46
4107,18,27,41,38
4108,18,27,35,38
4109,18,27,15,19
4110,18,27,18,33
4111,18,27,47,47
4112,18,27,32,39
4113,18,27,28,39
4114,18,27,12,19
4115,18,27,19,18
4116,18,27,36,29
4117,18,27,47,45
4118,18,27,33,35
4119,18,27,43,43
4120,18,27,26,25
4121,18,27,19,35
4122,18,27,48,47
4123,18,27,31,41
4124,18,27,44,14
4125,18,27,36,22
4126,18,27,30,41
4127,18,27,44,49
4128,18,27,11,29
4129,18,27,33,22
4130,18,27,10,30
4131,18,27,40,40
4132,18,27,44,25
4133,18,27,14,21
4134,18,27,24,39
4135,18,27,29,41
4136,18,27,36,37
4137,18,27,36,13
4138,18,27,42,43
4139,18,27,25,40
4140,18,27,43,39
4141,18,27,21,18
4142,18,27,49,35
4143,18,27,44,25
4144,18,27,47,15
4145,18,27,45,35
4146,18,27,36,16
4147,18,27,49,19
4148,18,27,13,41
4149,18,27,31,17
4150,18,27,10,31
4151,18,27,39,25
4152,18,27,22,16
4153,18,27,29,45
4154,18,27,41,31
4155,18,27,31,17
4156,18,27,28,30
4157,18,27,24,11
4158,18,27,21,22
4159,18,27,47,38
4160,18,27,14,48
4161,18,27,20,20
4162,18,27,15,19
4163,18,27,44,39
4164,18,27,10,36
4165,18,27,18,15
4166,18,27,12,23
4167,18,27,37,21
4168,18,27,25,49
4169,18,27,26,36
4170,18,27,15,35
4171,18,27,43,13
4172,18,27,15,39
4173,18,27,15,37
4174,18,27,34,39
4175,18,27,29,26
4176,18,27,26,24
4177,18,27,25,14
4178,18,27,31,33
4179,18,27,35,36
4180,18,27,23,24
4181,18,27,16,13
4182,18,27,32,43
4183,18,27,33,39
4184,18,27,42,40
4185,18,27,22,37
4186,18,27,47,40
4187,18,27,34,37
4188,18,27,30,30
4189,18,27,21,28
4190,18,27,20,45
4191,18,27,49,39
4192,18,27,37,37
4193,18,27,39,47
4194,18,27,28,18
4195,18,27,34,46
4196,18,27,37,19
4197,18,27,30,31
4198,18,27,15,31
4199,18,27,42,32
4200,18,27,18,35
4201,18,27,29,11
4202,18,27,12,16
4203,18,27,21,10
4204,18,27,47,33
4205,18,27,39,30
4206,18,27,24,33
4207,18,27,18,24
4208,18,27,42,39
4209,18,27,22,10
4210,18,27,25,26
4211,18,27,21,47
4212,18,27,11,26
4213,18,27,16,46
4214,18,27,20,26
4215,18,27,31,23
4216,18,27,32,20
4217,18,27,12,23
4218,18,27,38,16
4219,18,27,41,41
4220,18,27,49,30
4221,18,27,21,22
4222,18,27,13,29
4223,18,27,46,28
4224,18,27,10,15
4225,18,27,18,46
4226,18,27,28,48
4227,18,27,35,18
4228,18,27,43,19
4229,18,27,18,13
4230,18,27,42,32
4231,18,27,24,10
4232,18,27,34,17
4233,18,27,47,17
4234,18,27,24,32
4235,18,27,18,35
4236,18,27,35,14
4237,18,27,45,19
4238,18,27,45,34
4239,18,27,38,12
4240,18,27,41,27
4241,18,27,32,37
4242,18,27,22,12
4243,18,27,46,31
4244,18,27,12,19
4245,18,27,23,12
4246,18,27,18,17
4247,18,27,40,42
4248,18,27,38,43
4249,18,27,46,33
4250,18,27,46,12
4251,18,27,42,30
4252,18,27,10,46
4253,18,27,15,11
4254,18,27,12,34
4255,18,27,11,20
4256,18,27,13,22
4257,18,27,10,28
4258,18,27,20,48
4259,18,27,38,10
4260,18,27,24,24
4261,18,27,35,15
4262,18,27,24,18
4263,18,27,42,49
4264,18,27,14,34
4265,18,27,38,27
4266,18,27,22,46
4267,18,27,11,16
4268,18,27,18,20
4269,18,27,43,48
4270,18,27,33,21
4271,18,27,46,42
4272,18,27,41,32
4273,18,27,24,31
4274,18,27,15,33
4275,18,27,39,41
4276,18,27,41,44
4277,18,27,26,25
4278,18,27,15,22
4279,18,27,26,31
4280,18,27,39,28
4281,18,27,25,33
4282,18,27,47,41
4283,18,27,13,32
4284,18,27,42,23
4285,18,27,13,49
4286,18,27,20,46
4287,18,27,36,11
4288,18,27,42,48
4289,18,27,17,38
4290,18,27,40,33
4291,18,27,23,12
4292,18,27,32,36
4293,18,27,24,17
4294,18,27,40,45
4295,18,27,19,45
4296,18,27,44,47
4297,18,27,18,13
4298,18,27,19,38
4299,18,27,27,45
4300,18,27,26,36
4301,18,27,31,16
4302,18,27,29,26
4303,18,27,12,41
4304,18,27,33,33
4305,18,27,12,46
4306,18,27,40,23
4307,18,27,42,42
4308,18,27,19,37
4309,18,27,42,10
4310,18,27,31,17
4311,18,27,23,15
4312,18,27,46,22
4313,18,27,27,35
4314,18,27,19,20
4315,18,27,12,19
4316,18,27,32,40
4317,18,27,24,41
4318,18,27,10,39
4319,18,27,46,27
4320,18,27,48,46
4321,18,27,49,39
4322,18,27,42,48
4323,18,27,49,47
4324,18,27,30,36
4325,18,27,19,39
4326,18,27,30,28
4327,18,27,13,24
4328,18,27,14,38
4329,18,27,28,29
4330,18,27,15,31
4331,18,27,28,12
4332,18,27,16,22
4333,18,27,32,36
4334,18,27,45,20
4335,18,27,38,22
4336,18,27,17,24
4337,18,27,21,31
4338,18,27,20,20
4339,18,27,28,18
4340,18,27,12,30
4341,18,27,35,27
4342,18,27,35,30
4343,18,27,40,11
4344,18,27,48,34
4345,18,27,18,17
4346,18,27,36,18
4347,18,27,30,22
4348,18,27,33,11
4349,18,27,30,24
4350,18,27,20,48
4351,18,27,33,49
4352,18,27,41,30
4353,18,27,10,11
4354,18,27,26,46
4355,18,27,25,35
4356,18,27,29,49
4357,18,27,39,17
4358,18,27,26,30
4359,18,27,37,41
4360,18,27,12,20
4361,18,27,27,22
4362,18,27,43,15
4363,18,27,47,15
4364,18,27,23,47
4365,18,27,20,49
4366,18,27,47,30
4367,18,27,23,15
4368,18,27,24,28
4369,18,27,20,17
4370,18,27,24,27
4371,18,27,33,32
4372,18,27,41,26
4373,18,27,11,10
4374,18,27,17,18
4375,18,27,45,10
4376,18,27,26,41
4377,18,27,36,27
4378,18,27,25,35
4379,18,27,47,19
4380,18,27,34,26
4381,18,27,48,42
4382,18,27,24,15
4383,18,27,20,27
4384,18,27,36,20
4385,18,27,36,29
4386,18,27,31,42
4387,18,27,35,31
4388,18,27,49,48
4389,18,27,25,35
4390,18,27,49,23
4391,18,27,29,36
4392,18,27,13,31
4393,18,27,24,23
4394,18,27,36,27
4395,18,27,14,32
4396,18,27,28,22
4397,18,27,27,16
4398,18,27,25,49
4399,18,27,34,18
4400,18,27,15,45
4401,18,27,29,17
4402,18,27,22,23
4403,18,27,28,15
4404,18,27,19,33
4405,18,27,31,33
4406,18,27,20,43
4407,18,27,32,44
4408,18,27,11,16
4409,18,27,22,29
4410,18,27,22,19
4411,18,27,41,30
4412,18,27,45,36
4413,18,27,46,18
4414,18,27,15,35
4415,18,27,42,30
4416,18,27,23,46
4417,18,27,24,31
4418,18,27,25,26
4419,18,27,11,34
4420,18,27,15,10
4421,18,27,41,41
4422,18,27,20,35
4423,18,27,35,15
4424,18,27,21,36
4425,18,27,47,22
4426,18,27,35,28
4427,18,27,36,26
4428,18,27,12,43
4429,18,27,41,45
4430,18,27,49,16
4431,18,27,49,40
4432,18,27,25,26
4433,18,27,26,25
4434,18,27,10,18
4435,18,27,20,49
4436,18,27,26,31
4437,18,27,26,39
4438,18,27,36,26
4439,18,27,46,43
4440,18,27,31,16
4441,18,27,47,19
4442,18,27,41,29
4443,18,27,31,41
4444,18,27,32,37
4445,18,27,22,12
4446,18,27,41,41
4447,18,27,29,39
4448,18,27,12,10
4449,18,27,22,39
4450,18,27,18,25
4451,18,27,24,42
4452,18,27,12,30
4453,18,27,17,25
4454,18,27,44,48
4455,18,27,28,23
4456,18,27,19,21
4457,18,27,21,21
4458,18,27,43,22
4459,18,27,41,35
4460,18,27,33,38
4461,18,27,11,36
4462,18,27,30,11
4463,18,27,22,43
4464,18,27,46,33
4465,18,27,39,14
4466,18,27,21,16
4467,18,27,16,44
4468,18,27,10,20
4469,18,27,13,14
4470,18,27,41,21
4471,18,27,38,32
4472,18,27,38,22
4473,18,27,36,40
4474,18,27,13,46
4475,18,27,11,31
4476,18,27,46,38
4477,18,27,12,19
4478,18,27,34,32
4479,18,27,12,38
4480,18,27,15,35
4481,18,27,36,18
4482,18,27,23,13
4483,18,27,11,13
4484,18,27,42,26
4485,18,27,27,13
4486,18,27,37,41
4487,18,27,41,27
4488,18,27,36,17
4489,18,27,15,32
4490,18,27,41,46
4491,18,27,40,33
4492,18,27,34,43
4493,18,27,39,17
4494,18,27,13,29
4495,18,27,36,38
4496,18,27,23,20
4497,18,27,26,32
4498,18,27,44,15
4499,18,27,12,35
4500,18,27,40,25
4501,18,27,27,32
4502,18,27,32,24
4503,18,27,49,30
4504,18,27,21,26
4505,18,27,33,41
4506,18,27,33,27
4507,18,27,18,27
4508,18,27,35,30
4509,18,27,20,37
4510,18,27,36,23
4511,18,27,31,10
4512,18,27,44,22
4513,18,27,26,11
4514,18,27,16,10
4515,18,27,23,18
4516,18,27,18,29
4517,18,27,32,32
4518,18,27,43,30
4519,18,27,42,23
4520,18,27,49,10
4521,18,27,19,13
4522,18,27,27,25
4523,18,27,18,19
4524,18,27,29,20
4525,18,27,36,22
4526,18,27,34,36
4527,18,27,10,16
4528,18,27,19,12
4529,18,27,31,46
4530,18,27,46,19
4531,18,27,42,34
4532,18,27,35,27
4533,18,27,39,35
4534,18,27,29,27
4535,18,27,11,22
4536,18,27,46,21
4537,18,27,44,26
4538,18,27,32,48
4539,18,27,41,49
4540,18,27,40,33
4541,18,27,31,22
4542,18,27,26,28
4543,18,27,45,48
4544,18,27,18,12
4545,18,27,47,27
4546,18,27,38,24
4547,18,27,18,42
4548,18,27,48,16
4549,18,27,22,21
4550,18,27,16,13
4551,18,27,47,15
4552,18,27,42,27
4553,18,27,32,34
4554,18,27,23,15
4555,18,27,24,33
4556,18,27,14,14
4557,18,27,22,43
4558,18,27,45,15
4559,18,27,40,23
4560,18,27,24,24
4561,18,27,41,30
4562,18,27,26,15
4563,18,27,22,32
4564,18,27,35,46
4565,18,27,47,37
4566,18,27,21,42
4567,18,27,10,48
4568,18,27,45,14
4569,18,27,36,25
4570,18,27,41,40
4571,18,27,18,38
4572,18,27,14,49
4573,18,27,43,27
4574,18,27,11,49
4575,18,27,18,43
4576,18,27,18,18
4577,18,27,11,14
4578,18,27,43,36
4579,18,27,36,19
4580,18,27,26,33
4581,18,27,19,27
4582,18,27,23,35
4583,18,27,36,22
4584,18,27,28,34
4585,18,27,28,13
4586,18,27,21,37
4587,18,27,30,14
4588,18,27,49,21
4589,18,27,45,33
4590,18,27,46,45
4591,18,27,28,33
4592,18,27,28,44
4593,18,27,35,23
4594,18,27,45,39
4595,18,27,39,23
4596,18,27,14,29
4597,18,27,33,40
4598,18,27,21,45
4599,18,27,30,47
4600,18,27,14,36
4601,18,27,38,42
4602,18,27,49,14
4603,18,27,40,26
4604,18,27,34,24
4605,18,27,49,45
4606,18,27,47,41
4607,18,27,35,44
4608,18,27,11,47
4609,18,27,23,33
4610,18,27,31,43
4611,18,27,31,38
4612,18,27,36,40
4613,18,27,43,19
4614,18,27,34,26
4615,18,27,39,19
4616,18,27,48,34
4617,18,27,41,31
4618,18,27,32,35
4619,18,27,39,45
4620,18,27,40,30
4621,18,27,15,47
4622,18,27,23,46
4623,18,27,13,41
4624,18,27,29,13
4625,18,27,46,19
4626,18,27,44,32
4627,18,27,14,28
4628,18,27,27,20
4629,18,27,32,49
4630,18,27,16,44
4631,18,27,28,33
4632,18,27,36,28
4633,18,27,38,23
4634,18,27,16,38
4635,18,27,23,10
4636,18,27,43,23
4637,18,27,47,32
4638,18,27,35,36
4639,18,27,38,33
4640,18,27,45,14
4641,18,27,13,24
4642,18,27,14,46
4643,18,27,14,18
4644,18,27,36,10
4645,18,27,33,22
4646,18,27,42,27
4647,18,27,11,22
4648,18,27,47,31
4649,18,27,27,31
4650,18,27,23,45
4651,18,27,48,34
4652,18,27,39,13
4653,18,27,28,14
4654,18,27,38,37
4655,18,27,12,33
4656,18,27,19,18
4657,18,27,11,38
4658,18,27,11,43
4659,18,27,13,26
4660,18,27,47,19
4661,18,27,22,34
4662,18,27,19,10
4663,18,27,37,37
4664,18,27,49,33
4665,18,27,29,39
4666,18,27,18,42
4667,18,27,49,49
4668,18,27,37,36
4669,18,27,11,15
4670,18,27,47,40
4671,18,27,16,47
4672,18,27,31,12
4673,18,27,18,13
4674,18,27,26,19
4675,18,27,15,20
4676,18,27,26,32
4677,18,27,27,31
4678,18,27,34,37
4679,18,27,33,11
4680,18,27,36,20
4681,18,27,24,35
4682,18,27,48,48
4683,18,27,33,37
4684,18,27,42,41
4685,18,27,40,13
4686,18,27,12,43
4687,18,27,42,14
4688,18,27,37,16
4689,18,27,29,31
4690,18,27,46,20
4691,18,27,21,40
4692,18,27,18,38
4693,18,27,37,46
4694,18,27,46,14
4695,18,27,44,32
4696,18,27,20,20
4697,18,27,33,33
4698,18,27,12,23
4699,18,27,12,45
4700,18,27,42,13
4701,18,27,26,26
4702,18,27,23,40
4703,18,27,30,43
4704,18,27,36,11
4705,18,27,31,12
4706,18,27,34,15
4707,18,27,36,39
4708,18,27,23,42
4709,18,27,45,23
4710,18,27,40,21
4711,18,27,35,33
4712,18,27,13,17
4713,18,27,18,38
4714,18,27,11,49
4715,18,27,39,31
4716,18,27,27,47
4717,18,27,38,29
4718,18,27,14,40
4719,18,27,11,27
4720,18,27,16,48
4721,18,27,16,46
4722,18,27,16,38
4723,18,27,37,16
4724,18,27,42,23
4725,18,27,33,14
4726,18,27,28,16
4727,18,27,32,12
4728,18,27,27,20
4729,18,27,24,13
4730,18,27,13,31
4731,18,27,16,23
4732,18,27,41,43
4733,18,27,20,24
4734,18,27,37,32
4735,18,27,18,15
4736,18,27,41,34
4737,18,27,45,23
4738,18,27,29,38
4739,18,27,13,28
4740,18,27,11,14
4741,18,27,22,23
4742,18,27,41,39
4743,18,27,46,24
4744,18,27,22,37
4745,18,27,29,28
4746,18,27,26,15
4747,18,27,21,17
4748,18,27,17,43
4749,18,27,11,35
4750,18,27,34,24
4751,18,27,28,12
4752,18,27,31,18
4753,18,27,45,13
4754,18,27,39,30
4755,18,27,30,42
4756,18,27,33,30
4757,18,27,43,27
4758,18,27,21,16
4759,18,27,25,30
4760,18,27,30,11
4761,18,27,26,16
4762,18,27,46,49
4763,18,27,30,15
4764,18,27,21,30
4765,18,27,31,36
4766,18,27,25,24
4767,18,27,25,36
4768,18,27,42,20
4769,18,27,19,32
4770,18,27,35,36
4771,18,27,39,40
4772,18,27,28,40
4773,18,27,15,40
4774,18,27,41,35
4775,18,27,34,47
4776,18,27,49,32
4777,18,27,28,42
4778,18,27,19,10
4779,18,27,12,32
4780,18,27,46,22
4781,18,27,37,32
4782,18,27,34,19
4783,18,27,26,22
4784,18,27,14,41
4785,18,27,26,19
4786,18,27,13,46
4787,18,27,41,10
4788,18,27,25,29
4789,18,27,12,20
4790,18,27,12,38
4791,18,27,37,35
4792,18,27,28,36
4793,18,27,24,10
4794,18,27,27,28
4795,18,27,36,37
4796,18,27,15,36
4797,18,27,37,15
4798,18,27,32,18
4799,18,27,31,15
4800,18,27,46,44
4801,18,27,23,42
4802,18,27,13,47
4803,18,27,15,34
4804,18,27,12,23
4805,18,27,30,20
4806,18,27,38,22
4807,18,27,23,23
4808,18,27,33,43
4809,18,27,11,45
4810,18,27,13,18
4811,18,27,33,39
4812,18,27,41,35
4813,18,27,37,49
4814,18,27,42,31
4815,18,27,23,18
4816,18,27,24,17
4817,18,27,37,31
4818,18,27,27,22
4819,18,27,35,13
4820,18,27,33,16
4821,18,27,16,17
4822,18,27,27,30
4823,18,27,48,16
4824,18,27,40,43
4825,18,27,39,27
4826,18,27,10,27
4827,18,27,15,32
4828,18,27,15,10
4829,18,27,13,14
4830,18,27,35,32
4831,18,27,45,24
4832,18,27,44,19
4833,18,27,40,38
4834,18,27,36,29
4835,18,27,17,43
4836,18,27,10,29
4837,18,27,41,19
4838,18,27,21,47
4839,18,27,23,37
4840,18,27,20,33
4841,18,27,10,45
4842,18,27,11,13
4843,18,27,22,25
4844,18,27,49,12
4845,18,27,49,48
4846,18,27,25,11
4847,18,27,12,12
4848,18,27,28,30
4849,18,27,11,25
4850,18,27,36,18
4851,18,27,26,38
4852,18,27,28,29
4853,18,27,30,34
4854,18,27,15,23
4855,18,27,47,25
4856,18,27,29,25
4857,18,27,10,23
4858,18,27,35,32
4859,18,27,20,31
4860,18,27,47,19
4861,18,27,12,25
4862,18,27,45,43
4863,18,27,29,30
4864,18,27,47,34
4865,18,27,33,30
4866,18,27,48,45
4867,18,27,14,44
4868,18,27,15,43
4869,18,27,20,30
4870,18,27,10,47
4871,18,27,31,33
4872,18,27,36,49
4873,18,27,38,10
4874,18,27,40,49
4875,18,27,32,44
4876,18,27,45,35
4877,18,27,40,30
4878,18,27,17,16
4879,18,27,17,44
4880,18,27,35,15
4881,18,27,16,37
4882,18,27,15,11
4883,18,27,38,15
4884,18,27,31,32
4885,18,27,12,47
4886,18,27,32,23
4887,18,27,12,23
4888,18,27,32,46
4889,18,27,27,47
4890,18,27,11,44
4891,18,27,20,34
4892,18,27,29,44
4893,18,27,14,20
4894,18,27,13,49
4895,18,27,36,10
4896,18,27,23,30
4897,18,27,31,17
4898,18,27,47,19
4899,18,27,17,42
4900,18,27,31,26
4901,18,27,48,24
4902,18,27,46,37
4903,18,27,10,36
4904,18,27,12,43
4905,18,27,13,37
4906,18,27,36,40
4907,18,27,35,47
4908,18,27,18,28
4909,18,27,48,38
4910,18,27,19,16
4911,18,27,41,36
4912,18,27,39,42
4913,18,27,25,15
4914,18,27,39,19
4915,18,27,37,15
4916,18,27,39,20
4917,18,27,45,40
4918,18,27,12,32
4919,18,27,49,29
4920,18,27,30,38
4921,18,27,35,10
4922,18,27,28,48
4923,18,27,42,14
4924,18,27,29,24
4925,18,27,29,39
4926,18,27,20,42
4927,18,27,32,13
4928,18,27,47,16
4929,18,27,44,26
4930,18,27,32,18
4931,18,27,21,30
4932,18,27,31,46
4933,18,27,29,48
4934,18,27,22,33
4935,18,27,35,23
4936,18,27,48,14
4937,18,27,13,34
4938,18,27,15,19
4939,18,27,19,32
4940,18,27,12,22
4941,18,27,34,29
4942,18,27,21,24
4943,18,27,36,27
4944,18,27,42,16
4945,18,27,35,19
4946,18,27,25,48
4947,18,27,45,28
4948,18,27,34,18
4949,18,27,47,30
4950,18,27,20,25
4951,18,27,27,41
4952,18,27,30,39
4953,18,27,21,37
4954,18,27,34,11
4955,18,27,49,13
4956,18,27,16,14
4957,18,27,47,11
4958,18,27,44,23
4959,18,27,32,46
4960,18,27,40,18
4961,18,27,33,20
4962,18,27,23,28
4963,18,27,42,31
4964,18,27,13,27
4965,18,27,29,28
4966,18,27,49,35
4967,18,27,28,44
4968,18,27,36,29
4969,18,27,49,18
4970,18,27,13,19
4971,18,27,47,11
4972,18,27,40,41
4973,18,27,30,34
4974,18,27,40,24
4975,18,27,15,10
4976,18,27,23,23
4977,18,27,32,49
4978,18,27,28,25
4979,18,27,39,27
4980,18,27,42,27
4981,18,27,38,28
4982,18,27,23,35
4983,18,27,10,31
4984,18,27,31,27
4985,18,27,41,21
4986,18,27,29,26
4987,18,27,10,34
4988,18,27,17,34
4989,18,27,13,21
4990,18,27,19,12
4991,18,27,36,47
4992,18,27,20,39
4993,18,27,25,11
4994,18,27,31,13
4995,18,27,42,48
4996,18,27,47,34
4997,18,27,28,40
4998,18,27,36,34
4999,18,27,30,45
5000,18,27,40,31
5001,18,27,38,32
5002,18,27,15,23
5003,18,27,22,22
5004,18,27,10,29
5005,18,27,31,40
5006,18,27,31,47
5007,18,27,45,18
5008,18,27,41,41
5009,18,27,32,12
5010,18,27,41,14
5011,18,27,43,20
5012,18,27,46,40
5013,18,27,16,21
5014,18,27,12,12
5015,18,27,42,31
5016,18,27,14,24
5017,18,27,17,35
5018,18,27,11,12
5019,18,27,43,48
5020,18,27,36,21
5021,18,27,15,13
5022,18,27,26,13
5023,18,27,11,10
5024,18,27,34,43
5025,18,27,36,24
5026,18,27,31,24
5027,18,27,14,22
5028,18,27,47,24
5029,18,27,43,16
5030,18,27,44,41
5031,18,27,18,15
5032,18,27,22,11
5033,18,27,26,11
5034,18,27,24,24
5035,18,27,21,23
5036,18,27,11,35
5037,18,27,10,47
5038,18,27,32,38
5039,18,27,31,21
5040,18,27,43,16
5041,18,27,49,43
5042,18,27,13,39
5043,18,27,13,23
5044,18,27,46,14
5045,18,27,49,35
5046,18,27,27,31
5047,18,27,32,28
5048,18,27,35,41
5049,18,27,25,31
5050,18,27,47,30
5051,18,27,17,30
5052,18,27,48,19
5053,18,27,25,26
5054,18,27,16,42
5055,18,27,12,11
5056,18,27,39,33
5057,18,27,27,27
5058,18,27,41,19
5059,18,27,43,44
5060,18,27,30,34
5061,18,27,40,28
5062,18,27,20,26
5063,18,27,15,25
5064,18,27,40,20
5065,18,27,31,28
5066,18,27,42,48
5067,18,27,40,21
5068,18,27,44,17
5069,18,27,32,10
5070,18,27,48,16
5071,18,27,11,41
5072,18,27,40,33
5073,18,27,36,13
5074,18,27,10,28
5075,18,27,46,16
5076,18,27,29,39
5077,18,27,33,33
5078,18,27,32,27
5079,18,27,42,17
5080,18,27,21,40
5081,18,27,41,13
5082,18,27,30,41
5083,18,27,21,21
5084,18,27,25,39
5085,18,27,49,46
5086,18,27,20,49
5087,18,27,29,49
5088,18,27,12,35
5089,18,27,12,25
5090,18,27,46,13
5091,18,27,46,14
5092,18,27,42,41
5093,18,27,43,48
5094,18,27,27,34
5095,18,27,18,23
5096,18,27,48,22
5097,18,27,28,27
5098,18,27,36,36
5099,18,27,30,26
5100,18,27,13,36
5101,18,27,26,15
5102,18,27,30,40
5103,18,27,23,42
5104,18,27,48,21
5105,18,27,31,16
5106,18,27,47,46
5107,18,27,37,12
5108,18,27,30,29
5109,18,27,26,36
5110,18,27,37,36
5111,18,27,13,32
5112,18,27,42,38
5113,18,27,35,49
5114,18,27,42,48
5115,18,27,41,15
5116,18,27,19,14
5117,18,27,28,17
5118,18,27,21,23
5119,18,27,28,31
5120,18,27,29,24
5121,18,27,37,44
5122,18,27,46,30
5123,18,27,29,21
5124,18,27,25,21
5125,18,27,40,26
5126,18,27,16,23
5127,18,27,49,35
5128,18,27,37,18
5129,18,27,49,18
5130,18,27,28,26
5131,18,27,45,47
5132,18,27,20,13
5133,18,27,14,20
5134,18,27,24,41
5135,18,27,45,44
5136,18,27,39,30
5137,18,27,39,23
5138,18,27,30,47
5139,18,27,30,19
5140,18,27,23,37
5141,18,27,31,47
5142,18,27,40,26
5143,18,27,27,41
5144,18,27,30,22
5145,18,27,14,27
5146,18,27,26,17
5147,18,27,20,10
5148,18,27,25,29
5149,18,27,37,38
5150,18,27,12,49
5151,18,27,36,23
5152,18,27,20,24
5153,18,27,38,32
5154,18,27,33,37
5155,18,27,38,11
5156,18,27,19,11
5157,18,27,39,14
5158,18,27,38,26
5159,18,27,11,26
5160,18,27,24,18
5161,18,27,46,19
5162,18,27,32,34
5163,18,27,48,30
5164,18,27,14,11
5165,18,27,26,26
5166,18,27,12,16
5167,18,27,47,18
5168,18,27,32,25
5169,18,27,42,27
5170,18,27,23,32
5171,18,27,15,24
5172,18,27,49,28
5173,18,27,45,14
5174,18,27,47,26
5175,18,27,42,47
5176,18,27,15,42
5177,18,27,41,25
5178,18,27,46,45
5179,18,27,13,36
5180,18,27,28,46
5181,18,27,19,41
5182,18,27,44,37
5183,18,27,40,11
5184,18,27,41,43
5185,18,27,42,18
5186,18,27,11,31
5187,18,27,40,41
5188,18,27,35,31
5189,18,27,41,30
5190,18,27,42,31
5191,18,27,47,31
5192,18,27,43,22
5193,18,27,37,27
5194,18,27,33,10
5195,18,27,29,32
5196,18,27,48,39
5197,18,27,31,34
5198,18,27,35,41
5199,18,27,44,17
5200,18,27,26,36
5201,18,27,37,10
5202,18,27,34,10
5203,18,27,25,28
5204,18,27,23,16
5205,18,27,17,19
5206,18,27,49,18
5207,18,27,18,20
5208,18,27,35,30
5209,18,27,25,16
5210,18,27,27,18
5211,18,27,47,35
5212,18,27,29,35
5213,18,27,15,46
5214,18,27,17,11
5215,18,27,22,48
5216,18,27,24,18
5217,18,27,12,44
5218,18,27,40,33
5219,18,27,36,35
5220,18,27,18,27
5221,18,27,19,18
5222,18,27,42,45
5223,18,27,30,30
5224,18,27,25,21
5225,18,27,27,19
5226,18,27,21,28
5227,18,27,24,40
5228,18,27,24,36
5229,18,27,31,43
5230,18,27,30,38
5231,18,27,47,42
5232,18,27,10,27
5233,18,27,23,43
5234,18,27,31,45
5235,18,27,46,27
5236,18,27,21,19
5237,18,27,17,38
5238,18,27,28,48
5239,18,27,18,10
5240,18,27,18,41
5241,18,27,40,12
5242,18,27,27,45
5243,18,27,33,48
5244,18,27,13,35
5245,18,27,23,21
5246,18,27,33,28
5247,18,27,29,46
5248,18,27,33,40
5249,18,27,27,22
5250,18,27,18,26
5251,18,27,38,23
5252,18,27,14,14
5253,18,27,34,23
5254,18,27,17,45
5255,18,27,19,31
5256,18,27,47,29
5257,18,27,18,30
5258,18,27,12,18
5259,18,27,37,35
5260,18,27,11,40
5261,18,27,49,17
5262,18,27,14,36
5263,18,27,25,19
5264,18,27,36,38
5265,18,27,15,31
5266,18,27,40,39
5267,18,27,31,39
5268,18,27,20,28
5269,18,27,17,46
5270,18,27,23,20
5271,18,27,13,49
5272,18,27,38,46
5273,18,27,23,49
5274,18,27,13,29
5275,18,27,33,18
5276,18,27,38,10
5277,18,27,17,35
5278,18,27,21,19
5279,18,27,32,45
5280,18,27,40,26
5281,18,27,41,40
5282,18,27,35,17
5283,18,27,20,40
5284,18,27,39,38
5285,18,27,48,25
5286,18,27,24,19
5287,18,27,44,36
5288,18,27,42,36
5289,18,27,35,24
5290,18,27,24,21
5291,18,27,20,48
5292,18,27,14,41
5293,18,27,47,35
5294,18,27,43,12
5295,18,27,14,40
5296,18,27,12,40
5297,18,27,46,24
5298,18,27,48,31
5299,18,27,13,29
5300,18,27,23,42
5301,18,27,26,41
5302,18,27,13,26
5303,18,27,30,48
5304,18,27,19,27
5305,18,27,39,32
5306,18,27,23,19
5307,18,27,13,26
5308,18,27,12,25
5309,18,27,17,31
5310,18,27,37,32
5311,18,27,45,33
5312,18,27,13,49
5313,18,27,29,45
5314,18,27,40,47
5315,18,27,40,12
5316,18,27,31,14
5317,18,27,28,24
5318,18,27,40,35
5319,18,27,42,18
5320,18,27,28,16
5321,18,27,15,30
5322,18,27,26,40
5323,18,27,25,35
5324,18,27,18,32
5325,18,27,10,41
5326,18,27,33,45
5327,18,27,44,29
5328,18,27,20,35
5329,18,27,18,12
5330,18,27,34,27
5331,18,27,36,44
5332,18,27,14,38
5333,18,27,21,44
5334,18,27,35,26
5335,18,27,22,18
5336,18,27,31,25
5337,18,27,28,14
5338,18,27,26,48
5339,18,27,27,30
5340,18,27,10,28
5341,18,27,22,41
5342,18,27,31,23
5343,18,27,11,44
5344,18,27,14,32
5345,18,27,10,18
5346,18,27,44,46
5347,18,27,33,16
5348,18,27,20,48
5349,18,27,20,44
5350,18,27,37,19
5351,18,27,44,25
5352,18,27,45,19
5353,18,27,40,10
5354,18,27,33,24
5355,18,27,43,24
5356,18,27,22,13
5357,18,27,19,25
5358,18,27,33,27
5359,18,27,22,17
5360,18,27,40,32
5361,18,27,33,35
5362,18,27,18,44
5363,18,27,25,38
5364,18,27,48,46
5365,18,27,12,15
5366,18,27,26,36
5367,18,27,45,31
5368,18,27,11,46
5369,18,27,25,32
5370,18,27,39,43
5371,18,27,15,19
5372,18,27,27,25
5373,18,27,15,24
5374,18,27,43,20
5375,18,27,18,22
5376,18,27,36,20
5377,18,27,20,49
5378,18,27,42,42
5379,18,27,14,15
5380,18,27,11,27
5381,18,27,28,29
5382,18,27,47,37
5383,18,27,38,34
5384,18,27,48,33
5385,18,27,26,17
5386,18,27,30,28
5387,18,27,12,38
5388,18,27,28,32
5389,18,27,36,13
5390,18,27,23,43
5391,18,27,40,37
5392,18,27,19,23
5393,18,27,26,43
5394,18,27,27,17
5395,18,27,14,37
5396,18,27,11,29
5397,18,27,43,31
5398,18,27,29,14
5399,18,27,24,46
5400,18,27,44,30
5401,18,27,45,41
5402,18,27,29,24
5403,18,27,47,42
5404,18,27,48,17
5405,18,27,22,47
5406,18,27,26,47
5407,18,27,12,14
5408,18,27,39,13
5409,18,27,28,19
5410,18,27,37,46
5411,18,27,45,29
5412,18,27,13,31
5413,18,27,19,31
5414,18,27,33,23
5415,18,27,31,38
5416,18,27,24,35
5417,18,27,33,43
5418,18,27,47,12
5419,18,27,22,19
5420,18,27,15,38
5421,18,27,41,34
5422,18,27,31,35
5423,18,27,24,12
5424,18,27,41,41
5425,18,27,23,35
5426,18,27,44,13
5427,18,27,22,41
5428,18,27,43,30
5429,18,27,37,22
5430,18,27,39,16
5431,18,27,16,31
5432,18,27,16,41
5433,18,27,43,23
5434,18,27,15,37
5435,18,27,42,45
5436,18,27,16,27
5437,18,27,44,40
5438,18,27,32,30
5439,18,27,30,22
5440,18,27,39,23
5441,18,27,14,39
5442,18,27,21,34
5443,18,27,42,27
5444,18,27,33,10
5445,18,27,37,33
5446,18,27,34,16
5447,18,27,36,14
5448,18,27,43,42
5449,18,27,37,42
5450,18,27,17,28
5451,18,27,30,15
5452,18,27,36,44
5453,18,27,35,46
5454,18,27,42,25
5455,18,27,42,16
5456,18,27,22,21
5457,18,27,23,19
5458,18,27,26,36
5459,18,27,33,14
5460,18,27,43,30
5461,18,27,19,26
5462,18,27,17,37
5463,18,27,10,25
5464,18,27,48,41
5465,18,27,45,22
5466,18,27,10,18
5467,18,27,12,40
5468,18,27,18,47
5469,18,27,48,35
5470,18,27,32,13
5471,18,27,10,46
5472,18,27,14,24
5473,18,27,14,11
5474,18,27,18,39
5475,18,27,22,33
5476,18,27,28,10
5477,18,27,40,48
5478,18,27,43,39
5479,18,27,27,41
5480,18,27,40,15
5481,18,27,34,19
5482,18,27,44,11
5483,18,27,23,48
5484,18,27,38,44
5485,18,27,42,37
5486,18,27,11,11
5487,18,27,48,26
5488,18,27,49,33
5489,18,27,11,23
5490,18,27,25,25
5491,18,27,44,31
5492,18,27,42,49
5493,18,27,38,45
5494,18,27,33,13
5495,18,27,17,26
5496,18,27,36,40
5497,18,27,29,14
5498,18,27,42,24
5499,18,27,39,46
5500,18,27,13,33
5501,18,27,37,25
5502,18,27,19,46
5503,18,27,36,45
5504,18,27,27,10
5505,18,27,15,29
5506,18,27,39,43
5507,18,27,21,43
5508,18,27,10,22
5509,18,27,15,28
5510,18,27,26,15
5511,18,27,11,47
5512,18,27,34,23
5513,18,27,39,36
5514,18,27,36,29
5515,18,27,33,24
5516,18,27,28,46
5517,18,27,13,24
5518,18,27,26,12
5519,18,27,26,32
5520,18,27,46,26
5521,18,27,22,16
5522,18,27,41,11
5523,18,27,45,16
5524,18,27,12,21
5525,18,27,31,14
5526,18,27,28,39
5527,18,27,33,36
5528,18,27,43,28
5529,18,27,41,16
5530,18,27,43,43
5531,18,27,41,22
5532,18,27,36,34
5533,18,27,22,47
5534,18,27,26,21
5535,18,27,25,13
5536,18,27,35,27
5537,18,27,34,17
5538,18,27,49,34
5539,18,27,32,22
5540,18,27,35,48
5541,18,27,34,24
5542,18,27,49,43
5543,18,27,38,30
5544,18,27,38,14
5545,18,27,36,16
5546,18,27,15,12
5547,18,27,12,17
5548,18,27,41,36
5549,18,27,17,33
5550,18,27,44,21
5551,18,27,10,24
5552,18,27,32,23
5553,18,27,38,40
5554,18,27,29,43
5555,18,27,40,49
5556,18,27,17,27
5557,18,27,24,29
5558,18,27,22,20
5559,18,27,15,49
5560,18,27,22,22
5561,18,27,46,44
5562,18,27,43,11
5563,18,27,26,29
5564,18,27,18,14
5565,18,27,11,25
5566,18,27,39,24
5567,18,27,15,28
5568,18,27,35,49
5569,18,27,23,37
5570,18,27,11,26
5571,18,27,24,19
5572,18,27,22,34
5573,18,27,38,48
5574,18,27,32,47
5575,18,27,41,16
5576,18,27,11,43
5577,18,27,20,40
5578,18,27,42,14
5579,18,27,20,33
5580,18,27,18,33
5581,18,27,14,10
5582,18,27,40,45
5583,18,27,12,39
5584,18,27,29,32
5585,18,27,26,44
5586,18,27,37,31
5587,18,27,37,21
5588,18,27,44,23
5589,18,27,47,41
5590,18,27,24,36
5591,18,27,13,32
5592,18,27,46,38
5593,18,27,14,28
5594,18,27,37,32
5595,18,27,16,39
5596,18,27,45,36
5597,18,27,13,17
5598,18,27,15,26
5599,18,27,29,35
5600,18,27,35,31
5601,18,27,23,44
5602,18,27,45,23
5603,18,27,20,13
5604,18,27,22,17
5605,18,27,11,23
5606,18,27,35,29
5607,18,27,18,31
5608,18,27,14,28
5609,18,27,14,38
5610,18,27,30,43
5611,18,27,25,20
5612,18,27,34,16
5613,18,27,45,45
5614,18,27,39,17
5615,18,27,10,21
5616,18,27,12,44
5617,18,27,39,21
5618,18,27,40,49
5619,18,27,33,36
5620,18,27,12,11
5621,18,27,26,28
5622,18,27,13,36
5623,18,27,10,27
5624,18,27,43,43
5625,18,27,49,11
5626,18,27,38,42
5627,18,27,34,33
5628,18,27,19,14
5629,18,27,30,31
5630,18,27,32,49
5631,18,27,29,19
5632,18,27,44,48
5633,18,27,47,39
5634,18,27,18,24
5635,18,27,39,47
5636,18,27,19,12
5637,18,27,39,27
5638,18,27,14,21
5639,18,27,10,29
5640,18,27,29,16
5641,18,27,27,11
5642,18,27,29,47
5643,18,27,14,24
5644,18,27,32,13
5645,18,27,42,44
5646,18,27,26,40
5647,18,27,34,18
5648,18,27,20,35
5649,18,27,33,28
5650,18,27,49,48
5651,18,27,23,30
5652,18,27,39,46
5653,18,27,24,48
5654,18,27,49,17
5655,18,27,12,47
5656,18,27,28,49
5657,18,27,36,29
5658,18,27,31,12
5659,18,27,31,38
5660,18,27,33,48
5661,18,27,46,16
5662,18,27,12,13
5663,18,27,32,49
5664,18,27,42,49
5665,18,27,11,27
5666,18,27,17,19
5667,18,27,20,34
5668,18,27,12,22
5669,18,27,12,19
5670,18,27,11,25
5671,18,27,43,40
5672,18,27,30,46
5673,18,27,49,21
5674,18,27,11,36
5675,18,27,29,41
5676,18,27,23,49
5677,18,27,37,25
5678,18,27,28,26
5679,18,27,46,20
5680,18,27,37,30
5681,18,27,48,35
5682,18,27,20,20
5683,18,27,18,28
5684,18,27,28,18
5685,18,27,26,17
5686,18,27,38,23
5687,18,27,42,24
5688,18,27,44,24
5689,18,27,34,33
5690,18,27,42,32
5691,18,27,47,16
5692,18,27,13,10
5693,18,27,44,28
5694,18,27,46,45
5695,18,27,38,20
5696,18,27,14,34
5697,18,27,44,24
5698,18,27,33,38
5699,18,27,47,38
5700,18,27,41,20
5701,18,27,39,42
5702,18,27,18,46
5703,18,27,17,30
5704,18,27,26,42
5705,18,27,46,23
5706,18,27,28,14
5707,18,27,36,40
5708,18,27,14,20
5709,18,27,21,46
5710,18,27,12,30
5711,18,27,23,47
5712,18,27,12,23
5713,18,27,25,42
5714,18,27,28,15
5715,18,27,49,18
5716,18,27,15,38
5717,18,27,38,16
5718,18,27,29,28
5719,18,27,35,12
5720,18,27,15,47
5721,18,27,32,35
5722,18,27,45,41
5723,18,27,37,11
5724,18,27,26,47
5725,18,27,35,24
5726,18,27,38,15
5727,18,27,16,14
5728,18,27,29,19
5729,18,27,16,25
5730,18,27,48,33
5731,18,27,38,17
5732,18,27,16,25
5733,18,27,34,10
5734,18,27,40,21
5735,18,27,29,41
5736,18,27,20,25
5737,18,27,35,18
5738,18,27,11,29
5739,18,27,36,42
5740,18,27,49,10
5741,18,27,28,13
5742,18,27,46,37
5743,18,27,39,25
5744,18,27,44,43
5745,18,27,25,49
5746,18,27,37,33
5747,18,27,42,42
5748,18,27,48,45
5749,18,27,26,17
5750,18,27,12,29
5751,18,27,45,24
5752,18,27,25,39
5753,18,27,17,35
5754,18,27,32,49
5755,18,27,27,29
5756,18,27,40,24
5757,18,27,16,36
5758,18,27,48,22
5759,18,27,41,21
5760,18,27,24,16
5761,18,27,24,48
5762,18,27,48,15
5763,18,27,14,42
5764,18,27,30,29
5765,18,27,32,34
5766,18,27,27,19
5767,18,27,41,42
5768,18,27,31,19
5769,18,27,42,14
5770,18,27,14,17
5771,18,27,41,48
5772,18,27,25,47
5773,18,27,20,16
5774,18,27,34,14
5775,18,27,15,37
5776,18,27,16,10
5777,18,27,30,11
5778,18,27,34,34
5779,18,27,24,11
5780,18,27,12,17
5781,18,27,15,29
5782,18,27,45,30
5783,18,27,38,28
5784,18,27,34,46
5785,18,27,20,23
5786,18,27,49,15
5787,18,27,27,20
5788,18,27,49,25
5789,18,27,35,38
5790,18,27,44,41
5791,18,27,39,15
5792,18,27,13,31
5793,18,27,33,27
5794,18,27,21,35
5795,18,27,39,41
5796,18,27,40,47
5797,18,27,46,34
5798,18,27,49,41
5799,18,27,46,27
5800,18,27,45,30
5801,18,27,37,14
5802,18,27,16,23
5803,18,27,16,34
5804,18,27,11,24
5805,18,27,19,30
5806,18,27,12,34
5807,18,27,25,13
5808,18,27,32,34
5809,18,27,35,28
5810,18,27,49,41
5811,18,27,18,28
5812,18,27,19,27
5813,18,27,21,15
5814,18,27,48,20
5815,18,27,23,19
5816,18,27,36,34
5817,18,27,15,22
5818,18,27,12,15
5819,18,27,46,14
5820,18,27,23,19
5821,18,27,45,17
5822,18,27,20,24
5823,18,27,36,46
5824,18,27,48,44
5825,18,27,29,33
5826,18,27,24,13
5827,18,27,35,32
5828,18,27,37,22
5829,18,27,28,22
5830,18,27,34,37
5831,18,27,17,41
5832,18,27,24,14
5833,18,27,37,27
5834,18,27,20,10
5835,18,27,25,19
5836,18,27,15,12
5837,18,27,14,45
5838,18,27,22,17
5839,18,27,42,20
5840,18,27,49,10
5841,18,27,29,14
5842,18,27,48,20
5843,18,27,30,41
5844,18,27,30,37
5845,18,27,44,17
5846,18,27,27,36
5847,18,27,30,48
5848,18,27,22,38
5849,18,27,27,39
5850,18,27,47,46
5851,18,27,33,28
5852,18,27,40,13
5853,18,27,18,49
5854,18,27,31,12
5855,18,27,48,32
5856,18,27,31,42
5857,18,27,47,38
5858,18,27,15,35
5859,18,27,23,48
5860,18,27,18,16
5861,18,27,22,38
5862,18,27,18,24
5863,18,27,36,26
5864,18,27,19,24
5865,18,27,35,32
5866,18,27,27,11
5867,18,27,14,39
5868,18,27,34,35
5869,18,27,41,17
5870,18,27,13,21
5871,18,27,20,41
5872,18,27,28,13
5873,18,27,36,45
5874,18,27,10,47
5875,18,27,34,46
5876,18,27,45,15
5877,18,27,24,21
5878,18,27,33,18
5879,18,27,22,38
5880,18,27,24,34
5881,18,27,49,44
5882,18,27,18,38
5883,18,27,16,34
5884,18,27,12,23
5885,18,27,35,43
5886,18,27,45,41
5887,18,27,23,47
5888,18,27,18,24
5889,18,27,10,21
5890,18,27,46,17
5891,18,27,44,13
5892,18,27,24,20
5893,18,27,10,18
5894,18,27,34,39
5895,18,27,31,17
5896,18,27,21,11
5897,18,27,47,21
5898,18,27,36,39
5899,18,27,45,33
5900,18,27,29,39
5901,18,27,39,27
5902,18,27,46,36
5903,18,27,17,33
5904,18,27,26,46
5905,18,27,18,35
5906,18,27,44,14
5907,18,27,18,16
5908,18,27,34,35
5909,18,27,33,18
5910,18,27,15,15
5911,18,27,29,40
5912,18,27,37,33
5913,18,27,12,18
5914,18,27,33,22
5915,18,27,37,49
5916,18,27,37,25
5917,18,27,48,42
5918,18,27,45,40
5919,18,27,40,46
5920,18,27,42,10
5921,18,27,36,20
5922,18,27,41,13
5923,18,27,16,11
5924,18,27,14,13
5925,18,27,17,33
5926,18,27,34,25
5927,18,27,18,18
5928,18,27,24,20
5929,18,27,40,45
5930,18,27,22,49
5931,18,27,35,35
5932,18,27,46,19
5933,18,27,46,31
5934,18,27,16,13
5935,18,27,47,11
5936,18,27,40,45
5937,18,27,20,33
5938,18,27,24,42
5939,18,27,33,39
5940,18,27,20,36
5941,18,27,29,48
5942,18,27,27,27
5943,18,27,14,25
5944,18,27,11,18
5945,18,27,20,40
5946,18,27,21,49
5947,18,27,21,29
5948,18,27,40,37
5949,18,27,47,30
5950,18,27,28,22
5951,18,27,14,37
5952,18,27,40,13
5953,18,27,13,39
5954,18,27,34,10
5955,18,27,47,36
5956,18,27,39,46
5957,18,27,28,37
5958,18,27,12,24
5959,18,27,19,19
5960,18,27,27,31
5961,18,27,33,44
5962,18,27,29,16
5963,18,27,16,14
5964,18,27,21,30
5965,18,27,41,26
5966,18,27,22,45
5967,18,27,16,30
5968,18,27,29,34
5969,18,27,42,16
5970,18,27,40,31
5971,18,27,44,45
5972,18,27,49,19
5973,18,27,34,35
5974,18,27,44,14
5975,18,27,14,22
5976,18,27,46,39
5977,18,27,29,40
5978,18,27,36,39
5979,18,27,15,23
5980,18,27,36,26
5981,18,27,18,29
5982,18,27,20,11
5983,18,27,19,15
5984,18,27,18,27
5985,18,27,43,47
5986,18,27,24,45
5987,18,27,41,27
5988,18,27,13,27
5989,18,27,49,43
5990,18,27,32,20
5991,18,27,48,23
5992,18,27,31,37
5993,18,27,19,35
5994,18,27,45,21
5995,18,27,20,15
5996,18,27,32,27
5997,18,27,46,43
5998,18,27,17,20
5999,18,27,45,49
6000,18,27,49,27
6001,18,27,35,16
6002,18,27,20,18
6003,18,27,38,27
6004,18,27,11,46
6005,18,27,29,27
6006,18,27,30,11
6007,18,27,43,29
6008,18,27,37,11
6009,18,27,42,18
6010,18,27,30,34
6011,18,27,30,22
6012,18,27,40,36
6013,18,27,16,13
6014,18,27,15,37
6015,18,27,24,44
6016,18,27,42,49
6017,18,27,42,13
6018,18,27,33,12
6019,18,27,24,44
6020,18,27,32,37
6021,18,27,14,46
6022,18,27,33,38
6023,18,27,46,33
6024,18,27,24,14
6025,18,27,46,23
6026,18,27,37,23
6027,18,27,23,48
6028,18,27,49,36
6029,18,27,43,24
6030,18,27,11,13
6031,18,27,15,47
6032,18,27,12,25
6033,18,27,11,17
6034,18,27,32,19
6035,18,27,17,25
6036,18,27,38,37
6037,18,27,42,12
6038,18,27,30,20
6039,18,27,26,23
6040,18,27,18,46
6041,18,27,14,33
6042,18,27,26,46
6043,18,27,32,39
6044,18,27,41,13
6045,18,27,47,41
6046,18,27,29,40
6047,18,27,32,35
6048,18,27,10,28
6049,18,27,34,26
6050,18,27,49,18
6051,18,27,35,18
6052,18,27,33,18
6053,18,27,40,39
6054,18,27,20,40
6055,18,27,13,21
6056,18,27,42,44
6057,18,27,29,36
6058,18,27,36,21
6059,18,27,14,33
6060,18,27,20,39
6061,18,27,34,47
6062,18,27,15,47
6063,18,27,10,13
6064,18,27,31,38
6065,18,27,40,22
6066,18,27,17,16
6067,18,27,13,27
6068,18,27,17,18
6069,18,27,36,48
6070,18,27,41,22
6071,18,27,28,33
6072,18,27,44,49
6073,18,27,21,27
6074,18,27,10,18
6075,18,27,32,23
6076,18,27,49,45
6077,18,27,30,43
6078,18,27,24,15
6079,18,27,17,38
6080,18,27,30,45
6081,18,27,34,22
6082,18,27,24,19
6083,18,27,27,42
6084,18,27,35,38
6085,18,27,15,13
6086,18,27,42,31
6087,18,27,13,29
6088,18,27,29,31
6089,18,27,45,45
6090,18,27,18,20
6091,18,27,31,28
6092,18,27,30,17
6093,18,27,28,40
6094,18,27,37,45
6095,18,27,46,37
6096,18,27,40,16
6097,18,27,36,15
6098,18,27,31,25
6099,18,27,26,26
6100,18,27,27,12
6101,18,27,26,44
6102,18,27,39,29
6103,18,27,13,44
6104,18,27,39,34
6105,18,27,44,26
6106,18,27,10,39
6107,18,27,36,46
6108,18,27,14,20
6109,18,27,19,29
6110,18,27,46,22
6111,18,27,22,48
6112,18,27,20,47
6113,18,27,19,31
6114,18,27,25,32
6115,18,27,26,17
6116,18,27,47,11
6117,18,27,29,17
6118,18,27,43,29
6119,18,27,22,42
6120,18,27,42,15
6121,18,27,46,14
6122,18,27,28,38
6123,18,27,32,12
6124,18,27,28,40
6125,18,27,31,32
6126,18,27,47,27
6127,18,27,48,15
6128,18,27,22,12
6129,18,27,22,40
6130,18,27,33,11
6131,18,27,16,26
6132,18,27,24,34
6133,18,27,33,46
6134,18,27,16,47
6135,18,27,39,39
6136,18,27,36,36
6137,18,27,17,11
6138,18,27,45,44
6139,18,27,41,21
6140,18,27,20,15
6141,18,27,46,35
6142,18,27,45,38
6143,18,27,19,25
6144,18,27,38,27
6145,18,27,43,19
6146,18,27,23,13
6147,18,27,29,42
6148,18,27,42,24
6149,18,27,35,24
6150,18,27,24,12
6151,18,27,12,40
6152,18,27,16,15
6153,18,27,17,35
6154,18,27,12,41
6155,18,27,31,38
6156,18,27,49,22
6157,18,27,12,21
6158,18,27,14,25
6159,18,27,20,28
6160,18,27,23,12
6161,18,27,32,26
6162,18,27,45,32
6163,18,27,21,44
6164,18,27,48,14
6165,18,27,16,44
6166,18,27,44,44
6167,18,27,30,32
6168,18,27,26,17
6169,18,27,43,21
6170,18,27,38,49
6171,18,27,20,26
6172,18,27,20,45
6173,18,27,46,10
6174,18,27,49,41
6175,18,27,31,30
6176,18,27,21,35
6177,18,27,19,23
6178,18,27,34,27
6179,18,27,12,44
6180,18,27,23,44
6181,18,27,24,31
6182,18,27,15,44
6183,18,27,32,23
6184,18,27,25,31
6185,18,27,24,15
6186,18,27,43,37
6187,18,27,25,24
6188,18,27,49,37
6189,18,27,30,12
6190,18,27,33,11
6191,18,27,35,18
6192,18,27,28,19
6193,18,27,28,25
6194,18,27,29,16
6195,18,27,26,29
6196,18,27,14,17
6197,18,27,40,27
6198,18,27,26,32
6199,18,27,48,19
6200,18,27,40,32
6201,18,27,31,11
6202,18,27,12,18
6203,18,27,12,19
6204,18,27,47,39
6205,18,27,31,29
6206,18,27,49,23
6207,18,27,36,27
6208,18,27,21,21
6209,18,27,41,21
6210,18,27,32,18
6211,18,27,19,27
6212,18,27,22,23
6213,18,27,47,43
6214,18,27,33,27
6215,18,27,42,14
6216,18,27,29,33
6217,18,27,40,13
6218,18,27,28,25
6219,18,27,36,16
6220,18,27,10,49
6221,18,27,24,45
6222,18,27,26,20
6223,18,27,32,48
6224,18,27,11,32
6225,18,27,11,49
6226,18,27,38,14
6227,18,27,30,26
6228,18,27,29,14
6229,18,27,47,26
6230,18,27,42,23
6231,18,27,31,45
6232,18,27,11,36
6233,18,27,14,16
6234,18,27,37,42
6235,18,27,16,43
6236,18,27,40,30
6237,18,27,10,41
6238,18,27,13,43
6239,18,27,25,11
6240,18,27,37,30
6241,18,27,19,13
6242,18,27,16,18
6243,18,27,19,32
6244,18,27,12,35
6245,18,27,33,16
6246,18,27,26,46
6247,18,27,18,15
6248,18,27,32,19
6249,18,27,26,21
6250,18,27,37,33
6251,18,27,48,19
6252,18,27,21,10
6253,18,27,47,26
6254,18,27,32,11
6255,18,27,39,26
6256,18,27,16,20
6257,18,27,36,38
6258,18,27,43,41
6259,18,27,47,48
6260,18,27,40,23
6261,18,27,22,18
6262,18,27,47,17
6263,18,27,18,10
6264,18,27,36,45
6265,18,27,33,12
6266,18,27,48,22
6267,18,27,10,17
6268,18,27,44,48
6269,18,27,28,13
6270,18,27,49,18
6271,18,27,28,18
6272,18,27,14,21
6273,18,27,17,16
6274,18,27,13,44
6275,18,27,40,44
6276,18,27,49,35
6277,18,27,32,18
6278,18,27,39,46
6279,18,27,25,24
6280,18,27,23,12
6281,18,27,25,28
6282,18,27,14,14
6283,18,27,19,36
6284,18,27,16,34
6285,18,27,20,33
6286,18,27,20,33
6287,18,27,35,10
6288,18,27,34,41
6289,18,27,40,17
6290,18,27,37,47
6291,18,27,34,21
6292,18,27,20,45
6293,18,27,45,26
6294,18,27,32,25
6295,18,27,22,40
6296,18,27,18,45
6297,18,27,10,21
6298,18,27,17,34
6299,18,27,38,46
6300,18,27,41,25
6301,18,27,30,39
6302,18,27,46,37
6303,18,27,24,15
6304,18,27,25,49
6305,18,27,40,45
6306,18,27,23,12
6307,18,27,48,46
6308,18,27,21,35
6309,18,27,48,24
6310,18,27,49,40
6311,18,27,20,35
6312,18,27,28,32
6313,18,27,29,42
6314,18,27,38,30
6315,18,27,42,43
6316,18,27,21,47
6317,18,27,20,44
6318,18,27,11,45
6319,18,27,28,33
6320,18,27,43,38
6321,18,27,11,31
6322,18,27,31,15
6323,18,27,25,18
6324,18,27,42,11
6325,18,27,36,40
6326,18,27,14,13
6327,18,27,26,46
6328,18,27,18,13
6329,18,27,47,29
6330,18,27,27,29
6331,18,27,31,24
6332,18,27,44,13
6333,18,27,44,47
6334,18,27,24,42
6335,18,27,47,36
6336,18,27,28,22
6337,18,27,38,49
6338,18,27,25,40
6339,18,27,18,11
6340,18,27,26,15
6341,18,27,19,30
6342,18,27,35,33
6343,18,27,16,27
6344,18,27,22,41
6345,18,27,23,15
6346,18,27,40,33
6347,18,27,21,30
6348,18,27,25,19
6349,18,27,23,21
6350,18,27,26,37
6351,18,27,15,43
6352,18,27,49,25
6353,18,27,15,36
6354,18,27,33,16
6355,18,27,16,31
6356,18,27,22,26
6357,18,27,13,33
6358,18,27,32,41
6359,18,27,27,19
6360,18,27,41,40
6361,18,27,40,13
6362,18,27,28,31
6363,18,27,15,37
6364,18,27,15,25
6365,18,27,37,17
6366,18,27,32,46
6367,18,27,41,23
6368,18,27,39,30
6369,18,27,20,13
6370,18,27,36,43
6371,18,27,12,21
6372,18,27,45,15
6373,18,27,43,42
6374,18,27,44,29
6375,18,27,12,12
6376,18,27,42,26
6377,18,27,38,24
6378,18,27,33,20
6379,18,27,44,24
6380,18,27,44,19
6381,18,27,34,20
6382,18,27,16,12
6383,18,27,41,41
6384,18,27,11,16
6385,18,27,27,15
6386,18,27,47,12
6387,18,27,21,29
6388,18,27,14,47
6389,18,27,29,37
6390,18,27,38,25
6391,18,27,11,23
6392,18,27,33,36
6393,18,27,46,35
6394,18,27,46,42
6395,18,27,32,31
6396,18,27,40,49
6397,18,27,41,36
6398,18,27,47,14
6399,18,27,35,43
6400,18,27,24,21
6401,18,27,10,10
6402,18,27,47,46
6403,18,27,47,31
6404,18,27,29,49
6405,18,27,20,34
6406,18,27,49,17
6407,18,27,39,12
6408,18,27,32,30
6409,18,27,30,38
6410,18,27,43,47
6411,18,27,15,37
6412,18,27,18,18
6413,18,27,24,23
6414,18,27,25,35
6415,18,27,37,37
6416,18,27,46,43
6417,18,27,43,48
6418,18,27,11,41
6419,18,27,22,10
6420,18,27,14,30
6421,18,27,45,45
6422,18,27,29,23
6423,18,27,18,15
6424,18,27,17,14
6425,18,27,14,28
6426,18,27,47,31
6427,18,27,16,41
6428,18,27,33,12
6429,18,27,20,16
6430,18,27,29,12
6431,18,27,47,15
6432,18,27,44,32
6433,18,27,15,46
6434,18,27,49,37
6435,18,27,21,39
6436,18,27,19,27
6437,18,27,37,49
6438,18,27,29,18
6439,18,27,43,28
6440,18,27,23,31
6441,18,27,35,36
6442,18,27,24,38
6443,18,27,43,13
6444,18,27,38,12
6445,18,27,33,34
6446,18,27,44,33
6447,18,27,22,47
6448,18,27,32,26
6449,18,27,11,47
6450,18,27,18,44
6451,18,27,30,41
6452,18,27,46,26
6453,18,27,35,48
6454,18,27,23,33
6455,18,27,24,26
6456,18,27,14,17
6457,18,27,15,47
6458,18,27,29,19
6459,18,27,42,38
6460,18,27,11,28
6461,18,27,17,13
6462,18,27,36,49
6463,18,27,43,49
6464,18,27,48,46
6465,18,27,23,45
6466,18,27,17,10
6467,18,27,33,25
6468,18,27,27,22
6469,18,27,38,49
6470,18,27,38,20
6471,18,27,46,10
6472,18,27,17,28
6473,18,27,32,38
6474,18,27,38,11
6475,18,27,23,17
6476,18,27,46,13
6477,18,27,44,35
6478,18,27,47,32
6479,18,27,28,32
6480,18,27,33,24
6481,18,27,34,41
6482,18,27,38,28
6483,18,27,45,29
6484,18,27,46,25
6485,18,27,19,43
6486,18,27,46,10
6487,18,27,41,16
6488,18,27,23,40
6489,18,27,37,13
6490,18,27,14,13
6491,18,27,37,45
6492,18,27,26,46
6493,18,27,31,46
6494,18,27,49,31
6495,18,27,43,43
6496,18,27,36,41
6497,18,27,26,28
6498,18,27,26,33
6499,18,27,13,21
6500,18,27,11,36
6501,18,27,45,19
6502,18,27,11,27
6503,18,27,22,26
6504,18,27,25,34
6505,18,27,24,26
6506,18,27,15,45
6507,18,27,23,20
6508,18,27,10,19
6509,18,27,29,21
6510,18,27,41,44
6511,18,27,22,18
6512,18,27,47,38
6513,18,27,31,34
6514,18,27,16,37
6515,18,27,24,25
6516,18,27,19,10
6517,18,27,24,37
6518,18,27,11,37
6519,18,27,15,28
6520,18,27,19,10
6521,18,27,10,37
6522,18,27,45,26
6523,18,27,46,42
6524,18,27,11,47
6525,18,27,13,10
6526,18,27,49,15
6527,18,27,26,22
6528,18,27,15,32
6529,18,27,12,34
6530,18,27,33,36
6531,18,27,35,17
6532,18,27,39,46
6533,18,27,34,17
6534,18,27,46,26
6535,18,27,20,27
6536,18,27,18,33
6537,18,27,41,25
6538,18,27,22,40
6539,18,27,22,11
6540,18,27,42,19
6541,18,27,36,42
6542,18,27,14,11
6543,18,27,45,27
6544,18,27,13,23
6545,18,27,31,46
6546,18,27,14,17
6547,18,27,32,17
6548,18,27,44,39
6549,18,27,48,10
6550,18,27,41,23
6551,18,27,40,33
6552,18,27,40,17
6553,18,27,23,27
6554,18,27,47,48
6555,18,27,11,16
6556,18,27,39,16
6557,18,27,10,41
6558,18,27,32,32
6559,18,27,43,21
6560,18,27,42,17
6561,18,27,13,37
6562,18,27,47,27
6563,18,27,16,33
6564,18,27,33,20
6565,18,27,41,41
6566,18,27,12,11
6567,18,27,44,23
6568,18,27,24,42
6569,18,27,47,31
6570,18,27,29,18
6571,18,27,42,18
6572,18,27,39,22
6573,18,27,10,28
6574,18,27,12,12
6575,18,27,43,49
6576,18,27,15,31
6577,18,27,38,46
6578,18,27,44,10
6579,18,27,39,15
6580,18,27,20,26
6581,18,27,15,37
6582,18,27,36,15
6583,18,27,22,12
6584,18,27,12,39
6585,18,27,23,28
6586,18,27,23,22
6587,18,27,38,14
6588,18,27,12,26
6589,18,27,14,30
6590,18,27,48,10
6591,18,27,33,39
6592,18,27,26,22
6593,18,27,28,42
6594,18,27,40,46
6595,18,27,39,26
6596,18,27,45,20
6597,18,27,11,38
6598,18,27,48,35
6599,18,27,35,26
6600,18,27,33,33
6601,18,27,39,17
6602,18,27,29,12
6603,18,27,44,49
6604,18,27,10,20
6605,18,27,38,49
6606,18,27,38,12
6607,18,27,14,12
6608,18,27,46,27
6609,18,27,42,31
6610,18,27,14,29
6611,18,27,32,23
6612,18,27,19,35
6613,18,27,43,37
6614,18,27,48,37
6615,18,27,49,32
6616,18,27,29,26
6617,18,27,45,37
6618,18,27,19,34
6619,18,27,35,18
6620,18,27,49,18
6621,18,27,11,48
6622,18,27,19,42
6623,18,27,43,40
6624,18,27,10,39
6625,18,27,39,40
6626,18,27,43,40
6627,18,27,15,29
6628,18,27,45,24
6629,18,27,42,14
6630,18,27,16,23
6631,18,27,26,49
6632,18,27,42,28
6633,18,27,23,16
6634,18,27,15,28
6635,18,27,11,33
6636,18,27,39,40
6637,18,27,31,34
6638,18,27,40,47
6639,18,27,20,49
6640,18,27,43,30
6641,18,27,34,19
6642,18,27,34,10
6643,18,27,39,33
6644,18,27,42,24
6645,18,27,39,12
6646,18,27,28,45
6647,18,27,44,19
6648,18,27,16,46
6649,18,27,40,28
6650,18,27,29,33
6651,18,27,28,20
6652,18,27,27,21
6653,18,27,26,15
6654,18,27,28,33
6655,18,27,27,32
6656,18,27,23,36
6657,18,27,11,34
6658,18,27,42,32
6659,18,27,16,39
6660,18,27,31,38
6661,18,27,19,48
6662,18,27,27,28
6663,18,27,48,39
6664,18,27,47,38
6665,18,27,44,23
6666,18,27,49,35
6667,18,27,25,38
6668,18,27,45,21
6669,18,27,25,21
6670,18,27,40,23
6671,18,27,19,28
6672,18,27,38,13
6673,18,27,38,23
6674,18,27,34,29
6675,18,27,34,34
6676,18,27,32,22
6677,18,27,29,41
6678,18,27,39,30
6679,18,27,42,43
6680,18,27,33,11
6681,18,27,35,24
6682,18,27,21,15
6683,18,27,45,10
6684,18,27,49,47
6685,18,27,27,47
6686,18,27,45,38
6687,18,27,16,42
6688,18,27,12,38
6689,18,27,35,36
6690,18,27,33,23
6691,18,27,32,43
6692,18,27,21,33
6693,18,27,49,20
6694,18,27,11,42
6695,18,27,43,31
6696,18,27,16,17
6697,18,27,19,39
6698,18,27,34,13
6699,18,27,41,43
6700,18,27,11,37
6701,18,27,19,21
6702,18,27,21,34
6703,18,27,45,31
6704,18,27,48,11
6705,18,27,20,28
6706,18,27,12,22
6707,18,27,14,13
6708,18,27,15,27
6709,18,27,41,44
6710,18,27,16,17
6711,18,27,19,48
6712,18,27,28,23
6713,18,27,48,41
6714,18,27,34,30
6715,18,27,26,37
6716,18,27,34,11
6717,18,27,49,17
6718,18,27,35,26
6719,18,27,46,43
6720,18,27,45,38
6721,18,27,35,46
6722,18,27,44,20
6723,18,27,15,11
6724,18,27,11,13
6725,18,27,14,24
6726,18,27,15,41
6727,18,27,32,33
6728,18,27,39,39
6729,18,27,21,36
6730,18,27,28,45
6731,18,27,47,31
6732,18,27,26,42
6733,18,27,23,34
6734,18,27,12,17
6735,18,27,32,20
6736,18,27,33,13
6737,18,27,12,22
6738,18,27,48,22
6739,18,27,30,42
6740,18,27,22,29
6741,18,27,44,18
6742,18,27,40,14
6743,18,27,15,36
6744,18,27,40,47
6745,18,27,24,20
6746,18,27,11,37
6747,18,27,16,47
6748,18,27,18,34
6749,18,27,33,48
6750,18,27,20,29
6751,18,27,18,33
6752,18,27,42,35
6753,18,27,15,15
6754,18,27,37,45
6755,18,27,17,48
6756,18,27,27,13
6757,18,27,39,18
6758,18,27,37,44
6759,18,27,31,36
6760,18,27,38,20
6761,18,27,44,18
6762,18,27,24,27
6763,18,27,26,19
6764,18,27,41,48
6765,18,27,44,37
6766,18,27,29,28
6767,18,27,45,16
6768,18,27,11,41
6769,18,27,14,28
6770,18,27,34,49
6771,18,27,23,26
6772,18,27,34,26
6773,18,27,46,41
6774,18,27,21,34
6775,18,27,35,10
6776,18,27,22,48
6777,18,27,33,39
6778,18,27,29,45
6779,18,27,23,25
6780,18,27,41,17
6781,18,27,12,18
6782,18,27,43,44
6783,18,27,10,18
6784,18,27,42,39
6785,18,27,41,16
6786,18,27,44,47
6787,18,27,41,20
6788,18,27,20,16
6789,18,27,42,33
6790,18,27,14,27
6791,18,27,39,13
6792,18,27,15,48
6793,18,27,48,26
6794,18,27,45,11
6795,18,27,45,27
6796,18,27,31,43
6797,18,27,35,18
6798,18,27,14,21
6799,18,27,23,47
6800,18,27,28,45
6801,18,27,18,11
6802,18,27,25,49
6803,18,27,42,33
6804,18,27,10,46
6805,18,27,32,13
6806,18,27,44,36
6807,18,27,17,10
6808,18,27,37,17
6809,18,27,43,10
6810,18,27,40,34
6811,18,27,23,30
6812,18,27,24,37
6813,18,27,46,30
6814,18,27,26,11
6815,18,27,18,21
6816,18,27,39,28
6817,18,27,46,29
6818,18,27,24,10
6819,18,27,44,18
6820,18,27,25,19
6821,18,27,40,34
6822,18,27,15,13
6823,18,27,35,14
6824,18,27,38,33
6825,18,27,40,42
6826,18,27,38,25
6827,18,27,33,32
6828,18,27,20,23
6829,18,27,15,24
6830,18,27,11,28
6831,18,27,14,27
6832,18,27,42,17
6833,18,27,38,19
6834,18,27,19,23
6835,18,27,29,31
6836,18,27,48,21
6837,18,27,20,48
6838,18,27,25,11
6839,18,27,12,44
6840,18,27,19,47
6841,18,27,47,20
6842,18,27,38,20
6843,18,27,36,26
6844,18,27,18,13
6845,18,27,14,45
6846,18,27,34,12
6847,18,27,14,32
6848,18,27,32,44
6849,18,27,20,17
6850,18,27,15,37
6851,18,27,18,21
6852,18,27,17,45
6853,18,27,41,26
6854,18,27,22,10
6855,18,27,13,30
6856,18,27,44,13
6857,18,27,45,16
6858,18,27,44,33
6859,18,27,40,31
6860,18,27,29,44
6861,18,27,12,13
6862,18,27,16,34
6863,18,27,28,28
6864,18,27,44,31
6865,18,27,19,40
6866,18,27,29,39
6867,18,27,31,11
6868,18,27,39,41
6869,18,27,23,39
6870,18,27,28,33
6871,18,27,22,39
6872,18,27,41,49
6873,18,27,34,25
6874,18,27,28,32
6875,18,27,32,10
6876,18,27,35,42
6877,18,27,20,21
6878,18,27,14,15
6879,18,27,37,36
6880,18,27,24,45
6881,18,27,49,38
6882,18,27,34,23
6883,18,27,43,14
6884,18,27,30,13
6885,18,27,12,43
6886,18,27,26,39
6887,18,27,39,26
6888,18,27,49,49
6889,18,27,44,41
6890,18,27,34,44
6891,18,27,29,36
6892,18,27,28,20
6893,18,27,48,42
6894,18,27,21,32
6895,18,27,14,44
6896,18,27,39,36
6897,18,27,47,17
6898,18,27,18,30
6899,18,27,21,11
6900,18,27,21,19
6901,18,27,39,43
6902,18,27,34,18
6903,18,27,17,23
6904,18,27,26,17
6905,18,27,13,19
6906,18,27,24,17
6907,18,27,35,22
6908,18,27,40,23
6909,18,27,13,39
6910,18,27,19,44
6911,18,27,37,10
6912,18,27,22,34
6913,18,27,17,27
6914,18,27,17,20
6915,18,27,20,16
6916,18,27,41,27
6917,18,27,27,38
6918,18,27,32,44
6919,18,27,19,44
6920,18,27,14,19
6921,18,27,36,22
6922,18,27,23,40
6923,18,27,30,25
6924,18,27,25,43
6925,18,27,39,11
6926,18,27,42,35
6927,18,27,14,47
6928,18,27,41,18
6929,18,27,35,19
6930,18,27,43,39
6931,18,27,43,11
6932,18,27,42,46
6933,18,27,17,10
6934,18,27,43,41
6935,18,27,19,31
6936,18,27,47,19
6937,18,27,40,11
6938,18,27,11,48
6939,18,27,11,17
6940,18,27,11,44
6941,18,27,30,38
6942,18,27,24,42
6943,18,27,10,23
6944,18,27,31,14
6945,18,27,13,42
6946,18,27,26,33
6947,18,27,29,19
6948,18,27,15,45
6949,18,27,13,18
6950,18,27,12,13
6951,18,27,25,41
6952,18,27,47,39
6953,18,27,33,32
6954,18,27,34,42
6955,18,27,10,35
6956,18,27,40,20
6957,18,27,46,29
6958,18,27,29,21
6959,18,27,30,31
6960,18,27,37,28
6961,18,27,26,46
6962,18,27,48,22
6963,18,27,35,39
6964,18,27,24,30
6965,18,27,39,16
6966,18,27,36,19
6967,18,27,41,40
6968,18,27,20,48
6969,18,27,21,24
6970,18,27,27,13
6971,18,27,30,40
6972,18,27,20,33
6973,18,27,34,40
6974,18,27,33,18
6975,18,27,22,23
6976,18,27,13,34
6977,18,27,13,39
6978,18,27,32,19
6979,18,27,38,10
6980,18,27,24,35
6981,18,27,38,30
6982,18,27,11,17
6983,18,27,17,45
6984,18,27,48,39
6985,18,27,20,15
6986,18,27,34,33
6987,18,27,15,39
6988,18,27,41,27
6989,18,27,22,24
6990,18,27,26,46
6991,18,27,14,13
6992,18,27,24,36
6993,18,27,31,39
6994,18,27,12,32
6995,18,27,43,28
6996,18,27,25,46
6997,18,27,24,16
6998,18,27,19,25
6999,18,27,15,46
7000,18,27,16,17
7001,18,27,38,42
7002,18,27,41,37
7003,18,27,30,36
7004,18,27,40,25
7005,18,27,45,32
7006,18,27,38,35
7007,18,27,47,24
7008,18,27,32,18
7009,18,27,26,49
7010,18,27,46,12
7011,18,27,12,27
7012,18,27,23,47
7013,18,27,24,13
7014,18,27,45,17
7015,18,27,37,40
7016,18,27,36,30
7017,18,27,14,47
7018,18,27,18,21
7019,18,27,39,41
7020,18,27,13,42
7021,18,27,30,36
7022,18,27,24,23
7023,18,27,15,10
7024,18,27,38,47
7025,18,27,41,43
7026,18,27,16,22
7027,18,27,14,12
7028,18,27,39,23
7029,18,27,16,36
7030,18,27,45,41
7031,18,27,49,42
7032,18,27,39,46
7033,18,27,14,22
7034,18,27,42,41
7035,18,27,38,22
7036,18,27,13,37
7037,18,27,18,42
7038,18,27,11,22
7039,18,27,33,43
7040,18,27,29,18
7041,18,27,18,38
7042,18,27,42,35
7043,18,27,37,48
7044,18,27,18,23
7045,18,27,28,11
7046,18,27,39,31
7047,18,27,37,47
7048,18,27,32,19
7049,18,27,27,15
7050,18,27,35,18
7051,18,27,21,13
7052,18,27,45,37
7053,18,27,41,11
7054,18,27,48,20
7055,18,27,47,22
7056,18,27,41,14
7057,18,27,10,22
7058,18,27,49,45
7059,18,27,48,23
7060,18,27,38,37
7061,18,27,12,38
7062,18,27,34,14
7063,18,27,16,17
7064,18,27,29,36
7065,18,27,30,42
7066,18,27,40,38
7067,18,27,29,21
7068,18,27,46,26
7069,18,27,45,26
7070,18,27,32,16
7071,18,27,35,12
7072,18,27,24,26
7073,18,27,17,31
7074,18,27,24,49
7075,18,27,33,35
7076,18,27,10,21
7077,18,27,44,41
7078,18,27,29,43
7079,18,27,33,33
7080,18,27,22,11
7081,18,27,48,45
7082,18,27,34,28
7083,18,27,11,11
7084,18,27,12,28
7085,18,27,22,19
7086,18,27,11,12
7087,18,27,48,38
7088,18,27,28,33
7089,18,27,43,49
7090,18,27,17,17
7091,18,27,33,42
7092,18,27,20,38
7093,18,27,42,33
7094,18,27,34,43
7095,18,27,30,31
7096,18,27,27,11
7097,18,27,43,42
7098,18,27,40,25
7099,18,27,49,18
7100,18,27,45,39
7101,18,27,44,48
7102,18,27,31,12
7103,18,27,12,23
7104,18,27,15,27
7105,18,27,20,13
7106,18,27,28,47
7107,18,27,44,24
7108,18,27,36,28
7109,18,27,21,34
7110,18,27,32,15
7111,18,27,20,46
7112,18,27,39,44
7113,18,27,35,13
7114,18,27,24,35
7115,18,27,10,35
7116,18,27,48,22
7117,18,27,26,45
7118,18,27,30,43
7119,18,27,20,15
7120,18,27,24,16
7121,18,27,17,28
7122,18,27,32,30
7123,18,27,31,13
7124,18,27,15,23
7125,18,27,16,29
7126,18,27,42,34
7127,18,27,47,49
7128,18,27,49,29
7129,18,27,49,10
7130,18,27,33,29
7131,18,27,43,32
7132,18,27,38,34
7133,18,27,45,29
7134,18,27,37,41
7135,18,27,23,37
7136,18,27,43,42
7137,18,27,22,26
7138,18,27,22,12
7139,18,27,17,46
7140,18,27,12,11
7141,18,27,38,20
7142,18,27,36,30
7143,18,27,38,32
7144,18,27,17,27
7145,18,27,10,24
7146,18,27,32,37
7147,18,27,49,48
7148,18,27,45,27
7149,18,27,35,16
7150,18,27,46,33
7151,18,27,13,15
7152,18,27,34,42
7153,18,27,26,39
7154,18,27,16,21
7155,18,27,21,46
7156,18,27,16,30
7157,18,27,47,17
7158,18,27,23,31
7159,18,27,37,15
7160,18,27,45,10
7161,18,27,29,40
7162,18,27,38,35
7163,18,27,12,46
7164,18,27,46,37
7165,18,27,23,10
7166,18,27,47,17
7167,18,27,20,39
7168,18,27,12,15
7169,18,27,49,40
7170,18,27,30,33
7171,18,27,45,20
7172,18,27,16,49
7173,18,27,44,10
7174,18,27,11,19
7175,18,27,21,35
7176,18,27,34,22
7177,18,27,33,19
7178,18,27,43,12
7179,18,27,38,13
7180,18,27,10,20
7181,18,27,23,22
7182,18,27,39,38
7183,18,27,11,12
7184,18,27,40,49
7185,18,27,30,43
7186,18,27,23,35
7187,18,27,27,24
7188,18,27,31,42
7189,18,27,18,29
7190,18,27,47,22
7191,18,27,37,14
7192,18,27,33,17
7193,18,27,13,43
7194,18,27,19,29
7195,18,27,45,38
7196,18,27,10,20
7197,18,27,41,38
7198,18,27,23,12
7199,18,27,36,12
7200,18,27,17,36
7201,18,27,16,32
7202,18,27,26,25
7203,18,27,24,32
7204,18,27,44,12
7205,18,27,45,35
7206,18,27,19,36
7207,18,27,21,47
7208,18,27,21,45
7209,18,27,18,20
7210,18,27,11,31
7211,18,27,48,31
7212,18,27,14,46
7213,18,27,44,10
7214,18,27,29,49
7215,18,27,32,34
7216,18,27,24,18
7217,18,27,46,48
7218,18,27,11,23
7219,18,27,47,45
7220,18,27,34,25
7221,18,27,14,24
7222,18,27,20,27
7223,18,27,17,42
7224,18,27,33,42
7225,18,27,34,37
7226,18,27,15,34
7227,18,27,43,10
7228,18,27,41,26
7229,18,27,27,40
7230,18,27,38,31
7231,18,27,33,25
7232,18,27,30,20
7233,18,27,18,19
7234,18,27,35,12
7235,18,27,40,49
7236,18,27,11,47
7237,18,27,34,16
7238,18,27,48,49
7239,18,27,37,48
7240,18,27,41,49
7241,18,27,48,37
7242,18,27,15,16
7243,18,27,29,17
7244,18,27,19,41
7245,18,27,40,16
7246,18,27,44,15
7247,18,27,21,23
7248,18,27,45,48
7249,18,27,17,20
7250,18,27,48,26
7251,18,27,30,12
7252,18,27,14,33
7253,18,27,44,48
7254,18,27,31,13
7255,18,27,33,26
7256,18,27,16,33
7257,18,27,44,37
7258,18,27,49,21
7259,18,27,32,31
7260,18,27,11,11
7261,18,27,25,48
7262,18,27,14,45
7263,18,27,36,39
7264,18,27,32,38
7265,18,27,42,43
7266,18,27,31,31
7267,18,27,40,32
7268,18,27,49,24
7269,18,27,10,49
7270,18,27,22,38
7271,18,27,16,13
7272,18,27,25,18
7273,18,27,15,47
7274,18,27,20,14
7275,18,27,40,42
7276,18,27,11,46
7277,18,27,41,42
7278,18,27,13,18
7279,18,27,30,17
7280,18,27,20,34
7281,18,27,40,17
7282,18,27,32,44
7283,18,27,30,25
7284,18,27,23,20
7285,18,27,45,40
7286,18,27,33,43
7287,18,27,33,20
7288,18,27,21,13
7289,18,27,28,27
7290,18,27,23,31
7291,18,27,38,14
7292,18,27,45,11
7293,18,27,18,25
7294,18,27,19,30
7295,18,27,34,19
7296,18,27,49,16
7297,18,27,48,12
7298,18,27,43,43
7299,18,27,41,27
7300,18,27,35,23
7301,18,27,38,37
7302,18,27,33,30
7303,18,27,38,29
7304,18,27,49,36
7305,18,27,46,27
7306,18,27,46,15
7307,18,27,15,48
7308,18,27,48,16
7309,18,27,26,17
7310,18,27,11,29
7311,18,27,23,33
7312,18,27,12,35
7313,18,27,27,34
7314,18,27,39,42
7315,18,27,29,29
7316,18,27,27,41
7317,18,27,42,21
7318,18,27,20,32
7319,18,27,28,32
7320,18,27,32,46
7321,18,27,32,46
7322,18,27,43,43
7323,18,27,18,11
7324,18,27,38,13
7325,18,27,19,25
7326,18,27,27,42
7327,18,27,14,25
7328,18,27,16,33
7329,18,27,42,16
7330,18,27,37,18
7331,18,27,44,19
7332,18,27,27,40
7333,18,27,34,47
7334,18,27,15,16
7335,18,27,20,39
7336,18,27,11,18
7337,18,27,37,46
7338,18,27,21,35
7339,18,27,20,32
7340,18,27,22,19
7341,18,27,24,41
7342,18,27,44,25
7343,18,27,35,31
7344,18,27,38,18
7345,18,27,39,49
7346,18,27,16,32
7347,18,27,35,34
7348,18,27,35,43
7349,18,27,15,47
7350,18,27,10,18
7351,18,27,32,45
7352,18,27,49,29
7353,18,27,48,16
7354,18,27,13,10
7355,18,27,11,21
7356,18,27,42,16
7357,18,27,13,44
7358,18,27,21,22
7359,18,27,31,33
7360,18,27,48,12
7361,18,27,36,12
7362,18,27,30,35
7363,18,27,11,27
7364,18,27,27,49
7365,18,27,34,13
7366,18,27,39,22
7367,18,27,10,21
7368,18,27,31,49
7369,18,27,10,45
7370,18,27,14,47
7371,18,27,13,21
7372,18,27,29,14
7373,18,27,44,47
7374,18,27,29,41
7375,18,27,44,37
7376,18,27,14,30
7377,18,27,40,49
7378,18,27,47,43
7379,18,27,33,32
7380,18,27,17,27
7381,18,27,46,28
7382,18,27,38,28
7383,18,27,13,47
7384,18,27,26,44
7385,18,27,44,23
7386,18,27,21,28
7387,18,27,47,47
7388,18,27,29,20
7389,18,27,31,47
7390,18,27,45,17
7391,18,27,25,45
7392,18,27,21,35
7393,18,27,44,15
7394,18,27,21,24
7395,18,27,41,41
7396,18,27,48,30
7397,18,27,23,47
7398,18,27,33,33
7399,18,27,45,31
7400,18,27,33,47
7401,18,27,33,41
7402,18,27,10,15
7403,18,27,18,49
7404,18,27,43,47
7405,18,27,34,41
7406,18,27,11,32
7407,18,27,40,41
7408,18,27,48,22
7409,18,27,16,39
7410,18,27,48,25
7411,18,27,31,26
7412,18,27,38,29
7413,18,27,23,11
7414,18,27,41,11
7415,18,27,33,13
7416,18,27,29,45
7417,18,27,15,18
7418,18,27,20,20
7419,18,27,13,13
7420,18,27,48,45
7421,18,27,27,18
7422,18,27,48,38
7423,18,27,32,46
7424,18,27,23,42
7425,18,27,18,37
7426,18,27,40,20
7427,18,27,49,36
7428,18,27,15,41
7429,18,27,24,37
7430,18,27,41,39
7431,18,27,38,18
7432,18,27,35,26
7433,18,27,32,25
7434,18,27,21,12
7435,18,27,30,26
7436,18,27,14,45
7437,18,27,28,12
7438,18,27,23,34
7439,18,27,16,38
7440,18,27,19,15
7441,18,27,26,22
7442,18,27,12,32
7443,18,27,14,32
7444,18,27,32,42
7445,18,27,34,42
7446,18,27,42,20
7447,18,27,36,35
7448,18,27,46,15
7449,18,27,34,44
7450,18,27,14,15
7451,18,27,47,29
7452,18,27,31,37
7453,18,27,36,46
7454,18,27,15,23
7455,18,27,46,20
7456,18,27,15,13
7457,18,27,43,48
7458,18,27,22,42
7459,18,27,31,41
7460,18,27,11,49
7461,18,27,48,21
7462,18,27,29,10
7463,18,27,24,26
7464,18,27,45,39
7465,18,27,39,15
7466,18,27,44,35
7467,18,27,14,20
7468,18,27,37,19
7469,18,27,11,13
7470,18,27,38,32
7471,18,27,18,38
7472,18,27,38,13
7473,18,27,41,14
7474,18,27,34,21
7475,18,27,20,28
7476,18,27,45,38
7477,18,27,29,47
7478,18,27,40,20
7479,18,27,28,29
7480,18,27,40,49
7481,18,27,27,27
7482,18,27,10,38
7483,18,27,43,48
7484,18,27,30,22
7485,18,27,48,38
7486,18,27,25,17
7487,18,27,11,44
7488,18,27,14,41
7489,18,27,37,48
7490,18,27,44,31
7491,18,27,41,23
7492,18,27,31,25
7493,18,27,29,22
7494,18,27,30,29
7495,18,27,49,43
7496,18,27,10,24
7497,18,27,10,21
7498,18,27,10,26
7499,18,27,38,39
7500,18,27,38,11
7501,18,27,21,33
7502,18,27,12,25
7503,18,27,21,22
7504,18,27,39,23
7505,18,27,31,17
7506,18,27,26,15
7507,18,27,28,48
7508,18,27,30,49
7509,18,27,16,43
7510,18,27,37,28
7511,18,27,44,15
7512,18,27,46,15
7513,18,27,49,27
7514,18,27,13,45
7515,18,27,42,32
7516,18,27,41,48
7517,18,27,33,39
7518,18,27,16,48
7519,18,27,25,36
7520,18,27,31,40
7521,18,27,39,44
7522,18,27,19,10
7523,18,27,48,40
7524,18,27,16,43
7525,18,27,48,37
7526,18,27,24,37
7527,18,27,23,21
7528,18,27,37,38
7529,18,27,19,41
7530,18,27,22,14
7531,18,27,12,25
7532,18,27,16,12
7533,18,27,46,15
7534,18,27,24,45
7535,18,27,35,48
7536,18,27,46,43
7537,18,27,12,37
7538,18,27,14,20
7539,18,27,42,43
7540,18,27,14,14
7541,18,27,45,25
7542,18,27,19,35
7543,18,27,31,33
7544,18,27,23,42
7545,18,27,45,31
7546,18,27,29,45
7547,18,27,26,24
7548,18,27,12,26
7549,18,27,12,46
7550,18,27,12,34
7551,18,27,38,43
7552,18,27,49,24
7553,18,27,23,23
7554,18,27,47,27
7555,18,27,12,42
7556,18,27,25,39
7557,18,27,32,16
7558,18,27,30,10
7559,18,27,38,41
7560,18,27,12,11
7561,18,27,12,23
7562,18,27,39,14
7563,18,27,28,33
7564,18,27,16,47
7565,18,27,49,21
7566,18,27,32,44
7567,18,27,23,24
7568,18,27,34,19
7569,18,27,28,43
7570,18,27,17,25
7571,18,27,34,15
7572,18,27,27,36
7573,18,27,31,22
7574,18,27,44,37
7575,18,27,26,49
7576,18,27,35,47
7577,18,27,27,46
7578,18,27,27,29
7579,18,27,10,13
7580,18,27,26,10
7581,18,27,28,18
7582,18,27,18,26
7583,18,27,36,26
7584,18,27,32,21
7585,18,27,42,49
7586,18,27,47,26
7587,18,27,12,15
7588,18,27,47,45
7589,18,27,16,21
7590,18,27,11,13
7591,18,27,46,18
7592,18,27,21,17
7593,18,27,13,43
7594,18,27,24,28
7595,18,27,48,28
7596,18,27,29,27
7597,18,27,41,21
7598,18,27,11,40
7599,18,27,44,10
7600,18,27,36,14
7601,18,27,17,10
7602,18,27,29,27
7603,18,27,19,32
7604,18,27,31,38
7605,18,27,43,15
7606,18,27,48,42
7607,18,27,48,22
7608,18,27,46,47
7609,18,27,27,11
7610,18,27,23,25
7611,18,27,28,26
7612,18,27,18,16
7613,18,27,33,35
7614,18,27,33,20
7615,18,27,34,26
7616,18,27,16,28
7617,18,27,24,42
7618,18,27,43,24
7619,18,27,43,44
7620,18,27,41,27
7621,18,27,32,38
7622,18,27,42,14
7623,18,27,43,27
7624,18,27,33,40
7625,18,27,39,14
7626,18,27,38,20
7627,18,27,27,31
7628,18,27,45,27
7629,18,27,18,43
7630,18,27,11,20
7631,18,27,48,14
7632,18,27,45,28
7633,18,27,43,24
7634,18,27,31,11
7635,18,27,26,23
7636,18,27,35,15
7637,18,27,26,19
7638,18,27,22,18
7639,18,27,11,22
7640,18,27,49,32
7641,18,27,31,25
7642,18,27,47,41
7643,18,27,21,47
7644,18,27,30,44
7645,18,27,47,22
7646,18,27,28,36
7647,18,27,42,16
7648,18,27,14,24
7649,18,27,24,25
7650,18,27,20,34
7651,18,27,32,28
7652,18,27,16,49
7653,18,27,46,48
7654,18,27,10,15
7655,18,27,45,38
7656,18,27,40,10
7657,18,27,11,25
7658,18,27,32,10
7659,18,27,48,10
7660,18,27,30,29
7661,18,27,42,12
7662,18,27,41,10
7663,18,27,25,16
7664,18,27,15,26
7665,18,27,10,15
7666,18,27,18,24
7667,18,27,43,10
7668,18,27,13,23
7669,18,27,34,41
7670,18,27,33,28
7671,18,27,11,22
7672,18,27,44,35
7673,18,27,42,25
7674,18,27,40,29
7675,18,27,37,41
7676,18,27,32,47
7677,18,27,15,40
7678,18,27,48,24
7679,18,27,41,25
7680,18,27,16,49
7681,18,27,32,25
7682,18,27,23,13
7683,18,27,34,21
7684,18,27,23,46
7685,18,27,20,46
7686,18,27,24,32
7687,18,27,48,32
7688,18,27,26,49
7689,18,27,22,36
7690,18,27,18,25
7691,18,27,32,25
7692,18,27,14,27
7693,18,27,29,24
7694,18,27,37,30
7695,18,27,12,10
7696,18,27,21,49
7697,18,27,38,23
7698,18,27,15,37
7699,18,27,10,41
7700,18,27,31,31
7701,18,27,21,45
7702,18,27,11,21
7703,18,27,15,42
7704,18,27,35,34
7705,18,27,16,15
7706,18,27,44,47
7707,18,27,43,44
7708,18,27,21,31
7709,18,27,24,11
7710,18,27,39,26
7711,18,27,10,31
7712,18,27,14,19
7713,18,27,31,38
7714,18,27,14,37
7715,18,27,38,17
7716,18,27,15,40
7717,18,27,20,36
7718,18,27,26,28
7719,18,27,13,27
7720,18,27,27,12
7721,18,27,22,31
7722,18,27,29,36
7723,18,27,38,28
7724,18,27,30,31
7725,18,27,36,44
7726,18,27,48,19
7727,18,27,14,41
7728,18,27,45,34
7729,18,27,40,18
7730,18,27,24,38
7731,18,27,44,30
7732,18,27,12,37
7733,18,27,28,19
7734,18,27,24,22
7735,18,27,30,48
7736,18,27,18,43
7737,18,27,49,19
7738,18,27,18,26
7739,18,27,34,46
7740,18,27,24,31
7741,18,27,26,19
7742,18,27,45,18
7743,18,27,48,37
7744,18,27,34,48
7745,18,27,15,34
7746,18,27,14,23
7747,18,27,30,22
7748,18,27,16,47
7749,18,27,47,34
7750,18,27,39,21
7751,18,27,30,21
7752,18,27,18,24
7753,18,27,41,40
7754,18,27,47,17
7755,18,27,23,25
7756,18,27,22,23
7757,18,27,14,42
7758,18,27,15,38
7759,18,27,35,33
7760,18,27,14,19
7761,18,27,46,30
7762,18,27,28,10
7763,18,27,43,32
7764,18,27,19,49
7765,18,27,22,31
7766,18,27,42,14
7767,18,27,39,48
7768,18,27,42,41
7769,18,27,11,26
7770,18,27,27,49
7771,18,27,28,24
7772,18,27,28,11
7773,18,27,31,10
7774,18,27,26,38
7775,18,27,46,18
7776,18,27,14,20
7777,18,27,44,30
7778,18,27,41,33
7779,18,27,10,43
7780,18,27,16,16
7781,18,27,11,25
7782,18,27,22,43
7783,18,27,27,38
7784,18,27,32,11
7785,18,27,48,29
7786,18,27,19,23
7787,18,27,44,40
7788,18,27,22,10
7789,18,27,20,25
7790,18,27,40,43
7791,18,27,17,20
7792,18,27,19,21
7793,18,27,45,33
7794,18,27,48,41
7795,18,27,15,32
7796,18,27,18,26
7797,18,27,31,40
7798,18,27,14,38
7799,18,27,39,37
7800,18,27,22,31
7801,18,27,26,22
7802,18,27,39,15
7803,18,27,34,11
7804,18,27,25,39
7805,18,27,24,21
7806,18,27,41,45
7807,18,27,16,11
7808,18,27,33,25
7809,18,27,29,37
7810,18,27,46,19
7811,18,27,22,26
7812,18,27,32,21
7813,18,27,20,17
7814,18,27,25,43
7815,18,27,42,34
7816,18,27,45,13
7817,18,27,18,21
7818,18,27,24,38
7819,18,27,46,15
7820,18,27,14,46
7821,18,27,37,11
7822,18,27,45,32
7823,18,27,10,49
7824,18,27,17,21
7825,18,27,39,22
7826,18,27,14,20
7827,18,27,41,35
7828,18,27,42,20
7829,18,27,44,45
7830,18,27,49,24
7831,18,27,41,11
7832,18,27,45,43
7833,18,27,16,31
7834,18,27,39,19
7835,18,27,26,45
7836,18,27,45,45
7837,18,27,42,43
7838,18,27,20,46
7839,18,27,24,29
7840,18,27,10,34
7841,18,27,11,24
7842,18,27,37,13
7843,18,27,32,34
7844,18,27,42,21
7845,18,27,23,16
7846,18,27,12,49
7847,18,27,32,44
7848,18,27,10,40
7849,18,27,43,24
7850,18,27,41,47
7851,18,27,27,42
7852,18,27,22,11
7853,18,27,21,17
7854,18,27,38,32
7855,18,27,48,30
7856,18,27,30,45
7857,18,27,38,49
7858,18,27,23,40
7859,18,27,35,31
7860,18,27,11,36
7861,18,27,33,47
7862,18,27,40,32
7863,18,27,29,12
7864,18,27,48,16
7865,18,27,36,46
7866,18,27,19,30
7867,18,27,22,23
7868,18,27,37,30
7869,18,27,12,36
7870,18,27,18,17
7871,18,27,22,41
7872,18,27,21,49
7873,18,27,42,28
7874,18,27,42,22
7875,18,27,48,46
7876,18,27,17,22
7877,18,27,19,26
7878,18,27,23,11
7879,18,27,34,45
7880,18,27,42,22
7881,18,27,19,18
7882,18,27,23,45
7883,18,27,33,42
7884,18,27,16,23
7885,18,27,31,33
7886,18,27,25,29
7887,18,27,20,24
7888,18,27,22,39
7889,18,27,34,48
7890,18,27,12,35
7891,18,27,14,38
7892,18,27,40,26
7893,18,27,14,26
7894,18,27,26,43
7895,18,27,42,35
7896,18,27,42,23
7897,18,27,23,24
7898,18,27,42,13
7899,18,27,26,15
7900,18,27,14,11
7901,18,27,12,32
7902,18,27,24,22
7903,18,27,13,32
7904,18,27,22,14
7905,18,27,26,30
7906,18,27,13,29
7907,18,27,12,19
7908,18,27,23,21
7909,18,27,12,26
7910,18,27,34,23
7911,18,27,23,10
7912,18,27,46,20
7913,18,27,21,31
7914,18,27,31,12
7915,18,27,22,42
7916,18,27,38,25
7917,18,27,14,21
7918,18,27,28,25
7919,18,27,23,42
7920,18,27,24,15
7921,18,27,34,16
7922,18,27,29,36
7923,18,27,49,37
7924,18,27,16,35
7925,18,27,20,35
7926,18,27,33,25
7927,18,27,11,48
7928,18,27,47,21
7929,18,27,17,24
7930,18,27,33,25
7931,18,27,21,25
7932,18,27,39,14
7933,18,27,39,31
7934,18,27,45,27
7935,18,27,15,10
7936,18,27,27,43
7937,18,27,35,25
7938,18,27,29,12
7939,18,27,37,13
7940,18,27,24,42
7941,18,27,41,36
7942,18,27,20,49
7943,18,27,21,38
7944,18,27,43,20
7945,18,27,45,43
7946,18,27,31,23
7947,18,27,30,23
7948,18,27,43,30
7949,18,27,35,14
7950,18,27,20,13
7951,18,27,35,45
7952,18,27,35,16
7953,18,27,27,11
7954,18,27,48,49
7955,18,27,27,28
7956,18,27,48,45
7957,18,27,42,44
7958,18,27,39,36
7959,18,27,42,20
7960,18,27,36,31
7961,18,27,33,31
7962,18,27,22,12
7963,18,27,29,20
7964,18,27,44,32
7965,18,27,25,20
7966,18,27,36,37
7967,18,27,40,12
7968,18,27,48,35
7969,18,27,20,34
7970,18,27,34,38
7971,18,27,47,32
7972,18,27,45,20
7973,18,27,10,20
7974,18,27,26,15
7975,18,27,29,18
7976,18,27,26,20
7977,18,27,28,37
7978,18,27,41,25
7979,18,27,36,10
7980,18,27,10,20
7981,18,27,41,25
7982,18,27,37,31
7983,18,27,35,38
7984,18,27,32,48
7985,18,27,18,13
7986,18,27,11,26
7987,18,27,19,48
7988,18,27,39,48
7989,18,27,38,19
7990,18,27,30,41
7991,18,27,38,15
7992,18,27,22,14
7993,18,27,33,47
7994,18,27,27,15
7995,18,27,37,22
7996,18,27,35,13
7997,18,27,12,25
7998,18,27,16,44
7999,18,27,10,48
8000,18,27,18,22
8001,18,27,35,10
8002,18,27,29,42
8003,18,27,26,39
8004,18,27,13,28
8005,18,27,29,46
8006,18,27,13,19
8007,18,27,29,44
8008,18,27,43,16
8009,18,27,48,35
8010,18,27,35,37
8011,18,27,17,17
8012,18,27,28,29
8013,18,27,29,36
8014,18,27,23,35
8015,18,27,37,34
8016,18,27,39,35
8017,18,27,39,44
8018,18,27,27,33
8019,18,27,30,34
8020,18,27,47,36
8021,18,27,15,10
8022,18,27,11,45
8023,18,27,16,39
8024,18,27,17,10
8025,18,27,16,25
8026,18,27,32,25
8027,18,27,41,13
8028,18,27,40,21
8029,18,27,27,10
8030,18,27,42,34
8031,18,27,15,10
8032,18,27,40,16
8033,18,27,39,14
8034,18,27,43,19
8035,18,27,43,16
8036,18,27,45,27
8037,18,27,46,15
8038,18,27,22,24
8039,18,27,12,46
8040,18,27,43,32
8041,18,27,30,48
8042,18,27,34,41
8043,18,27,17,19
8044,18,27,27,45
8045,18,27,44,47
8046,18,27,45,28
8047,18,27,12,35
8048,18,27,20,38
8049,18,27,33,27
8050,18,27,47,35
8051,18,27,22,45
8052,18,27,15,39
8053,18,27,35,39
8054,18,27,25,22
8055,18,27,24,15
8056,18,27,32,39
8057,18,27,29,16
8058,18,27,22,38
8059,18,27,10,30
8060,18,27,16,15
8061,18,27,31,13
8062,18,27,11,11
8063,18,27,21,32
8064,18,27,32,36
8065,18,27,10,35
8066,18,27,37,25
8067,18,27,38,18
8068,18,27,43,35
8069,18,27,27,30
8070,18,27,17,32
8071,18,27,19,16
8072,18,27,36,49
8073,18,27,24,13
8074,18,27,18,39
8075,18,27,18,16
8076,18,27,39,49
8077,18,27,44,11
8078,18,27,32,27
8079,18,27,19,17
8080,18,27,26,40
8081,18,27,38,37
8082,18,27,11,43
8083,18,27,44,47
8084,18,27,24,27
8085,18,27,29,19
8086,18,27,23,16
8087,18,27,28,19
8088,18,27,28,29
8089,18,27,13,28
8090,18,27,20,23
8091,18,27,12,35
8092,18,27,37,45
8093,18,27,30,36
8094,18,27,12,47
8095,18,27,34,14
8096,18,27,40,48
8097,18,27,14,13
8098,18,27,27,12
8099,18,27,15,47
8100,18,27,25,21
8101,18,27,23,27
8102,18,27,41,43
8103,18,27,37,18
8104,18,27,11,15
8105,18,27,19,34
8106,18,27,26,12
8107,18,27,23,31
8108,18,27,11,17
8109,18,27,10,30
8110,18,27,41,44
8111,18,27,31,14
8112,18,27,32,32
8113,18,27,41,27
8114,18,27,31,39
8115,18,27,15,29
8116,18,27,20,35
8117,18,27,18,27
8118,18,27,23,32
8119,18,27,38,11
8120,18,27,18,30
8121,18,27,27,39
8122,18,27,16,26
8123,18,27,48,35
8124,18,27,42,17
8125,18,27,23,15
8126,18,27,26,47
8127,18,27,47,35
8128,18,27,21,47
8129,18,27,37,22
8130,18,27,30,12
8131,18,27,49,37
8132,18,27,46,20
8133,18,27,25,32
8134,18,27,11,17
8135,18,27,19,29
8136,18,27,33,35
8137,18,27,47,23
8138,18,27,36,38
8139,18,27,45,40
8140,18,27,13,31
8141,18,27,28,49
8142,18,27,35,35
8143,18,27,49,25
8144,18,27,23,42
8145,18,27,18,30
8146,18,27,35,28
8147,18,27,45,43
8148,18,27,18,10
8149,18,27,17,33
8150,18,27,10,45
8151,18,27,16,19
8152,18,27,46,18
8153,18,27,35,32
8154,18,27,34,36
8155,18,27,29,40
8156,18,27,49,49
8157,18,27,43,38
8158,18,27,24,34
8159,18,27,22,12
8160,18,27,45,35
8161,18,27,16,10
8162,18,27,41,32
8163,18,27,11,15
8164,18,27,10,32
8165,18,27,48,32
8166,18,27,10,41
8167,18,27,34,18
8168,18,27,36,34
8169,18,27,37,45
8170,18,27,20,34
8171,18,27,38,25
8172,18,27,26,37
8173,18,27,43,24
8174,18,27,20,30
8175,18,27,13,45
8176,18,27,24,39
8177,18,27,38,17
8178,18,27,28,16
8179,18,27,29,12
8180,18,27,27,42
8181,18,27,48,13
8182,18,27,25,36
8183,18,27,41,30
8184,18,27,33,21
8185,18,27,47,25
8186,18,27,33,31
8187,18,27,46,39
8188,18,27,15,22
8189,18,27,11,31
8190,18,27,11,30
8191,18,27,11,17
8192,18,27,20,19
8193,18,27,36,32
8194,18,27,43,44
8195,18,27,32,28
8196,18,27,34,45
8197,18,27,34,43
8198,18,27,33,10
8199,18,27,29,16
8200,18,27,48,47
8201,18,27,44,49
8202,18,27,20,14
8203,18,27,46,15
8204,18,27,30,19
8205,18,27,46,42
8206,18,27,24,35
8207,18,27,11,29
8208,18,27,32,26
8209,18,27,48,47
8210,18,27,32,27
8211,18,27,38,48
8212,18,27,35,17
8213,18,27,45,45
8214,18,27,42,28
8215,18,27,20,34
8216,18,27,18,46
8217,18,27,22,35
8218,18,27,33,48
8219,18,27,16,41
8220,18,27,24,17
8221,18,27,14,25
8222,18,27,45,21
8223,18,27,47,29
8224,18,27,14,48
8225,18,27,40,18
8226,18,27,15,41
8227,18,27,29,40
8228,18,27,21,44
8229,18,27,38,21
8230,18,27,35,43
8231,18,27,17,12
8232,18,27,34,10
8233,18,27,26,15
8234,18,27,17,22
8235,18,27,47,25
8236,18,27,37,26
8237,18,27,43,19
8238,18,27,32,22
8239,18,27,21,20
8240,18,27,34,11
8241,18,27,45,40
8242,18,27,28,12
8243,18,27,29,39
8244,18,27,39,15
8245,18,27,26,12
8246,18,27,30,30
8247,18,27,47,15
8248,18,27,32,44
8249,18,27,25,38
8250,18,27,42,43
8251,18,27,22,34
8252,18,27,17,33
8253,18,27,49,18
8254,18,27,20,28
8255,18,27,49,43
8256,18,27,40,13
8257,18,27,27,11
8258,18,27,33,38
8259,18,27,31,18
8260,18,27,27,29
8261,18,27,20,36
8262,18,27,29,46
8263,18,27,38,40
8264,18,27,41,33
8265,18,27,17,34
8266,18,27,32,37
8267,18,27,47,30
8268,18,27,30,41
8269,18,27,46,27
8270,18,27,46,28
8271,18,27,20,21
8272,18,27,42,20
8273,18,27,35,16
8274,18,27,36,21
8275,18,27,44,36
8276,18,27,28,15
8277,18,27,28,37
8278,18,27,45,18
8279,18,27,40,16
8280,18,27,31,22
8281,18,27,32,49
8282,18,27,21,15
8283,18,27,28,39
8284,18,27,31,49
8285,18,27,31,14
8286,18,27,15,32
8287,18,27,36,10
8288,18,27,30,40
8289,18,27,42,41
8290,18,27,12,11
8291,18,27,41,14
8292,18,27,25,44
8293,18,27,46,41
8294,18,27,40,47
8295,18,27,37,47
8296,18,27,12,45
8297,18,27,48,46
8298,18,27,26,32
8299,18,27,40,33
8300,18,27,28,23
8301,18,27,28,39
8302,18,27,39,27
8303,18,27,18,13
8304,18,27,46,42
8305,18,27,14,28
8306,18,27,38,23
8307,18,27,31,25
8308,18,27,34,46
8309,18,27,45,37
8310,18,27,31,46
8311,18,27,30,41
8312,18,27,38,45
8313,18,27,43,15
8314,18,27,42,16
8315,18,27,24,13
8316,18,27,35,45
8317,18,27,37,48
8318,18,27,42,13
8319,18,27,35,27
8320,18,27,14,32
8321,18,27,18,28
8322,18,27,38,19
8323,18,27,47,31
8324,18,27,12,24
8325,18,27,42,41
8326,18,27,49,39
8327,18,27,20,24
8328,18,27,41,43
8329,18,27,12,41
8330,18,27,17,18
8331,18,27,21,29
8332,18,27,42,29
8333,18,27,22,17
8334,18,27,39,17
8335,18,27,35,32
8336,18,27,10,19
8337,18,27,26,45
8338,18,27,43,49
8339,18,27,21,18
8340,18,27,33,40
8341,18,27,30,14
8342,18,27,23,17
8343,18,27,15,14
8344,18,27,34,16
8345,18,27,14,34
8346,18,27,29,18
8347,18,27,45,31
8348,18,27,20,16
8349,18,27,31,25
8350,18,27,15,11
8351,18,27,16,12
8352,18,27,38,35
8353,18,27,44,46
8354,18,27,15,47
8355,18,27,44,32
8356,18,27,26,21
8357,18,27,47,49
8358,18,27,39,32
8359,18,27,42,38
8360,18,27,27,48
8361,18,27,15,10
8362,18,27,47,37
8363,18,27,31,20
8364,18,27,32,39
8365,18,27,28,10
8366,18,27,37,35
8367,18,27,22,45
8368,18,27,34,49
8369,18,27,22,10
8370,18,27,48,47
8371,18,27,24,42
8372,18,27,33,37
8373,18,27,40,45
8374,18,27,13,44
8375,18,27,34,32
8376,18,27,24,24
8377,18,27,25,49
8378,18,27,22,28
8379,18,27,47,29
8380,18,27,35,39
8381,18,27,42,31
8382,18,27,22,38
8383,18,27,47,29
8384,18,27,28,12
8385,18,27,42,10
8386,18,27,24,25
8387,18,27,17,15
8388,18,27,37,12
8389,18,27,46,41
8390,18,27,13,15
8391,18,27,15,32
8392,18,27,32,32
8393,18,27,28,32
8394,18,27,22,23
8395,18,27,26,40
8396,18,27,49,37
8397,18,27,26,39
8398,18,27,19,22
8399,18,27,41,35
8400,18,27,32,37
8401,18,27,16,19
8402,18,27,44,44
8403,18,27,37,37
8404,18,27,45,35
8405,18,27,37,16
8406,18,27,16,41
8407,18,27,34,26
8408,18,27,10,40
8409,18,27,21,25
8410,18,27,21,24
8411,18,27,28,45
8412,18,27,11,46
8413,18,27,32,16
8414,18,27,42,20
8415,18,27,25,19
8416,18,27,22,24
8417,18,27,33,23
8418,18,27,18,20
8419,18,27,30,38
8420,18,27,31,45
8421,18,27,32,19
8422,18,27,43,39
8423,18,27,47,19
8424,18,27,35,16
8425,18,27,10,48
8426,18,27,14,49
8427,18,27,37,32
8428,18,27,23,27
8429,18,27,16,23
8430,18,27,24,33
8431,18,27,14,28
8432,18,27,30,47
8433,18,27,18,27
8434,18,27,42,37
8435,18,27,37,32
8436,18,27,37,38
8437,18,27,16,24
8438,18,27,20,20
8439,18,27,42,24
8440,18,27,42,19
8441,18,27,34,42
8442,18,27,27,46
8443,18,27,28,28
8444,18,27,39,48
8445,18,27,44,30
8446,18,27,47,25
8447,18,27,32,33
8448,18,27,25,39
8449,18,27,20,15
8450,18,27,27,40
8451,18,27,14,21
8452,18,27,27,35
8453,18,27,31,36
8454,18,27,34,34
8455,18,27,14,24
8456,18,27,16,47
8457,18,27,44,22
8458,18,27,14,41
8459,18,27,32,41
8460,18,27,15,10
8461,18,27,17,48
8462,18,27,33,43
8463,18,27,26,23
8464,18,27,29,23
8465,18,27,12,13
8466,18,27,28,14
8467,18,27,17,17
8468,18,27,38,35
8469,18,27,13,28
8470,18,27,30,27
8471,18,27,27,11
8472,18,27,46,49
8473,18,27,23,38
8474,18,27,32,38
8475,18,27,30,39
8476,18,27,20,22
8477,18,27,27,26
8478,18,27,16,40
8479,18,27,22,34
8480,18,27,11,29
8481,18,27,28,24
8482,18,27,27,28
8483,18,27,20,45
8484,18,27,45,21
8485,18,27,28,34
8486,18,27,34,47
8487,18,27,10,22
8488,18,27,15,11
8489,18,27,34,22
8490,18,27,10,26
8491,18,27,48,11
8492,18,27,38,12
8493,18,27,38,38
8494,18,27,45,16
8495,18,27,47,31
8496,18,27,30,40
8497,18,27,10,24
8498,18,27,32,23
8499,18,27,37,16
8500,18,27,26,43
8501,18,27,11,15
8502,18,27,25,48
8503,18,27,41,44
8504,18,27,26,26
8505,18,27,38,45
8506,18,27,33,14
8507,18,27,10,10
8508,18,27,48,40
8509,18,27,44,20
8510,18,27,36,45
8511,18,27,14,47
8512,18,27,16,30
8513,18,27,41,18
8514,18,27,46,48
8515,18,27,29,48
8516,18,27,35,20
8517,18,27,16,18
8518,18,27,10,46
8519,18,27,41,41
8520,18,27,30,16
8521,18,27,25,31
8522,18,27,28,40
8523,18,27,14,23
8524,18,27,47,38
8525,18,27,34,21
8526,18,27,37,44
8527,18,27,13,34
8528,18,27,33,17
8529,18,27,47,36
8530,18,27,21,34
8531,18,27,33,18
8532,18,27,34,31
8533,18,27,33,29
8534,18,27,35,18
8535,18,27,26,29
8536,18,27,29,44
8537,18,27,16,44
8538,18,27,10,44
8539,18,27,15,28
8540,18,27,22,34
8541,18,27,43,44
8542,18,27,48,30
8543,18,27,19,41
8544,18,27,39,21
8545,18,27,26,23
8546,18,27,22,47
8547,18,27,49,20
8548,18,27,37,25
8549,18,27,11,36
8550,18,27,14,47
8551,18,27,17,40
8552,18,27,39,30
8553,18,27,43,34
8554,18,27,13,14
8555,18,27,25,35
8556,18,27,21,15
8557,18,27,15,18
8558,18,27,45,28
8559,18,27,41,16
8560,18,27,10,32
8561,18,27,43,31
8562,18,27,18,20
8563,18,27,37,27
8564,18,27,35,21
8565,18,27,47,21
8566,18,27,49,19
8567,18,27,23,42
8568,18,27,43,48
8569,18,27,26,47
8570,18,27,41,27
8571,18,27,43,36
8572,18,27,35,43
8573,18,27,29,24
8574,18,27,46,10
8575,18,27,47,34
8576,18,27,23,24
8577,18,27,26,36
8578,18,27,27,36
8579,18,27,33,26
8580,18,27,47,40
8581,18,27,10,14
8582,18,27,40,41
8583,18,27,10,13
8584,18,27,28,10
8585,18,27,19,30
8586,18,27,15,22
8587,18,27,49,32
8588,18,27,22,49
8589,18,27,42,45
8590,18,27,34,42
8591,18,27,19,43
8592,18,27,24,33
8593,18,27,27,11
8594,18,27,26,31
8595,18,27,42,20
8596,18,27,22,15
8597,18,27,13,10
8598,18,27,47,30
8599,18,27,47,17
8600,18,27,47,20
8601,18,27,35,17
8602,18,27,22,33
8603,18,27,14,41
8604,18,27,12,18
8605,18,27,36,30
8606,18,27,11,42
8607,18,27,30,17
8608,18,27,41,38
8609,18,27,35,19
8610,18,27,27,33
8611,18,27,27,27
8612,18,27,42,33
8613,18,27,40,32
8614,18,27,46,49
8615,18,27,45,39
8616,18,27,16,38
8617,18,27,11,28
8618,18,27,19,40
8619,18,27,24,44
8620,18,27,22,23
8621,18,27,22,40
8622,18,27,25,36
8623,18,27,20,30
8624,18,27,35,32
8625,18,27,42,46
8626,18,27,25,20
8627,18,27,38,21
8628,18,27,42,37
8629,18,27,18,38
8630,18,27,47,45
8631,18,27,42,25
8632,18,27,29,19
8633,18,27,26,41
8634,18,27,33,30
8635,18,27,13,41
8636,18,27,39,47
8637,18,27,11,22
8638,18,27,11,22
8639,18,27,26,11
8640,18,27,31,35
8641,18,27,28,18
8642,18,27,35,42
8643,18,27,15,24
8644,18,27,26,43
8645,18,27,41,25
8646,18,27,49,32
8647,18,27,28,38
8648,18,27,28,49
8649,18,27,42,48
8650,18,27,45,30
8651,18,27,19,47
8652,18,27,42,40
8653,18,27,16,19
8654,18,27,48,34
8655,18,27,35,12
8656,18,27,48,44
8657,18,27,32,17
8658,18,27,15,45
8659,18,27,36,14
8660,18,27,42,23
8661,18,27,10,14
8662,18,27,19,25
8663,18,27,27,38
8664,18,27,10,36
8665,18,27,49,13
8666,18,27,41,24
8667,18,27,44,45
8668,18,27,19,11
8669,18,27,45,32
8670,18,27,30,43
8671,18,27,29,48
8672,18,27,37,47
8673,18,27,19,39
8674,18,27,33,30
8675,18,27,29,44
8676,18,27,34,44
8677,18,27,11,38
8678,18,27,12,15
8679,18,27,31,44
8680,18,27,12,36
8681,18,27,46,28
8682,18,27,29,46
8683,18,27,23,30
8684,18,27,11,37
8685,18,27,13,37
8686,18,27,37,36
8687,18,27,31,16
8688,18,27,19,16
8689,18,27,40,38
8690,18,27,47,31
8691,18,27,39,28
8692,18,27,37,48
8693,18,27,29,40
8694,18,27,25,43
8695,18,27,22,30
8696,18,27,49,12
8697,18,27,38,10
8698,18,27,15,32
8699,18,27,46,11
8700,18,27,32,34
8701,18,27,31,33
8702,18,27,29,22
8703,18,27,16,49
8704,18,27,30,21
8705,18,27,46,45
8706,18,27,32,37
8707,18,27,32,36
8708,18,27,14,18
8709,18,27,22,42
8710,18,27,45,48
8711,18,27,48,32
8712,18,27,41,45
8713,18,27,49,32
8714,18,27,34,34
8715,18,27,23,16
8716,18,27,23,25
8717,18,27,33,42
8718,18,27,12,24
8719,18,27,18,39
8720,18,27,31,23
8721,18,27,31,34
8722,18,27,42,22
8723,18,27,46,29
8724,18,27,15,24
8725,18,27,43,25
8726,18,27,14,28
8727,18,27,15,21
8728,18,27,36,38
8729,18,27,27,36
8730,18,27,25,34
8731,18,27,20,24
8732,18,27,32,44
8733,18,27,18,41
8734,18,27,20,24
8735,18,27,25,18
8736,18,27,18,49
8737,18,27,45,24
8738,18,27,41,17
8739,18,27,10,13
8740,18,27,11,29
8741,18,27,41,20
8742,18,27,21,14
8743,18,27,19,49
8744,18,27,17,11
8745,18,27,27,45
8746,18,27,21,28
8747,18,27,23,37
8748,18,27,33,23
8749,18,27,29,45
8750,18,27,42,25
8751,18,27,31,23
8752,18,27,29,33
8753,18,27,30,13
8754,18,27,34,17
8755,18,27,19,20
8756,18,27,44,10
8757,18,27,31,12
8758,18,27,28,43
8759,18,27,37,18
8760,18,27,25,47
8761,18,27,17,28
8762,18,27,26,48
8763,18,27,29,18
8764,18,27,32,10
8765,18,27,26,10
8766,18,27,14,44
8767,18,27,11,27
8768,18,27,26,37
8769,18,27,49,10
8770,18,27,27,24
8771,18,27,10,16
8772,18,27,43,47
8773,18,27,26,45
8774,18,27,33,20
8775,18,27,29,21
8776,18,27,43,46
8777,18,27,21,46
8778,18,27,14,23
8779,18,27,22,32
8780,18,27,28,35
8781,18,27,42,40
8782,18,27,18,26
8783,18,27,35,13
8784,18,27,27,26
8785,18,27,11,32
8786,18,27,10,39
8787,18,27,45,22
8788,18,27,37,27
8789,18,27,38,19
8790,18,27,12,36
8791,18,27,47,40
8792,18,27,13,25
8793,18,27,10,48
8794,18,27,45,15
8795,18,27,31,48
8796,18,27,15,30
8797,18,27,14,35
8798,18,27,39,43
8799,18,27,39,28
8800,18,27,12,26
8801,18,27,27,44
8802,18,27,38,43
8803,18,27,43,20
8804,18,27,44,45
8805,18,27,15,40
8806,18,27,24,28
8807,18,27,13,22
8808,18,27,35,10
8809,18,27,12,23
8810,18,27,47,33
8811,18,27,21,26
8812,18,27,21,49
8813,18,27,27,35
8814,18,27,49,16
8815,18,27,34,47
8816,18,27,36,22
8817,18,27,18,23
8818,18,27,23,37
8819,18,27,38,46
8820,18,27,29,26
8821,18,27,10,45
8822,18,27,13,29
8823,18,27,23,16
8824,18,27,34,22
8825,18,27,21,34
8826,18,27,11,11
8827,18,27,17,38
8828,18,27,43,25
8829,18,27,39,47
8830,18,27,21,49
8831,18,27,36,23
8832,18,27,32,14
8833,18,27,12,39
8834,18,27,40,18
8835,18,27,22,29
8836,18,27,27,34
8837,18,27,25,47
8838,18,27,25,14
8839,18,27,18,39
8840,18,27,29,41
8841,18,27,23,35
8842,18,27,16,44
8843,18,27,29,27
8844,18,27,49,16
8845,18,27,47,42
8846,18,27,24,43
8847,18,27,49,10
8848,18,27,13,31
8849,18,27,42,49
8850,18,27,13,38
8851,18,27,10,11
8852,18,27,13,12
8853,18,27,26,22
8854,18,27,30,46
8855,18,27,37,26
8856,18,27,36,32
8857,18,27,11,25
8858,18,27,35,43
8859,18,27,12,11
8860,18,27,44,34
8861,18,27,39,23
8862,18,27,23,25
8863,18,27,37,12
8864,18,27,30,26
8865,18,27,24,32
8866,18,27,33,23
8867,18,27,16,41
8868,18,27,14,34
8869,18,27,36,47
8870,18,27,23,47
8871,18,27,49,28
8872,18,27,49,21
8873,18,27,47,30
8874,18,27,15,44
8875,18,27,44,28
8876,18,27,25,11
8877,18,27,34,29
8878,18,27,24,15
8879,18,27,13,31
8880,18,27,41,37
8881,18,27,49,22
8882,18,27,28,27
8883,18,27,19,30
8884,18,27,16,12
8885,18,27,34,10
8886,18,27,32,33
8887,18,27,27,49
8888,18,27,44,29
8889,18,27,41,10
8890,18,27,12,27
8891,18,27,17,24
8892,18,27,32,31
8893,18,27,40,47
8894,18,27,16,29
8895,18,27,24,19
8896,18,27,26,37
8897,18,27,36,42
8898,18,27,44,32
8899,18,27,43,31
8900,18,27,25,26
8901,18,27,26,26
8902,18,27,13,23
8903,18,27,42,11
8904,18,27,38,36
8905,18,27,10,33
8906,18,27,13,26
8907,18,27,48,38
8908,18,27,14,22
8909,18,27,48,36
8910,18,27,39,42
8911,18,27,39,49
8912,18,27,25,41
8913,18,27,46,34
8914,18,27,39,33
8915,18,27,21,10
8916,18,27,25,19
8917,18,27,44,21
8918,18,27,35,28
8919,18,27,41,35
8920,18,27,21,13
8921,18,27,25,28
8922,18,27,42,38
8923,18,27,32,49
8924,18,27,28,31
8925,18,27,26,47
8926,18,27,32,33
8927,18,27,42,40
8928,18,27,33,10
8929,18,27,11,21
8930,18,27,36,34
8931,18,27,43,31
8932,18,27,23,32
8933,18,27,17,12
8934,18,27,42,49
8935,18,27,38,24
8936,18,27,22,48
8937,18,27,47,41
8938,18,27,36,15
8939,18,27,11,47
8940,18,27,23,34
8941,18,27,42,18
8942,18,27,26,44
8943,18,27,45,42
8944,18,27,34,26
8945,18,27,36,31
8946,18,27,17,33
8947,18,27,37,28
8948,18,27,43,19
8949,18,27,35,32
8950,18,27,43,20
8951,18,27,26,31
8952,18,27,48,25
8953,18,27,38,48
8954,18,27,12,18
8955,18,27,18,13
8956,18,27,19,32
8957,18,27,38,14
8958,18,27,49,24
8959,18,27,10,23
8960,18,27,24,26
8961,18,27,47,46
8962,18,27,25,27
8963,18,27,37,13
8964,18,27,49,36
8965,18,27,31,14
8966,18,27,12,12
8967,18,27,14,24
8968,18,27,27,21
8969,18,27,16,17
8970,18,27,43,26
8971,18,27,21,19
8972,18,27,24,15
8973,18,27,31,21
8974,18,27,34,22
8975,18,27,46,15
8976,18,27,30,26
8977,18,27,18,49
8978,18,27,11,25
8979,18,27,25,19
8980,18,27,15,21
8981,18,27,20,47
8982,18,27,24,33
8983,18,27,23,15
8984,18,27,38,24
8985,18,27,22,38
8986,18,27,22,12
8987,18,27,24,45
8988,18,27,28,17
8989,18,27,49,34
8990,18,27,18,39
8991,18,27,46,39
8992,18,27,30,42
8993,18,27,29,23
8994,18,27,30,31
8995,18,27,20,49
8996,18,27,16,31
8997,18,27,35,42
8998,18,27,30,34
8999,18,27,12,31
9000,18,27,39,40
9001,18,27,18,10
9002,18,27,35,34
9003,18,27,44,41
9004,18,27,11,27
9005,18,27,43,36
9006,18,27,46,47
9007,18,27,22,12
9008,18,27,47,33
9009,18,27,13,21
9010,18,27,25,47
9011,18,27,36,45
9012,18,27,25,47
9013,18,27,17,19
9014,18,27,45,44
9015,18,27,13,45
9016,18,27,48,39
9017,18,27,11,46
9018,18,27,33,31
9019,18,27,12,45
9020,18,27,42,27
9021,18,27,26,16
9022,18,27,38,23
9023,18,27,48,22
9024,18,27,23,15
9025,18,27,16,32
9026,18,27,28,36
9027,18,27,25,28
9028,18,27,23,39
9029,18,27,41,22
9030,18,27,35,25
9031,18,27,46,28
9032,18,27,46,39
9033,18,27,14,10
9034,18,27,10,22
9035,18,27,13,24
9036,18,27,26,17
9037,18,27,19,40
9038,18,27,41,19
9039,18,27,10,30
9040,18,27,28,24
9041,18,27,36,36
9042,18,27,16,27
9043,18,27,42,24
9044,18,27,15,15
9045,18,27,44,34
9046,18,27,23,29
9047,18,27,27,32
9048,18,27,11,43
9049,18,27,36,36
9050,18,27,14,17
9051,18,27,39,35
9052,18,27,44,39
9053,18,27,12,12
9054,18,27,21,17
9055,18,27,23,23
9056,18,27,40,13
9057,18,27,15,14
9058,18,27,41,16
9059,18,27,12,15
9060,18,27,45,24
9061,18,27,28,46
9062,18,27,21,37
9063,18,27,40,40
9064,18,27,41,12
9065,18,27,38,26
9066,18,27,30,16
9067,18,27,35,32
9068,18,27,37,28
9069,18,27,49,26
9070,18,27,45,25
9071,18,27,11,16
9072,18,27,31,38
9073,18,27,34,43
9074,18,27,41,32
9075,18,27,29,28
9076,18,27,15,18
9077,18,27,21,26
9078,18,27,16,14
9079,18,27,17,23
9080,18,27,15,41
9081,18,27,49,21
9082,18,27,47,30
9083,18,27,10,10
9084,18,27,37,40
9085,18,27,26,10
9086,18,27,27,49
9087,18,27,20,25
9088,18,27,44,47
9089,18,27,42,28
9090,18,27,28,37
9091,18,27,42,20
9092,18,27,42,31
9093,18,27,21,20
9094,18,27,30,41
9095,18,27,36,45
9096,18,27,26,47
9097,18,27,10,10
9098,18,27,13,32
9099,18,27,17,37
9100,18,27,21,26
9101,18,27,44,22
9102,18,27,24,34
9103,18,27,20,29
9104,18,27,22,46
9105,18,27,43,11
9106,18,27,13,26
9107,18,27,46,48
9108,18,27,23,36
9109,18,27,35,24
9110,18,27,32,31
9111,18,27,49,33
9112,18,27,47,41
9113,18,27,23,19
9114,18,27,16,40
9115,18,27,34,41
9116,18,27,30,31
9117,18,27,30,47
9118,18,27,31,28
9119,18,27,10,22
9120,18,27,40,49
9121,18,27,39,46
9122,18,27,31,49
9123,18,27,40,30
9124,18,27,25,42
9125,18,27,13,39
9126,18,27,26,43
9127,18,27,26,15
9128,18,27,18,44
9129,18,27,37,26
9130,18,27,40,27
9131,18,27,23,43
9132,18,27,20,18
9133,18,27,20,25
9134,18,27,15,34
9135,18,27,32,18
9136,18,27,46,40
9137,18,27,39,41
9138,18,27,17,20
9139,18,27,49,23
9140,18,27,23,16
9141,18,27,38,47
9142,18,27,12,37
9143,18,27,41,21
9144,18,27,25,49
9145,18,27,24,17
9146,18,27,36,16
9147,18,27,19,37
9148,18,27,15,44
9149,18,27,15,42
9150,18,27,48,30
9151,18,27,41,32
9152,18,27,33,26
9153,18,27,42,43
9154,18,27,20,41
9155,18,27,27,39
9156,18,27,31,47
9157,18,27,37,11
9158,18,27,25,15
9159,18,27,21,17
9160,18,27,13,12
9161,18,27,24,45
9162,18,27,43,37
9163,18,27,23,43
9164,18,27,17,37
9165,18,27,29,10
9166,18,27,48,40
9167,18,27,35,49
9168,18,27,25,23
9169,18,27,11,17
9170,18,27,47,32
9171,18,27,27,23
9172,18,27,38,10
9173,18,27,45,20
9174,18,27,41,42
9175,18,27,10,23
9176,18,27,40,22
9177,18,27,22,29
9178,18,27,35,17
9179,18,27,44,31
9180,18,27,10,23
9181,18,27,41,34
9182,18,27,11,43
9183,18,27,16,43
9184,18,27,22,36
9185,18,27,37,26
9186,18,27,18,30
9187,18,27,22,49
9188,18,27,19,45
9189,18,27,30,16
9190,18,27,27,41
9191,18,27,18,20
9192,18,27,28,26
9193,18,27,45,10
9194,18,27,44,20
9195,18,27,32,31
9196,18,27,24,28
9197,18,27,38,23
9198,18,27,49,16
9199,18,27,15,25
9200,18,27,40,40
9201,18,27,22,15
9202,18,27,36,24
9203,18,27,36,34
9204,18,27,27,27
9205,18,27,17,45
9206,18,27,17,48
9207,18,27,46,11
9208,18,27,17,21
9209,18,27,31,40
9210,18,27,10,20
9211,18,27,36,32
9212,18,27,44,48
9213,18,27,18,31
9214,18,27,39,38
9215,18,27,14,44
9216,18,27,24,42
9217,18,27,26,16
9218,18,27,22,24
9219,18,27,21,38
9220,18,27,34,38
9221,18,27,11,21
9222,18,27,26,27
9223,18,27,43,45
9224,18,27,21,11
9225,18,27,24,11
9226,18,27,15,43
9227,18,27,33,29
9228,18,27,24,36
9229,18,27,24,48
9230,18,27,34,37
9231,18,27,19,45
9232,18,27,22,36
9233,18,27,31,11
9234,18,27,22,16
9235,18,27,44,41
9236,18,27,30,22
9237,18,27,21,15
9238,18,27,13,39
9239,18,27,27,20
9240,18,27,32,26
9241,18,27,49,21
9242,18,27,32,23
9243,18,27,12,44
9244,18,27,48,22
9245,18,27,49,43
9246,18,27,26,48
9247,18,27,20,44
9248,18,27,36,15
9249,18,27,38,11
9250,18,27,15,34
9251,18,27,49,36
9252,18,27,48,11
9253,18,27,30,46
9254,18,27,19,24
9255,18,27,35,22
9256,18,27,13,33
9257,18,27,11,39
9258,18,27,49,15
9259,18,27,17,44
9260,18,27,11,34
9261,18,27,30,46
9262,18,27,20,46
9263,18,27,29,23
9264,18,27,11,16
9265,18,27,32,13
9266,18,27,42,37
9267,18,27,27,12
9268,18,27,24,16
9269,18,27,19,21
9270,18,27,39,13
9271,18,27,11,49
9272,18,27,41,39
9273,18,27,17,31
9274,18,27,14,30
9275,18,27,42,42
9276,18,27,45,20
9277,18,27,47,17
9278,18,27,11,15
9279,18,27,24,49
9280,18,27,42,35
9281,18,27,37,45
9282,18,27,15,38
9283,18,27,27,11
9284,18,27,19,18
9285,18,27,47,11
9286,18,27,18,21
9287,18,27,19,24
9288,18,27,22,49
9289,18,27,33,42
9290,18,27,10,30
9291,18,27,28,21
9292,18,27,46,36
9293,18,27,32,33
9294,18,27,30,32
9295,18,27,45,28
9296,18,27,42,30
9297,18,27,17,43
9298,18,27,45,24
9299,18,27,10,15
9300,18,27,30,12
9301,18,27,11,27
9302,18,27,40,22
9303,18,27,34,20
9304,18,27,23,30
9305,18,27,43,24
9306,18,27,39,28
9307,18,27,45,26
9308,18,27,12,37
9309,18,27,32,38
9310,18,27,39,29
9311,18,27,35,13
9312,18,27,49,41
9313,18,27,27,46
9314,18,27,41,39
9315,18,27,42,43
9316,18,27,22,35
9317,18,27,12,14
9318,18,27,19,46
9319,18,27,47,38
9320,18,27,15,18
9321,18,27,41,27
9322,18,27,28,47
9323,18,27,44,35
9324,18,27,25,33
9325,18,27,11,27
9326,18,27,16,35
9327,18,27,39,36
9328,18,27,35,25
9329,18,27,27,36
9330,18,27,21,22
9331,18,27,26,23
9332,18,27,32,25
9333,18,27,39,19
9334,18,27,41,17
9335,18,27,35,40
9336,18,27,27,18
9337,18,27,39,47
9338,18,27,12,30
9339,18,27,37,45
9340,18,27,32,25
9341,18,27,39,49
9342,18,27,37,38
9343,18,27,17,42
9344,18,27,29,30
9345,18,27,27,31
9346,18,27,28,18
9347,18,27,42,16
9348,18,27,36,49
9349,18,27,11,19
9350,18,27,47,25
9351,18,27,47,31
9352,18,27,38,47
9353,18,27,35,18
9354,18,27,17,26
9355,18,27,36,19
9356,18,27,16,48
9357,18,27,43,46
9358,18,27,21,34
9359,18,27,41,16
9360,18,27,18,24
9361,18,27,12,14
9362,18,27,22,16
9363,18,27,23,31
9364,18,27,42,45
9365,18,27,12,44
9366,18,27,48,24
9367,18,27,45,48
9368,18,27,13,21
9369,18,27,47,27
9370,18,27,45,34
9371,18,27,31,49
9372,18,27,44,35
9373,18,27,43,46
9374,18,27,21,33
9375,18,27,15,25
9376,18,27,10,25
9377,18,27,25,27
9378,18,27,29,23
9379,18,27,11,45
9380,18,27,46,12
9381,18,27,25,10
9382,18,27,12,34
9383,18,27,33,34
9384,18,27,18,28
9385,18,27,20,24
9386,18,27,40,21
9387,18,27,49,39
9388,18,27,30,30
9389,18,27,35,49
9390,18,27,44,34
9391,18,27,48,21
9392,18,27,12,11
9393,18,27,38,29
9394,18,27,33,39
9395,18,27,16,20
9396,18,27,48,46
9397,18,27,46,37
9398,18,27,49,29
9399,18,27,38,13
9400,18,27,36,41
9401,18,27,15,37
9402,18,27,30,29
9403,18,27,41,25
9404,18,27,10,37
9405,18,27,22,16
9406,18,27,45,41
9407,18,27,33,14
9408,18,27,35,36
9409,18,27,49,44
9410,18,27,23,48
9411,18,27,27,38
9412,18,27,25,13
9413,18,27,43,40
9414,18,27,20,16
9415,18,27,12,34
9416,18,27,15,31
9417,18,27,38,32
9418,18,27,31,47
9419,18,27,21,31
9420,18,27,18,11
9421,18,27,12,13
9422,18,27,41,25
9423,18,27,18,24
9424,18,27,27,39
9425,18,27,20,10
9426,18,27,27,49
9427,18,27,31,30
9428,18,27,34,38
9429,18,27,48,41
9430,18,27,31,23
9431,18,27,20,22
9432,18,27,18,22
9433,18,27,38,46
9434,18,27,10,18
9435,18,27,42,34
9436,18,27,38,20
9437,18,27,21,48
9438,18,27,32,29
9439,18,27,40,34
9440,18,27,16,43
9441,18,27,47,49
9442,18,27,31,12
9443,18,27,48,42
9444,18,27,45,30
9445,18,27,22,48
9446,18,27,10,30
9447,18,27,31,30
9448,18,27,24,40
9449,18,27,18,25
9450,18,27,48,43
9451,18,27,40,46
9452,18,27,10,30
9453,18,27,48,28
9454,18,27,13,47
9455,18,27,29,31
9456,18,27,10,30
9457,18,27,29,24
9458,18,27,42,32
9459,18,27,39,17
9460,18,27,42,29
9461,18,27,19,32
9462,18,27,42,12
9463,18,27,40,44
9464,18,27,12,12
9465,18,27,12,31
9466,18,27,17,37
9467,18,27,14,48
9468,18,27,16,10
9469,18,27,32,45
9470,18,27,30,37
9471,18,27,49,23
9472,18,27,12,31
9473,18,27,10,41
9474,18,27,41,39
9475,18,27,28,25
9476,18,27,37,21
9477,18,27,24,27
9478,18,27,31,49
9479,18,27,30,22
9480,18,27,16,23
9481,18,27,43,19
9482,18,27,31,16
9483,18,27,34,29
9484,18,27,27,27
9485,18,27,40,49
9486,18,27,29,17
9487,18,27,32,39
9488,18,27,25,33
9489,18,27,25,28
9490,18,27,16,28
9491,18,27,31,18
9492,18,27,44,14
9493,18,27,48,26
9494,18,27,13,39
9495,18,27,30,22
9496,18,27,43,47
9497,18,27,48,47
9498,18,27,46,40
9499,18,27,49,31
9500,18,27,20,44
9501,18,27,14,17
9502,18,27,20,43
9503,18,27,24,43
9504,18,27,22,13
9505,18,27,33,34
9506,18,27,14,26
9507,18,27,47,39
9508,18,27,40,21
9509,18,27,15,15
9510,18,27,16,33
9511,18,27,39,40
9512,18,27,18,31
9513,18,27,35,15
9514,18,27,13,48
9515,18,27,15,17
9516,18,27,46,11
9517,18,27,45,25
9518,18,27,45,38
9519,18,27,15,27
9520,18,27,30,29
9521,18,27,39,23
9522,18,27,38,37
9523,18,27,25,39
9524,18,27,23,33
9525,18,27,32,21
9526,18,27,23,46
9527,18,27,14,14
9528,18,27,33,48
9529,18,27,27,28
9530,18,27,24,40
9531,18,27,40,48
9532,18,27,13,34
9533,18,27,33,21
9534,18,27,30,48
9535,18,27,13,43
9536,18,27,15,21
9537,18,27,15,23
9538,18,27,42,38
9539,18,27,13,16
9540,18,27,18,11
9541,18,27,45,15
9542,18,27,48,36
9543,18,27,11,36
9544,18,27,35,38
9545,18,27,24,29
9546,18,27,16,28
9547,18,27,40,29
9548,18,27,42,25
9549,18,27,39,33
9550,18,27,27,15
9551,18,27,22,32
9552,18,27,41,10
9553,18,27,12,23
9554,18,27,26,40
9555,18,27,33,34
9556,18,27,23,39
9557,18,27,36,11
9558,18,27,48,20
9559,18,27,39,47
9560,18,27,30,32
9561,18,27,10,20
9562,18,27,40,35
9563,18,27,25,45
9564,18,27,27,34
9565,18,27,26,37
9566,18,27,48,43
9567,18,27,49,41
9568,18,27,11,46
9569,18,27,23,31
9570,18,27,36,31
9571,18,27,39,18
9572,18,27,24,13
9573,18,27,27,17
9574,18,27,37,13
9575,18,27,47,19
9576,18,27,13,40
9577,18,27,30,46
9578,18,27,24,14
9579,18,27,44,49
9580,18,27,30,48
9581,18,27,36,26
9582,18,27,31,23
9583,18,27,29,45
9584,18,27,11,30
9585,18,27,18,26
9586,18,27,44,17
9587,18,27,20,18
9588,18,27,33,24
9589,18,27,44,26
9590,18,27,25,33
9591,18,27,42,35
9592,18,27,25,22
9593,18,27,14,30
9594,18,27,21,16
9595,18,27,45,15
9596,18,27,33,15
9597,18,27,48,41
9598,18,27,35,38
9599,18,27,33,30
9600,18,27,15,22
9601,18,27,31,13
9602,18,27,48,45
9603,18,27,23,37
9604,18,27,18,33
9605,18,27,14,34
9606,18,27,24,40
9607,18,27,45,45
9608,18,27,38,14
9609,18,27,28,31
9610,18,27,11,37
9611,18,27,21,18
9612,18,27,40,44
9613,18,27,14,47
9614,18,27,12,33
9615,18,27,28,27
9616,18,27,33,48
9617,18,27,44,28
9618,18,27,43,49
9619,18,27,26,47
9620,18,27,49,42
9621,18,27,24,30
9622,18,27,42,14
9623,18,27,31,14
9624,18,27,13,29
9625,18,27,47,42
9626,18,27,28,18
9627,18,27,35,14
9628,18,27,17,49
9629,18,27,31,20
9630,18,27,18,17
9631,18,27,20,43
9632,18,27,20,31
9633,18,27,34,31
9634,18,27,43,20
9635,18,27,31,15
9636,18,27,17,20
9637,18,27,41,35
9638,18,27,40,18
9639,18,27,49,35
9640,18,27,49,15
9641,18,27,47,45
9642,18,27,14,43
9643,18,27,10,28
9644,18,27,25,16
9645,18,27,11,44
9646,18,27,10,38
9647,18,27,31,45
9648,18,27,33,45
9649,18,27,11,37
9650,18,27,34,31
9651,18,27,36,27
9652,18,27,38,38
9653,18,27,15,10
9654,18,27,31,23
9655,18,27,35,27
9656,18,27,45,37
9657,18,27,39,31
9658,18,27,27,19
9659,18,27,30,17
9660,18,27,25,48
9661,18,27,44,34
9662,18,27,37,47
9663,18,27,16,35
9664,18,27,20,39
9665,18,27,17,16
9666,18,27,27,27
9667,18,27,39,36
9668,18,27,18,16
9669,18,27,39,24
9670,18,27,35,36
9671,18,27,40,44
9672,18,27,38,13
9673,18,27,16,17
9674,18,27,47,27
9675,18,27,46,28
9676,18,27,22,31
9677,18,27,24,25
9678,18,27,21,26
9679,18,27,48,12
9680,18,27,26,20
9681,18,27,45,45
9682,18,27,12,15
9683,18,27,14,14
9684,18,27,42,24
9685,18,27,37,41
9686,18,27,49,25
9687,18,27,46,33
9688,18,27,38,30
9689,18,27,13,40
9690,18,27,20,10
9691,18,27,22,46
9692,18,27,37,14
9693,18,27,14,21
9694,18,27,31,10
9695,18,27,20,28
9696,18,27,17,47
9697,18,27,26,37
9698,18,27,39,16
9699,18,27,41,39
9700,18,27,13,48
9701,18,27,42,32
9702,18,27,32,30
9703,18,27,40,12
9704,18,27,30,12
9705,18,27,27,28
9706,18,27,41,36
9707,18,27,17,48
9708,18,27,43,46
9709,18,27,27,44
9710,18,27,42,19
9711,18,27,34,30
9712,18,27,38,28
9713,18,27,41,48
9714,18,27,49,22
9715,18,27,21,28
9716,18,27,13,37
9717,18,27,17,13
9718,18,27,33,41
9719,18,27,11,21
9720,18,27,25,30
9721,18,27,15,26
9722,18,27,10,35
9723,18,27,34,40
9724,18,27,35,41
9725,18,27,15,40
9726,18,27,46,46
9727,18,27,28,35
9728,18,27,43,32
9729,18,27,12,26
9730,18,27,25,24
9731,18,27,48,46
9732,18,27,33,15
9733,18,27,46,18
9734,18,27,49,17
9735,18,27,28,42
9736,18,27,39,11
9737,18,27,20,49
9738,18,27,23,41
9739,18,27,18,49
9740,18,27,35,18
9741,18,27,17,37
9742,18,27,10,11
9743,18,27,13,40
9744,18,27,20,39
9745,18,27,45,48
9746,18,27,43,45
9747,18,27,23,19
9748,18,27,34,22
9749,18,27,44,34
9750,18,27,20,40
9751,18,27,44,33
9752,18,27,35,36
9753,18,27,48,28
9754,18,27,48,42
9755,18,27,10,19
9756,18,27,46,16
9757,18,27,13,10
9758,18,27,41,14
9759,18,27,12,24
9760,18,27,28,41
9761,18,27,10,32
9762,18,27,18,43
9763,18,27,30,26
9764,18,27,33,45
9765,18,27,20,27
9766,18,27,26,42
9767,18,27,12,12
9768,18,27,40,40
9769,18,27,28,40
9770,18,27,41,13
9771,18,27,36,37
9772,18,27,43,43
9773,18,27,20,21
9774,18,27,15,18
9775,18,27,15,31
9776,18,27,22,26
9777,18,27,32,36
9778,18,27,28,32
9779,18,27,32,47
9780,18,27,48,49
9781,18,27,15,23
9782,18,27,16,11
9783,18,27,37,16
9784,18,27,40,49
9785,18,27,43,36
9786,18,27,15,37
9787,18,27,37,15
9788,18,27,32,24
9789,18,27,25,22
9790,18,27,45,12
9791,18,27,14,17
9792,18,27,38,47
9793,18,27,26,10
9794,18,27,18,34
9795,18,27,24,31
9796,18,27,42,34
9797,18,27,49,39
9798,18,27,17,38
9799,18,27,38,45
9800,18,27,15,41
9801,18,27,26,35
9802,18,27,15,43
9803,18,27,26,15
9804,18,27,36,23
9805,18,27,23,42
9806,18,27,22,38
9807,18,27,25,40
9808,18,27,22,39
9809,18,27,23,35
9810,18,27,16,30
9811,18,27,25,24
9812,18,27,35,45
9813,18,27,12,21
9814,18,27,37,15
9815,18,27,16,18
9816,18,27,32,48
9817,18,27,38,48
9818,18,27,18,48
9819,18,27,32,10
9820,18,27,23,43
9821,18,27,15,18
9822,18,27,22,26
9823,18,27,31,36
9824,18,27,36,11
9825,18,27,37,31
9826,18,27,45,13
9827,18,27,34,28
9828,18,27,27,31
9829,18,27,34,38
9830,18,27,38,12
9831,18,27,26,40
9832,18,27,27,16
9833,18,27,14,30
9834,18,27,45,22
9835,18,27,23,13
9836,18,27,31,43
9837,18,27,28,42
9838,18,27,38,10
9839,18,27,30,19
9840,18,27,10,44
9841,18,27,27,19
9842,18,27,16,47
9843,18,27,45,39
9844,18,27,49,36
9845,18,27,21,38
9846,18,27,46,43
9847,18,27,36,22
9848,18,27,21,10
9849,18,27,49,21
9850,18,27,27,46
9851,18,27,17,24
9852,18,27,35,12
9853,18,27,24,37
9854,18,27,37,20
9855,18,27,44,37
9856,18,27,18,48
9857,18,27,45,34
9858,18,27,18,32
9859,18,27,31,36
9860,18,27,22,36
9861,18,27,41,48
9862,18,27,38,39
9863,18,27,26,49
9864,18,27,43,43
9865,18,27,43,26
9866,18,27,49,35
9867,18,27,27,37
9868,18,27,46,35
9869,18,27,41,20
9870,18,27,23,13
9871,18,27,33,41
9872,18,27,35,29
9873,18,27,14,20
9874,18,27,32,24
9875,18,27,30,38
9876,18,27,30,28
9877,18,27,46,15
9878,18,27,12,34
9879,18,27,14,27
9880,18,27,41,42
9881,18,27,40,23
9882,18,27,32,35
9883,18,27,42,23
9884,18,27,36,10
9885,18,27,39,49
9886,18,27,43,22
9887,18,27,39,32
9888,18,27,16,49
9889,18,27,44,19
9890,18,27,21,31
9891,18,27,15,37
9892,18,27,33,41
9893,18,27,27,45
9894,18,27,17,15
9895,18,27,48,40
9896,18,27,49,27
9897,18,27,22,26
9898,18,27,17,48
9899,18,27,39,25
9900,18,27,27,37
9901,18,27,26,37
9902,18,27,16,41
9903,18,27,19,17
9904,18,27,35,49
9905,18,27,13,20
9906,18,27,39,42
9907,18,27,33,10
9908,18,27,32,12
9909,18,27,27,14
9910,18,27,43,46
9911,18,27,16,41
9912,18,27,14,15
9913,18,27,11,10
9914,18,27,44,23
9915,18,27,17,46
9916,18,27,10,40
9917,18,27,24,30
9918,18,27,35,15
9919,18,27,41,38
9920,18,27,24,34
9921,18,27,27,49
9922,18,27,25,23
9923,18,27,32,33
9924,18,27,37,25
9925,18,27,27,49
9926,18,27,37,35
9927,18,27,22,10
9928,18,27,42,14
9929,18,27,45,38
9930,18,27,38,40
9931,18,27,30,23
9932,18,27,49,41
9933,18,27,41,42
9934,18,27,36,28
9935,18,27,22,18
9936,18,27,24,39
9937,18,27,36,11
9938,18,27,43,31
9939,18,27,39,32
9940,18,27,48,18
9941,18,27,17,13
9942,18,27,13,21
9943,18,27,22,45
9944,18,27,30,26
9945,18,27,33,24
9946,18,27,11,11
9947,18,27,49,49
9948,18,27,26,10
9949,18,27,23,41
9950,18,27,47,37
9951,18,27,36,36
9952,18,27,36,15
9953,18,27,21,46
9954,18,27,23,19
9955,18,27,49,38
9956,18,27,34,10
9957,18,27,18,11
9958,18,27,31,47
9959,18,27,26,44
9960,18,27,28,19
9961,18,27,23,16
9962,18,27,30,40
9963,18,27,43,44
9964,18,27,25,12
9965,18,27,33,37
9966,18,27,45,22
9967,18,27,35,27
9968,18,27,45,11
9969,18,27,22,37
9970,18,27,39,12
9971,18,27,24,41
9972,18,27,17,22
9973,18,27,24,45
9974,18,27,13,39
9975,18,27,24,21
9976,18,27,27,40
9977,18,27,26,20
9978,18,27,38,17
9979,18,27,45,28
9980,18,27,38,11
9981,18,27,49,44
9982,18,27,11,35
9983,18,27,44,36
9984,18,27,18,40
9985,18,27,24,36
9986,18,27,26,43
9987,18,27,33,42
9988,18,27,38,38
9989,18,27,42,13
9990,18,27,25,41
9991,18,27,35,27
9992,18,27,14,33
9993,18,27,37,30
9994,18,27,26,49
9995,18,27,45,21
9996,18,27,38,21
9997,18,27,11,36
9998,18,27,31,43
9999,18,27,41,41
10000,18,27,31,17
10001,18,27,34,43
10002,18,27,28,21
10003,18,27,19,10
10004,18,27,15,37
10005,18,27,15,12
10006,18,27,46,18
10007,18,27,27,23
10008,18,27,25,18
10009,18,27,41,16
10010,18,27,30,23
10011,18,27,30,41
10012,18,27,43,45
10013,18,27,46,45
10014,18,27,26,18
10015,18,27,18,16
10016,18,27,25,15
10017,18,27,36,30
10018,18,27,42,44
10019,18,27,45,40
10020,18,27,11,38
10021,18,27,14,16
10022,18,27,46,47
10023,18,27,34,47
10024,18,27,35,10
10025,18,27,44,29
10026,18,27,28,18
10027,18,27,23,20
10028,18,27,23,23
10029,18,27,44,15
10030,18,27,40,11
10031,18,27,28,43
10032,18,27,24,11
10033,18,27,36,17
10034,18,27,26,21
10035,18,27,11,22
10036,18,27,10,45
10037,18,27,30,40
10038,18,27,30,31
10039,18,27,41,34
10040,18,27,45,13
10041,18,27,27,18
10042,18,27,34,35
10043,18,27,43,37
10044,18,27,42,45
10045,18,27,28,45
10046,18,27,43,11
10047,18,27,35,18
10048,18,27,13,39
10049,18,27,45,36
10050,18,27,35,42
10051,18,27,23,18
10052,18,27,33,16
10053,18,27,33,35
10054,18,27,19,16
10055,18,27,24,33
10056,18,27,17,31
10057,18,27,41,41
10058,18,27,26,41
10059,18,27,15,29
10060,18,27,16,17
10061,18,27,36,11
10062,18,27,22,22
10063,18,27,33,37
10064,18,27,20,46
10065,18,27,13,11
10066,18,27,15,12
10067,18,27,30,39
10068,18,27,17,16
10069,18,27,36,40
10070,18,27,16,27
10071,18,27,28,42
10072,18,27,15,11
10073,18,27,19,34
10074,18,27,28,22
10075,18,27,39,48
10076,18,27,14,21
10077,18,27,24,42
10078,18,27,25,12
10079,18,27,14,23
10080,18,27,38,38
10081,18,27,14,13
10082,18,27,35,48
10083,18,27,10,20
10084,18,27,25,45
10085,18,27,26,39
10086,18,27,41,31
10087,18,27,28,29
10088,18,27,16,18
10089,18,27,23,23
10090,18,27,21,10
10091,18,27,25,39
10092,18,27,10,40
10093,18,27,40,35
10094,18,27,35,31
10095,18,27,40,13
10096,18,27,18,42
10097,18,27,20,36
10098,18,27,14,10
10099,18,27,47,45
10100,18,27,21,42
10101,18,27,32,40
10102,18,27,43,31
10103,18,27,30,43
10104,18,27,39,24
10105,18,27,22,12
10106,18,27,34,13
10107,18,27,31,14
10108,18,27,35,15
10109,18,27,25,29
10110,18,27,47,29
10111,18,27,17,16
10112,18,27,43,35
10113,18,27,16,13
10114,18,27,42,16
10115,18,27,25,41
10116,18,27,33,24
10117,18,27,43,41
10118,18,27,48,49
10119,18,27,33,13
10120,18,27,21,39
10121,18,27,26,10
10122,18,27,46,40
10123,18,27,10,46
10124,18,27,25,10
10125,18,27,26,25
10126,18,27,28,27
10127,18,27,12,29
10128,18,27,31,21
10129,18,27,26,39
10130,18,27,22,34
10131,18,27,46,34
10132,18,27,11,36
10133,18,27,33,20
10134,18,27,31,10
10135,18,27,40,29
10136,18,27,18,23
10137,18,27,37,12
10138,18,27,41,38
10139,18,27,13,32
10140,18,27,29,29
10141,18,27,46,37
10142,18,27,34,31
10143,18,27,42,45
10144,18,27,18,45
10145,18,27,27,29
10146,18,27,38,46
10147,18,27,11,32
10148,18,27,20,22
10149,18,27,45,30
10150,18,27,22,46
10151,18,27,12,43
10152,18,27,18,26
10153,18,27,28,32
10154,18,27,23,43
10155,18,27,41,22
10156,18,27,37,47
10157,18,27,18,30
10158,18,27,15,36
10159,18,27,39,21
10160,18,27,47,22
10161,18,27,38,24
10162,18,27,48,30
10163,18,27,34,23
10164,18,27,38,42
10165,18,27,24,48
10166,18,27,10,23
10167,18,27,26,30
10168,18,27,13,15
10169,18,27,10,29
10170,18,27,24,42
10171,18,27,26,40
10172,18,27,48,21
10173,18,27,18,45
10174,18,27,45,12
10175,18,27,42,21
10176,18,27,16,24
10177,18,27,30,10
10178,18,27,21,39
10179,18,27,46,23
10180,18,27,39,34
10181,18,27,24,38
10182,18,27,22,38
10183,18,27,32,12
10184,18,27,46,22
10185,18,27,48,48
10186,18,27,12,28
10187,18,27,20,11
10188,18,27,16,42
10189,18,27,37,26
10190,18,27,11,30
10191,18,27,30,22
10192,18,27,27,29
10193,18,27,43,18
10194,18,27,16,25
10195,18,27,37,26
10196,18,27,21,25
10197,18,27,14,44
10198,18,27,18,35
10199,18,27,18,39
10200,18,27,29,13
10201,18,27,31,16
10202,18,27,24,19
10203,18,27,39,26
10204,18,27,45,41
10205,18,27,11,21
10206,18,27,15,20
10207,18,27,41,34
10208,18,27,17,14
10209,18,27,38,26
10210,18,27,19,42
10211,18,27,35,26
10212,18,27,20,47
10213,18,27,43,13
10214,18,27,48,35
10215,18,27,16,36
10216,18,27,14,14
10217,18,27,16,21
10218,18,27,17,39
10219,18,27,12,29
10220,18,27,43,16
10221,18,27,27,15
10222,18,27,28,41
10223,18,27,21,45
10224,18,27,12,35
10225,18,27,38,29
10226,18,27,12,42
10227,18,27,29,48
10228,18,27,10,10
10229,18,27,39,48
10230,18,27,11,26
10231,18,27,37,26
10232,18,27,25,19
10233,18,27,42,48
10234,18,27,49,36
10235,18,27,38,36
10236,18,27,11,47
10237,18,27,13,41
10238,18,27,16,24
10239,18,27,22,31
10240,18,27,37,10
10241,18,27,37,12
10242,18,27,43,21
10243,18,27,15,25
10244,18,27,17,24
10245,18,27,15,49
10246,18,27,28,28
10247,18,27,18,33
10248,18,27,21,18
10249,18,27,22,10
10250,18,27,42,16
10251,18,27,13,47
10252,18,27,18,10
10253,18,27,37,29
10254,18,27,42,26
10255,18,27,48,49
10256,18,27,28,34
10257,18,27,47,49
10258,18,27,25,12
10259,18,27,41,42
10260,18,27,20,20
10261,18,27,23,49
10262,18,27,37,16
10263,18,27,47,49
10264,18,27,16,41
10265,18,27,35,14
10266,18,27,41,12
10267,18,27,30,23
10268,18,27,38,24
10269,18,27,10,43
10270,18,27,10,10
10271,18,27,41,32
10272,18,27,46,12
10273,18,27,14,37
10274,18,27,24,45
10275,18,27,35,10
10276,18,27,31,20
10277,18,27,25,10
10278,18,27,16,42
10279,18,27,49,24
10280,18,27,25,47
10281,18,27,23,33
10282,18,27,44,35
10283,18,27,47,49
10284,18,27,17,10
10285,18,27,40,24
10286,18,27,16,37
10287,18,27,31,37
10288,18,27,20,48
10289,18,27,44,29
10290,18,27,11,18
10291,18,27,12,17
10292,18,27,17,17
10293,18,27,45,11
10294,18,27,13,11
10295,18,27,23,12
10296,18,27,28,44
10297,18,27,12,45
10298,18,27,11,42
10299,18,27,47,17
10300,18,27,38,18
10301,18,27,12,17
10302,18,27,19,48
10303,18,27,23,47
10304,18,27,39,20
10305,18,27,30,10
10306,18,27,47,19
10307,18,27,19,35
10308,18,27,31,19
10309,18,27,24,43
10310,18,27,41,16
10311,18,27,44,28
10312,18,27,48,14
10313,18,27,44,21
10314,18,27,29,49
10315,18,27,15,36
10316,18,27,49,37
10317,18,27,18,22
10318,18,27,14,29
10319,18,27,17,42
10320,18,27,10,45
10321,18,27,35,13
10322,18,27,44,39
10323,18,27,37,24
10324,18,27,30,20
10325,18,27,22,26
10326,18,27,26,28
10327,18,27,34,15
10328,18,27,45,18
10329,18,27,31,17
10330,18,27,15,41
10331,18,27,16,34
10332,18,27,20,38
10333,18,27,48,46
10334,18,27,35,38
10335,18,27,29,16
10336,18,27,30,21
10337,18,27,25,38
10338,18,27,33,14
10339,18,27,33,13
10340,18,27,23,22
10341,18,27,25,19
10342,18,27,31,38
10343,18,27,18,30
10344,18,27,37,46
10345,18,27,22,30
10346,18,27,38,25
10347,18,27,34,18
10348,18,27,11,25
10349,18,27,40,49
10350,18,27,24,13
10351,18,27,44,34
10352,18,27,30,25
10353,18,27,20,32
10354,18,27,11,28
10355,18,27,33,29
10356,18,27,34,38
10357,18,27,26,19
10358,18,27,48,41
10359,18,27,34,18
10360,18,27,20,10
10361,18,27,49,32
10362,18,27,23,11
10363,18,27,48,45
10364,18,27,39,25
10365,18,27,40,44
10366,18,27,30,21
10367,18,27,12,31
10368,18,27,31,49
10369,18,27,14,49
10370,18,27,38,24
10371,18,27,26,47
10372,18,27,13,33
10373,18,27,49,25
10374,18,27,16,48
10375,18,27,28,16
10376,18,27,36,29
10377,18,27,45,23
10378,18,27,27,43
10379,18,27,23,18
10380,18,27,43,25
10381,18,27,13,27
10382,18,27,42,16
10383,18,27,28,23
10384,18,27,11,32
10385,18,27,22,11
10386,18,27,17,47
10387,18,27,39,18
10388,18,27,11,16
10389,18,27,24,17
10390,18,27,13,40
10391,18,27,46,34
10392,18,27,24,24
10393,18,27,23,23
10394,18,27,37,21
10395,18,27,41,27
10396,18,27,43,37
10397,18,27,25,23
10398,18,27,46,24
10399,18,27,19,26
10400,18,27,32,37
10401,18,27,25,34
10402,18,27,44,25
10403,18,27,26,42
10404,18,27,14,40
10405,18,27,22,34
10406,18,27,39,13
10407,18,27,24,17
10408,18,27,35,36
10409,18,27,10,19
10410,18,27,46,18
10411,18,27,30,49
10412,18,27,43,33
10413,18,27,10,33
10414,18,27,15,29
10415,18,27,25,12
10416,18,27,42,21
10417,18,27,39,10
10418,18,27,26,32
10419,18,27,35,20
10420,18,27,33,48
10421,18,27,17,35
10422,18,27,33,44
10423,18,27,26,27
10424,18,27,12,24
10425,18,27,17,18
10426,18,27,39,36
10427,18,27,43,16
10428,18,27,48,40
10429,18,27,22,36
10430,18,27,18,26
10431,18,27,26,33
10432,18,27,21,39
10433,18,27,27,20
10434,18,27,22,27
10435,18,27,28,10
10436,18,27,17,19
10437,18,27,21,31
10438,18,27,10,20
10439,18,27,35,28
10440,18,27,31,29
10441,18,27,24,27
10442,18,27,40,38
10443,18,27,35,20
10444,18,27,13,18
10445,18,27,21,26
10446,18,27,36,40
10447,18,27,23,38
10448,18,27,20,43
10449,18,27,18,29
10450,18,27,36,15
10451,18,27,13,17
10452,18,27,33,45
10453,18,27,26,11
10454,18,27,46,34
10455,18,27,31,18
10456,18,27,15,47
10457,18,27,21,29
10458,18,27,20,44
10459,18,27,13,38
10460,18,27,17,45
10461,18,27,41,47
10462,18,27,30,20
10463,18,27,40,40
10464,18,27,10,39
10465,18,27,27,39
10466,18,27,47,14
10467,18,27,31,45
10468,18,27,15,37
10469,18,27,49,20
10470,18,27,25,18
10471,18,27,23,37
10472,18,27,36,31
10473,18,27,33,35
10474,18,27,10,44
10475,18,27,10,33
10476,18,27,29,28
10477,18,27,25,45
10478,18,27,17,48
10479,18,27,40,33
10480,18,27,44,17
10481,18,27,28,19
10482,18,27,12,48
10483,18,27,30,31
10484,18,27,15,16
10485,18,27,48,26
10486,18,27,23,27
10487,18,27,40,20
10488,18,27,37,36
10489,18,27,46,44
10490,18,27,34,42
10491,18,27,45,33
10492,18,27,44,23
10493,18,27,39,15
10494,18,27,45,34
10495,18,27,32,32
10496,18,27,40,33
10497,18,27,19,26
10498,18,27,27,31
10499,18,27,48,45
10500,18,27,37,11
10501,18,27,35,30
10502,18,27,31,24
10503,18,27,26,47
10504,18,27,46,26
10505,18,27,22,48
10506,18,27,47,45
10507,18,27,47,25
10508,18,27,10,31
10509,18,27,46,11
10510,18,27,12,28
10511,18,27,27,22
10512,18,27,18,25
10513,18,27,39,37
10514,18,27,22,33
10515,18,27,21,27
10516,18,27,34,44
10517,18,27,22,26
10518,18,27,37,26
10519,18,27,30,35
10520,18,27,38,18
10521,18,27,30,18
10522,18,27,12,30
10523,18,27,11,35
10524,18,27,45,47
10525,18,27,41,42
10526,18,27,24,34
10527,18,27,40,18
10528,18,27,24,49
10529,18,27,47,18
10530,18,27,22,47
10531,18,27,28,38
10532,18,27,28,43
10533,18,27,46,41
10534,18,27,48,27
10535,18,27,17,11
10536,18,27,17,35
10537,18,27,42,34
10538,18,27,13,43
10539,18,27,41,46
10540,18,27,46,12
10541,18,27,23,11
10542,18,27,15,41
10543,18,27,46,45
10544,18,27,47,15
10545,18,27,16,31
10546,18,27,36,12
10547,18,27,33,38
10548,18,27,22,37
10549,18,27,30,31
10550,18,27,48,47
10551,18,27,28,29
10552,18,27,45,11
10553,18,27,27,23
10554,18,27,36,46
10555,18,27,44,14
10556,18,27,31,46
10557,18,27,47,33
10558,18,27,44,43
10559,18,27,25,23
10560,18,27,34,37
10561,18,27,46,43
10562,18,27,37,36
10563,18,27,39,16
10564,18,27,43,43
10565,18,27,17,37
10566,18,27,22,44
10567,18,27,49,10
10568,18,27,28,41
10569,18,27,35,46
10570,18,27,48,12
10571,18,27,30,15
10572,18,27,20,22
10573,18,27,27,23
10574,18,27,34,30
10575,18,27,42,35
10576,18,27,24,30
10577,18,27,33,42
10578,18,27,42,46
10579,18,27,21,17
10580,18,27,12,39
10581,18,27,45,16
10582,18,27,27,42
10583,18,27,16,33
10584,18,27,48,18
10585,18,27,21,16
10586,18,27,13,41
10587,18,27,38,49
10588,18,27,41,28
10589,18,27,27,14
10590,18,27,27,35
10591,18,27,27,40
10592,18,27,45,30
10593,18,27,32,30
10594,18,27,31,38
10595,18,27,26,16
10596,18,27,39,34
10597,18,27,49,47
10598,18,27,15,18
10599,18,27,43,43
10600,18,27,29,13
10601,18,27,44,17
10602,18,27,31,23
10603,18,27,38,14
10604,18,27,11,26
10605,18,27,12,40
10606,18,27,25,42
10607,18,27,25,15
10608,18,27,35,40
10609,18,27,32,18
10610,18,27,30,24
10611,18,27,19,44
10612,18,27,30,29
10613,18,27,22,11
10614,18,27,44,21
10615,18,27,13,27
10616,18,27,37,10
10617,18,27,30,28
10618,18,27,15,27
10619,18,27,43,45
10620,18,27,11,47
10621,18,27,46,37
10622,18,27,24,24
10623,18,27,40,25
10624,18,27,23,24
10625,18,27,43,17
10626,18,27,46,44
10627,18,27,14,24
10628,18,27,42,12
10629,18,27,30,43
10630,18,27,23,49
10631,18,27,48,10
10632,18,27,17,17
10633,18,27,27,44
10634,18,27,11,39
10635,18,27,17,10
10636,18,27,32,37
10637,18,27,14,16
10638,18,27,30,29
10639,18,27,20,23
10640,18,27,48,39
10641,18,27,28,20
10642,18,27,15,32
10643,18,27,34,26
10644,18,27,14,18
10645,18,27,42,26
10646,18,27,12,47
10647,18,27,19,39
10648,18,27,36,33
10649,18,27,40,29
10650,18,27,29,12
10651,18,27,19,36
10652,18,27,33,31
10653,18,27,34,40
10654,18,27,22,26
10655,18,27,14,15
10656,18,27,28,39
10657,18,27,43,29
10658,18,27,16,45
10659,18,27,43,43
10660,18,27,30,29
10661,18,27,22,45
10662,18,27,15,35
10663,18,27,35,29
10664,18,27,12,22
10665,18,27,10,13
10666,18,27,29,47
10667,18,27,11,38
10668,18,27,11,17
10669,18,27,24,49
10670,18,27,44,32
10671,18,27,17,34
10672,18,27,29,44
10673,18,27,35,46
10674,18,27,45,47
10675,18,27,26,40
10676,18,27,14,35
10677,18,27,30,28
10678,18,27,49,33
10679,18,27,28,36
10680,18,27,29,20
10681,18,27,17,39
10682,18,27,17,21
10683,18,27,11,21
10684,18,27,24,37
10685,18,27,27,37
10686,18,27,18,35
10687,18,27,40,44
10688,18,27,29,32
10689,18,27,31,19
10690,18,27,14,17
10691,18,27,11,39
10692,18,27,32,46
10693,18,27,17,44
10694,18,27,28,31
10695,18,27,33,49
10696,18,27,38,23
10697,18,27,22,38
10698,18,27,10,25
10699,18,27,21,12
10700,18,27,37,13
10701,18,27,12,39
10702,18,27,34,31
10703,18,27,36,28
10704,18,27,10,31
10705,18,27,20,35
10706,18,27,11,39
10707,18,27,41,45
10708,18,27,36,48
10709,18,27,24,41
10710,18,27,48,45
10711,18,27,16,19
10712,18,27,16,33
10713,18,27,27,48
10714,18,27,10,44
10715,18,27,36,10
10716,18,27,46,35
10717,18,27,36,14
10718,18,27,12,38
10719,18,27,34,32
10720,18,27,19,43
10721,18,27,32,34
10722,18,27,22,14
10723,18,27,21,14
10724,18,27,33,11
10725,18,27,31,23
10726,18,27,46,46
10727,18,27,15,31
10728,18,27,12,41
10729,18,27,49,32
10730,18,27,28,34
10731,18,27,17,11
10732,18,27,19,44
10733,18,27,33,45
10734,18,27,39,19
10735,18,27,16,26
10736,18,27,48,20
10737,18,27,45,23
10738,18,27,10,37
10739,18,27,38,48
10740,18,27,32,43
10741,18,27,45,44
10742,18,27,31,28
10743,18,27,14,10
10744,18,27,24,29
10745,18,27,17,21
10746,18,27,19,21
10747,18,27,43,42
10748,18,27,11,15
10749,18,27,38,43
10750,18,27,48,26
10751,18,27,38,13
10752,18,27,39,33
10753,18,27,21,11
10754,18,27,28,22
10755,18,27,25,27
10756,18,27,28,34
10757,18,27,12,45
10758,18,27,23,15
10759,18,27,12,47
10760,18,27,37,25
10761,18,27,33,43
10762,18,27,17,34
10763,18,27,45,22
10764,18,27,16,14
10765,18,27,40,15
10766,18,27,25,18
10767,18,27,22,35
10768,18,27,31,33
10769,18,27,23,14
10770,18,27,34,10
10771,18,27,18,33
10772,18,27,15,12
10773,18,27,48,27
10774,18,27,41,25
10775,18,27,38,40
10776,18,27,46,26
10777,18,27,20,14
10778,18,27,47,36
10779,18,27,35,36
10780,18,27,40,18
10781,18,27,47,42
10782,18,27,13,34
10783,18,27,24,10
10784,18,27,26,45
10785,18,27,38,38
10786,18,27,44,40
10787,18,27,23,37
10788,18,27,21,16
10789,18,27,16,28
10790,18,27,30,15
10791,18,27,44,19
10792,18,27,10,47
10793,18,27,42,35
10794,18,27,25,14
10795,18,27,44,37
10796,18,27,23,25
10797,18,27,44,34
10798,18,27,24,41
10799,18,27,21,42
10800,18,27,38,36
10801,18,27,27,32
10802,18,27,37,29
10803,18,27,22,35
10804,18,27,42,28
10805,18,27,36,11
10806,18,27,16,36
10807,18,27,33,38
10808,18,27,10,20
10809,18,27,38,30
10810,18,27,22,22
10811,18,27,14,26
10812,18,27,34,18
10813,18,27,12,17
10814,18,27,49,41
10815,18,27,15,44
10816,18,27,43,42
10817,18,27,10,47
10818,18,27,11,35
10819,18,27,42,35
10820,18,27,45,49
10821,18,27,18,26
10822,18,27,31,41
10823,18,27,22,13
10824,18,27,36,49
10825,18,27,15,16
10826,18,27,32,28
10827,18,27,25,17
10828,18,27,22,12
10829,18,27,14,15
10830,18,27,36,32
10831,18,27,30,28
10832,18,27,49,39
10833,18,27,14,20
10834,18,27,37,49
10835,18,27,27,46
10836,18,27,10,40
10837,18,27,42,39
10838,18,27,20,39
10839,18,27,35,28
10840,18,27,15,22
10841,18,27,28,19
10842,18,27,16,14
10843,18,27,36,41
10844,18,27,27,46
10845,18,27,33,40
10846,18,27,24,19
10847,18,27,32,15
10848,18,27,18,31
10849,18,27,25,26
10850,18,27,43,25
10851,18,27,48,38
10852,18,27,24,46
10853,18,27,41,20
10854,18,27,45,39
10855,18,27,25,31
10856,18,27,33,15
10857,18,27,11,32
10858,18,27,44,45
10859,18,27,33,11
10860,18,27,41,42
10861,18,27,49,14
10862,18,27,23,18
10863,18,27,49,32
10864,18,27,22,28
10865,18,27,30,18
10866,18,27,16,28
10867,18,27,39,41
10868,18,27,33,14
10869,18,27,18,34
10870,18,27,27,48
10871,18,27,30,39
10872,18,27,33,22
10873,18,27,20,37
10874,18,27,14,13
10875,18,27,47,22
10876,18,27,17,10
10877,18,27,13,30
10878,18,27,12,32
10879,18,27,46,41
10880,18,27,20,43
10881,18,27,46,30
10882,18,27,14,17
10883,18,27,21,37
10884,18,27,40,44
10885,18,27,43,31
10886,18,27,41,24
10887,18,27,33,23
10888,18,27,10,41
10889,18,27,33,27
10890,18,27,28,46
10891,18,27,20,40
10892,18,27,24,41
10893,18,27,23,21
10894,18,27,37,46
10895,18,27,28,19
10896,18,27,40,24
10897,18,27,25,36
10898,18,27,18,17
10899,18,27,46,37
10900,18,27,25,41
10901,18,27,33,46
10902,18,27,32,48
10903,18,27,13,21
10904,18,27,29,11
10905,18,27,46,23
10906,18,27,28,11
10907,18,27,45,11
10908,18,27,20,16
10909,18,27,39,44
10910,18,27,35,12
10911,18,27,31,36
10912,18,27,24,36
10913,18,27,26,28
10914,18,27,10,17
10915,18,27,20,35
10916,18,27,44,13
10917,18,27,23,10
10918,18,27,38,48
10919,18,27,11,45
10920,18,27,28,37
10921,18,27,29,45
10922,18,27,31,38
10923,18,27,47,45
10924,18,27,24,36
10925,18,27,37,23
10926,18,27,25,44
10927,18,27,29,36
10928,18,27,16,21
10929,18,27,41,16
10930,18,27,34,19
10931,18,27,33,19
10932,18,27,44,23
10933,18,27,30,10
10934,18,27,22,25
10935,18,27,12,38
10936,18,27,22,43
10937,18,27,47,42
10938,18,27,22,35
10939,18,27,14,23
10940,18,27,26,45
10941,18,27,30,42
10942,18,27,27,32
10943,18,27,20,47
10944,18,27,10,17
10945,18,27,48,22
10946,18,27,47,36
10947,18,27,33,35
10948,18,27,20,11
10949,18,27,27,38
10950,18,27,35,22
10951,18,27,19,24
10952,18,27,42,35
10953,18,27,39,44
10954,18,27,46,14
10955,18,27,36,20
10956,18,27,25,13
10957,18,27,23,13
10958,18,27,15,31
10959,18,27,17,34
10960,18,27,39,42
10961,18,27,11,17
10962,18,27,31,31
10963,18,27,18,44
10964,18,27,13,14
10965,18,27,26,16
10966,18,27,33,35
10967,18,27,18,21
10968,18,27,27,28
10969,18,27,18,33
10970,18,27,38,45
10971,18,27,39,23
10972,18,27,37,28
10973,18,27,19,28
10974,18,27,25,20
10975,18,27,40,41
10976,18,27,34,48
10977,18,27,39,12
10978,18,27,36,41
10979,18,27,39,33
10980,18,27,43,19
10981,18,27,37,49
10982,18,27,26,36
10983,18,27,17,23
10984,18,27,38,12
10985,18,27,13,10
10986,18,27,22,25
10987,18,27,47,18
10988,18,27,22,43
10989,18,27,16,25
10990,18,27,29,23
10991,18,27,23,45
10992,18,27,43,41
10993,18,27,36,45
10994,18,27,36,42
10995,18,27,23,12
10996,18,27,15,12
10997,18,27,21,43
10998,18,27,46,49
10999,18,27,43,43
11000,18,27,16,41
11001,18,27,48,32
11002,18,27,37,27
11003,18,27,40,46
11004,18,27,39,36
11005,18,27,46,10
11006,18,27,10,34
11007,18,27,40,19
11008,18,27,35,26
11009,18,27,18,35
11010,18,27,19,11
11011,18,27,33,48
11012,18,27,10,12
11013,18,27,14,32
11014,18,27,46,30
11015,18,27,14,16
11016,18,27,11,26
11017,18,27,36,36
11018,18,27,13,31
11019,18,27,27,47
11020,18,27,45,26
11021,18,27,23,32
11022,18,27,11,46
11023,18,27,31,48
11024,18,27,26,21
11025,18,27,34,12
11026,18,27,28,46
11027,18,27,44,14
11028,18,27,18,37
11029,18,27,48,35
11030,18,27,11,15
11031,18,27,23,30
11032,18,27,27,28
11033,18,27,21,47
11034,18,27,47,48
11035,18,27,26,39
11036,18,27,41,42
11037,18,27,13,13
11038,18,27,40,34
11039,18,27,39,39
11040,18,27,41,28
11041,18,27,29,34
11042,18,27,49,34
11043,18,27,21,32
11044,18,27,44,24
11045,18,27,19,11
11046,18,27,41,37
11047,18,27,42,48
11048,18,27,31,27
11049,18,27,19,42
11050,18,27,12,38
11051,18,27,36,33
11052,18,27,46,10
11053,18,27,30,37
11054,18,27,34,27
11055,18,27,21,21
11056,18,27,36,36
11057,18,27,48,39
11058,18,27,22,47
11059,18,27,44,25
11060,18,27,18,16
11061,18,27,20,33
11062,18,27,31,20
11063,18,27,20,19
11064,18,27,18,26
11065,18,27,35,12
11066,18,27,16,30
11067,18,27,18,30
11068,18,27,21,34
11069,18,27,25,29
11070,18,27,47,41
11071,18,27,36,26
11072,18,27,37,27
11073,18,27,10,36
11074,18,27,32,43
11075,18,27,15,11
11076,18,27,33,36
11077,18,27,41,33
11078,18,27,11,44
11079,18,27,11,28
11080,18,27,24,12
11081,18,27,24,36
11082,18,27,40,28
11083,18,27,16,38
11084,18,27,20,34
11085,18,27,42,33
11086,18,27,32,18
11087,18,27,22,36
11088,18,27,31,47
11089,18,27,16,45
11090,18,27,32,27
11091,18,27,22,26
11092,18,27,34,22
11093,18,27,21,31
11094,18,27,29,22
11095,18,27,41,24
11096,18,27,11,11
11097,18,27,38,34
11098,18,27,28,18
11099,18,27,14,35
11100,18,27,27,48
11101,18,27,32,24
11102,18,27,40,36
11103,18,27,49,25
11104,18,27,41,18
11105,18,27,32,37
11106,18,27,31,46
11107,18,27,11,17
11108,18,27,27,33
11109,18,27,39,35
11110,18,27,37,17
11111,18,27,29,23
11112,18,27,25,25
11113,18,27,26,31
11114,18,27,23,39
11115,18,27,14,29
11116,18,27,27,30
11117,18,27,43,31
11118,18,27,48,21
11119,18,27,48,49
11120,18,27,32,15
11121,18,27,27,35
11122,18,27,38,10
11123,18,27,40,31
11124,18,27,26,15
11125,18,27,32,24
11126,18,27,47,40
11127,18,27,47,29
11128,18,27,22,42
11129,18,27,24,15
11130,18,27,14,19
11131,18,27,30,32
11132,18,27,14,44
11133,18,27,10,37
11134,18,27,20,46
11135,18,27,29,12
11136,18,27,14,24
11137,18,27,46,22
11138,18,27,41,30
11139,18,27,17,23
11140,18,27,12,46
11141,18,27,48,27
11142,18,27,40,39
11143,18,27,48,34
11144,18,27,38,17
11145,18,27,32,31
11146,18,27,36,34
11147,18,27,27,41
11148,18,27,35,21
11149,18,27,24,15
11150,18,27,42,12
11151,18,27,20,33
11152,18,27,26,22
11153,18,27,40,25
11154,18,27,47,19
11155,18,27,47,27
11156,18,27,30,31
11157,18,27,40,22
11158,18,27,20,38
11159,18,27,25,42
11160,18,27,19,43
11161,18,27,42,49
11162,18,27,14,27
11163,18,27,16,32
11164,18,27,25,37
11165,18,27,12,33
11166,18,27,33,30
11167,18,27,29,38
11168,18,27,29,31
11169,18,27,44,15
11170,18,27,49,21
11171,18,27,43,42
11172,18,27,47,16
11173,18,27,41,18
11174,18,27,16,23
11175,18,27,17,14
11176,18,27,38,12
11177,18,27,47,36
11178,18,27,18,41
11179,18,27,12,47
11180,18,27,24,49
11181,18,27,11,25
11182,18,27,34,13
11183,18,27,12,47
11184,18,27,40,35
11185,18,27,48,31
11186,18,27,14,21
11187,18,27,14,31
11188,18,27,39,43
11189,18,27,43,24
11190,18,27,41,31
11191,18,27,22,23
11192,18,27,23,27
11193,18,27,48,29
11194,18,27,26,48
11195,18,27,20,30
11196,18,27,42,21
11197,18,27,37,15
11198,18,27,28,23
11199,18,27,17,31
11200,18,27,41,44
11201,18,27,18,48
11202,18,27,30,17
11203,18,27,42,15
11204,18,27,45,41
11205,18,27,12,27
11206,18,27,12,34
11207,18,27,44,33
11208,18,27,25,35
11209,18,27,18,45
11210,18,27,30,30
11211,18,27,26,34
11212,18,27,32,39
11213,18,27,24,37
11214,18,27,47,14
11215,18,27,39,14
11216,18,27,47,28
11217,18,27,48,40
11218,18,27,11,37
11219,18,27,17,36
11220,18,27,11,38
11221,18,27,49,42
11222,18,27,26,49
11223,18,27,21,13
11224,18,27,17,24
11225,18,27,30,33
11226,18,27,30,30
11227,18,27,22,13
11228,18,27,13,31
11229,18,27,31,47
11230,18,27,23,20
11231,18,27,24,37
11232,18,27,39,29
11233,18,27,16,42
11234,18,27,35,19
11235,18,27,13,42
11236,18,27,27,47
11237,18,27,33,30
11238,18,27,49,26
11239,18,27,17,29
11240,18,27,17,16
11241,18,27,35,27
11242,18,27,23,15
11243,18,27,39,27
11244,18,27,35,28
11245,18,27,29,13
11246,18,27,23,13
11247,18,27,11,39
11248,18,27,44,45
11249,18,27,25,45
11250,18,27,42,30
11251,18,27,19,26
11252,18,27,47,36
11253,18,27,47,39
11254,18,27,18,10
11255,18,27,13,33
11256,18,27,14,36
11257,18,27,10,11
11258,18,27,32,42
11259,18,27,44,22
11260,18,27,14,35
11261,18,27,22,19
11262,18,27,25,42
11263,18,27,28,43
11264,18,27,12,34
11265,18,27,41,48
11266,18,27,17,14
11267,18,27,32,18
11268,18,27,16,17
11269,18,27,43,15
11270,18,27,26,31
11271,18,27,14,27
11272,18,27,29,30
11273,18,27,43,34
11274,18,27,48,49
11275,18,27,36,19
11276,18,27,30,31
11277,18,27,43,38
11278,18,27,11,45
11279,18,27,44,28
11280,18,27,44,35
11281,18,27,45,32
11282,18,27,10,36
11283,18,27,47,37
11284,18,27,31,47
11285,18,27,41,19
11286,18,27,36,45
11287,18,27,21,30
11288,18,27,10,42
11289,18,27,39,13
11290,18,27,11,44
11291,18,27,33,26
11292,18,27,38,38
11293,18,27,44,10
11294,18,27,47,42
11295,18,27,23,39
11296,18,27,15,30
11297,18,27,22,36
11298,18,27,17,34
11299,18,27,15,48
11300,18,27,11,15
11301,18,27,17,23
11302,18,27,26,17
11303,18,27,44,37
11304,18,27,47,44
11305,18,27,35,20
11306,18,27,20,24
11307,18,27,49,12
11308,18,27,32,37
11309,18,27,20,21
11310,18,27,43,13
11311,18,27,43,30
11312,18,27,10,32
11313,18,27,17,10
11314,18,27,19,31
11315,18,27,42,36
11316,18,27,24,33
11317,18,27,34,32
11318,18,27,42,34
11319,18,27,31,13
11320,18,27,24,35
11321,18,27,12,45
11322,18,27,34,22
11323,18,27,45,45
11324,18,27,27,47
11325,18,27,35,32
11326,18,27,16,22
11327,18,27,25,42
11328,18,27,30,22
11329,18,27,29,30
11330,18,27,46,29
11331,18,27,16,33
11332,18,27,35,29
11333,18,27,15,43
11334,18,27,22,39
11335,18,27,17,12
11336,18,27,19,14
11337,18,27,19,48
11338,18,27,39,34
11339,18,27,28,32
11340,18,27,14,29
11341,18,27,46,48
11342,18,27,48,24
11343,18,27,26,26
11344,18,27,29,16
11345,18,27,35,28
11346,18,27,20,28
11347,18,27,43,30
11348,18,27,11,23
11349,18,27,44,29
11350,18,27,12,26
11351,18,27,22,44
11352,18,27,45,15
11353,18,27,39,46
11354,18,27,15,11
11355,18,27,16,18
11356,18,27,27,41
11357,18,27,25,27
11358,18,27,21,33
11359,18,27,14,12
11360,18,27,17,18
11361,18,27,38,35
11362,18,27,16,14
11363,18,27,17,22
11364,18,27,39,30
11365,18,27,20,39
11366,18,27,11,28
11367,18,27,14,31
11368,18,27,41,36
11369,18,27,20,22
11370,18,27,40,28
11371,18,27,22,27
11372,18,27,19,41
11373,18,27,19,36
11374,18,27,19,12
11375,18,27,15,18
11376,18,27,26,44
11377,18,27,27,29
11378,18,27,16,46
11379,18,27,31,12
11380,18,27,25,29
11381,18,27,27,16
11382,18,27,28,30
11383,18,27,26,46
11384,18,27,35,48
11385,18,27,49,37
11386,18,27,47,11
11387,18,27,14,45
11388,18,27,36,25
11389,18,27,37,47
11390,18,27,26,33
11391,18,27,10,42
11392,18,27,37,42
11393,18,27,38,38
11394,18,27,27,37
11395,18,27,30,19
11396,18,27,15,41
11397,18,27,46,11
11398,18,27,31,31
11399,18,27,41,22
11400,18,27,14,23
11401,18,27,17,17
11402,18,27,23,45
11403,18,27,14,18
11404,18,27,10,47
11405,18,27,10,35
11406,18,27,31,32
11407,18,27,15,11
11408,18,27,21,10
11409,18,27,33,28
11410,18,27,44,47
11411,18,27,47,14
11412,18,27,38,19
11413,18,27,33,25
11414,18,27,45,19
11415,18,27,23,23
11416,18,27,13,43
11417,18,27,18,13
11418,18,27,31,37
11419,18,27,43,28
11420,18,27,43,11
11421,18,27,25,14
11422,18,27,30,37
11423,18,27,23,11
11424,18,27,42,30
11425,18,27,16,34
11426,18,27,25,31
11427,18,27,29,34
11428,18,27,11,27
11429,18,27,13,42
11430,18,27,14,46
11431,18,27,12,15
11432,18,27,26,33
11433,18,27,49,18
11434,18,27,39,29
11435,18,27,26,17
11436,18,27,35,22
11437,18,27,48,23
11438,18,27,38,24
11439,18,27,34,15
11440,18,27,15,19
11441,18,27,33,24
11442,18,27,13,21
11443,18,27,28,16
11444,18,27,39,25
11445,18,27,19,19
11446,18,27,31,17
11447,18,27,11,28
11448,18,27,29,46
11449,18,27,38,16
11450,18,27,46,25
11451,18,27,43,49
11452,18,27,43,28
11453,18,27,34,25
11454,18,27,28,45
11455,18,27,12,14
11456,18,27,49,31
11457,18,27,39,38
11458,18,27,20,27
11459,18,27,10,37
11460,18,27,23,39
11461,18,27,35,32
11462,18,27,46,18
11463,18,27,24,44
11464,18,27,40,44
11465,18,27,48,10
11466,18,27,21,37
11467,18,27,16,42
11468,18,27,20,46
11469,18,27,18,21
11470,18,27,27,29
11471,18,27,16,21
11472,18,27,27,46
11473,18,27,48,47
11474,18,27,16,12
11475,18,27,24,42
11476,18,27,20,14
11477,18,27,45,30
11478,18,27,24,26
11479,18,27,38,22
11480,18,27,42,31
11481,18,27,25,49
11482,18,27,19,42
11483,18,27,20,25
11484,18,27,11,23
11485,18,27,23,36
11486,18,27,37,33
11487,18,27,46,32
11488,18,27,48,27
11489,18,27,48,37
11490,18,27,45,41
11491,18,27,48,40
11492,18,27,48,11
11493,18,27,22,20
11494,18,27,34,31
11495,18,27,41,21
11496,18,27,17,15
11497,18,27,22,39
11498,18,27,33,43
11499,18,27,17,40
11500,18,27,47,36
11501,18,27,27,13
11502,18,27,49,37
11503,18,27,33,46
11504,18,27,42,35
11505,18,27,20,27
11506,18,27,19,17
11507,18,27,33,22
11508,18,27,15,46
11509,18,27,17,35
11510,18,27,19,11
11511,18,27,32,26
11512,18,27,15,20
11513,18,27,18,36
11514,18,27,10,16
11515,18,27,22,16
11516,18,27,27,29
11517,18,27,18,14
11518,18,27,39,40
11519,18,27,34,42
11520,18,27,23,29
11521,18,27,39,37
11522,18,27,45,14
11523,18,27,38,41
11524,18,27,43,16
11525,18,27,41,14
11526,18,27,38,27
11527,18,27,30,44
11528,18,27,10,34
11529,18,27,47,44
11530,18,27,12,30
11531,18,27,37,25
11532,18,27,44,35
11533,18,27,24,21
11534,18,27,12,47
11535,18,27,18,36
11536,18,27,10,49
11537,18,27,28,40
11538,18,27,24,20
11539,18,27,37,42
11540,18,27,19,40
11541,18,27,42,49
11542,18,27,31,22
11543,18,27,24,18
11544,18,27,13,11
11545,18,27,10,49
11546,18,27,33,35
11547,18,27,42,20
11548,18,27,30,10
11549,18,27,39,39
11550,18,27,12,47
11551,18,27,49,43
11552,18,27,23,43
11553,18,27,43,38
11554,18,27,14,22
11555,18,27,46,16
11556,18,27,44,45
11557,18,27,41,45
11558,18,27,26,30
11559,18,27,19,19
11560,18,27,43,15
11561,18,27,42,11
11562,18,27,37,22
11563,18,27,46,16
11564,18,27,34,49
11565,18,27,30,41
11566,18,27,18,14
11567,18,27,45,26
11568,18,27,33,25
11569,18,27,40,43
11570,18,27,31,22
11571,18,27,24,48
11572,18,27,11,12
11573,18,27,35,44
11574,18,27,17,25
11575,18,27,44,34
11576,18,27,21,25
11577,18,27,11,11
11578,18,27,10,12
11579,18,27,40,21
11580,18,27,14,49
11581,18,27,12,33
11582,18,27,46,19
11583,18,27,26,49
11584,18,27,17,15
11585,18,27,47,17
11586,18,27,24,28
11587,18,27,35,23
11588,18,27,32,19
11589,18,27,19,15
11590,18,27,30,18
11591,18,27,36,23
11592,18,27,22,14
11593,18,27,30,19
11594,18,27,27,29
11595,18,27,33,40
11596,18,27,37,11
11597,18,27,15,33
11598,18,27,40,26
11599,18,27,23,14
11600,18,27,28,23
11601,18,27,33,11
11602,18,27,38,13
11603,18,27,47,31
11604,18,27,33,17
11605,18,27,38,24
11606,18,27,26,33
11607,18,27,34,37
11608,18,27,29,20
11609,18,27,48,37
11610,18,27,46,30
11611,18,27,25,45
11612,18,27,39,11
11613,18,27,37,37
11614,18,27,37,41
11615,18,27,40,40
11616,18,27,24,19
11617,18,27,46,31
11618,18,27,29,30
11619,18,27,46,20
11620,18,27,40,11
11621,18,27,33,22
11622,18,27,15,19
11623,18,27,41,42
11624,18,27,44,13
11625,18,27,39,46
11626,18,27,20,31
11627,18,27,38,32
11628,18,27,16,38
11629,18,27,42,27
11630,18,27,22,31
11631,18,27,42,23
11632,18,27,40,29
11633,18,27,18,28
11634,18,27,18,28
11635,18,27,43,44
11636,18,27,42,41
11637,18,27,36,46
11638,18,27,11,26
11639,18,27,25,15
11640,18,27,33,26
11641,18,27,22,23
11642,18,27,40,42
11643,18,27,29,43
11644,18,27,47,20
11645,18,27,30,48
11646,18,27,12,17
11647,18,27,35,17
11648,18,27,20,36
11649,18,27,49,31
11650,18,27,45,44
11651,18,27,47,20
11652,18,27,15,21
11653,18,27,35,10
11654,18,27,37,41
11655,18,27,29,33
11656,18,27,37,31
11657,18,27,47,26
11658,18,27,42,46
11659,18,27,49,43
11660,18,27,11,48
11661,18,27,35,33
11662,18,27,31,14
11663,18,27,11,37
11664,18,27,39,14
11665,18,27,15,11
11666,18,27,12,24
11667,18,27,38,40
11668,18,27,36,23
11669,18,27,19,42
11670,18,27,45,31
11671,18,27,37,29
11672,18,27,23,36
11673,18,27,36,44
11674,18,27,44,41
11675,18,27,33,11
11676,18,27,19,12
11677,18,27,10,30
11678,18,27,16,22
11679,18,27,22,15
11680,18,27,36,19
11681,18,27,23,27
11682,18,27,42,15
11683,18,27,36,44
11684,18,27,23,39
11685,18,27,18,28
11686,18,27,35,31
11687,18,27,19,37
11688,18,27,22,43
11689,18,27,45,29
11690,18,27,29,24
11691,18,27,45,25
11692,18,27,30,20
11693,18,27,10,22
11694,18,27,32,26
11695,18,27,27,40
11696,18,27,33,40
11697,18,27,17,36
11698,18,27,33,39
11699,18,27,30,13
11700,18,27,36,38
11701,18,27,39,29
11702,18,27,25,27
11703,18,27,12,22
11704,18,27,18,11
11705,18,27,47,29
11706,18,27,22,47
11707,18,27,49,44
11708,18,27,28,22
11709,18,27,36,12
11710,18,27,16,14
11711,18,27,41,47
11712,18,27,32,15
11713,18,27,29,34
11714,18,27,31,23
11715,18,27,14,25
11716,18,27,41,15
11717,18,27,24,17
11718,18,27,45,38
11719,18,27,20,43
11720,18,27,42,36
11721,18,27,19,18
11722,18,27,17,36
11723,18,27,15,39
11724,18,27,17,11
11725,18,27,45,18
11726,18,27,10,29
11727,18,27,20,31
11728,18,27,18,14
11729,18,27,10,37
11730,18,27,48,38
11731,18,27,31,30
11732,18,27,32,21
11733,18,27,22,21
11734,18,27,15,13
11735,18,27,48,22
11736,18,27,27,23
11737,18,27,25,48
11738,18,27,46,46
11739,18,27,29,21
11740,18,27,40,46
11741,18,27,11,21
11742,18,27,20,27
11743,18,27,28,22
11744,18,27,16,23
11745,18,27,23,39
11746,18,27,48,34
11747,18,27,38,40
11748,18,27,19,20
11749,18,27,28,22
11750,18,27,41,11
11751,18,27,46,49
11752,18,27,12,26
11753,18,27,47,45
11754,18,27,43,10
11755,18,27,37,28
11756,18,27,38,46
11757,18,27,30,34
11758,18,27,18,33
11759,18,27,48,13
11760,18,27,41,35
11761,18,27,43,13
11762,18,27,27,24
11763,18,27,42,20
11764,18,27,35,10
11765,18,27,31,16
11766,18,27,24,15
11767,18,27,47,40
11768,18,27,18,48
11769,18,27,11,23
11770,18,27,26,23
11771,18,27,16,46
11772,18,27,22,43
11773,18,27,26,31
11774,18,27,37,36
11775,18,27,10,41
11776,18,27,19,43
11777,18,27,26,30
11778,18,27,47,43
11779,18,27,21,44
11780,18,27,41,44
11781,18,27,23,27
11782,18,27,38,46
11783,18,27,24,10
11784,18,27,41,47
11785,18,27,47,49
11786,18,27,41,44
11787,18,27,29,24
11788,18,27,34,36
11789,18,27,29,40
11790,18,27,11,47
11791,18,27,43,40
11792,18,27,30,43
11793,18,27,39,33
11794,18,27,10,10
11795,18,27,14,45
11796,18,27,30,45
11797,18,27,24,28
11798,18,27,28,42
11799,18,27,17,34
11800,18,27,26,37
11801,18,27,30,48
11802,18,27,19,17
11803,18,27,40,33
11804,18,27,33,42
11805,18,27,31,42
11806,18,27,11,45
11807,18,27,20,36
11808,18,27,14,14
11809,18,27,20,20
11810,18,27,46,47
11811,18,27,44,16
11812,18,27,29,40
11813,18,27,11,26
11814,18,27,43,37
11815,18,27,10,27
11816,18,27,19,39
11817,18,27,35,40
11818,18,27,24,10
11819,18,27,22,22
11820,18,27,13,17
11821,18,27,43,32
11822,18,27,47,13
11823,18,27,47,29
11824,18,27,35,43
11825,18,27,36,10
11826,18,27,48,36
11827,18,27,46,20
11828,18,27,44,32
11829,18,27,20,18
11830,18,27,44,12
11831,18,27,35,25
11832,18,27,47,14
11833,18,27,12,31
11834,18,27,47,35
11835,18,27,40,39
11836,18,27,28,45
11837,18,27,27,35
11838,18,27,25,14
11839,18,27,42,38
11840,18,27,34,21
11841,18,27,13,19
11842,18,27,31,33
11843,18,27,24,13
11844,18,27,30,11
11845,18,27,44,16
11846,18,27,45,23
11847,18,27,37,36
11848,18,27,40,14
11849,18,27,32,25
11850,18,27,27,25
11851,18,27,35,43
11852,18,27,14,43
11853,18,27,37,23
11854,18,27,14,11
11855,18,27,26,41
11856,18,27,36,44
11857,18,27,38,17
11858,18,27,37,43
11859,18,27,21,22
11860,18,27,46,47
11861,18,27,48,30
11862,18,27,19,15
11863,18,27,37,42
11864,18,27,42,21
11865,18,27,45,37
11866,18,27,36,23
11867,18,27,41,22
11868,18,27,19,22
11869,18,27,13,25
11870,18,27,18,22
11871,18,27,44,10
11872,18,27,24,17
11873,18,27,11,44
11874,18,27,35,46
11875,18,27,29,33
11876,18,27,15,31
11877,18,27,44,20
11878,18,27,29,28
11879,18,27,17,44
11880,18,27,15,16
11881,18,27,27,16
11882,18,27,43,10
11883,18,27,34,49
11884,18,27,10,17
11885,18,27,40,25
11886,18,27,22,32
11887,18,27,12,33
11888,18,27,29,36
11889,18,27,31,14
11890,18,27,20,47
11891,18,27,39,21
11892,18,27,10,17
11893,18,27,32,33
11894,18,27,17,34
11895,18,27,31,41
11896,18,27,25,29
11897,18,27,10,17
11898,18,27,25,21
11899,18,27,39,18
11900,18,27,39,15
11901,18,27,15,17
11902,18,27,43,43
11903,18,27,46,35
11904,18,27,35,45
11905,18,27,23,30
11906,18,27,16,37
11907,18,27,27,42
11908,18,27,45,29
11909,18,27,40,49
11910,18,27,11,46
11911,18,27,48,19
11912,18,27,34,19
11913,18,27,41,47
11914,18,27,15,25
11915,18,27,12,43
11916,18,27,32,20
11917,18,27,47,15
11918,18,27,40,17
11919,18,27,11,40
11920,18,27,20,21
11921,18,27,22,14
11922,18,27,34,11
11923,18,27,38,18
11924,18,27,40,47
11925,18,27,43,34
11926,18,27,19,45
11927,18,27,19,31
11928,18,27,21,15
11929,18,27,29,38
11930,18,27,16,30
11931,18,27,12,40
11932,18,27,46,10
11933,18,27,11,48
11934,18,27,38,41
11935,18,27,49,10
11936,18,27,11,26
11937,18,27,23,46
11938,18,27,21,23
11939,18,27,33,48
11940,18,27,49,27
11941,18,27,12,31
11942,18,27,14,21
11943,18,27,48,22
11944,18,27,33,36
11945,18,27,14,42
11946,18,27,38,20
11947,18,27,49,28
11948,18,27,24,15
11949,18,27,11,12
11950,18,27,44,36
11951,18,27,25,25
11952,18,27,37,38
11953,18,27,49,49
11954,18,27,40,24
11955,18,27,46,35
11956,18,27,34,11
11957,18,27,45,33
11958,18,27,10,44
11959,18,27,19,36
11960,18,27,10,32
11961,18,27,41,35
11962,18,27,47,25
11963,18,27,14,38
11964,18,27,24,29
11965,18,27,19,18
11966,18,27,28,14
11967,18,27,49,39
11968,18,27,44,14
11969,18,27,41,23
11970,18,27,35,46
11971,18,27,10,49
11972,18,27,34,34
11973,18,27,25,19
11974,18,27,45,44
11975,18,27,10,41
11976,18,27,30,20
11977,18,27,39,21
11978,18,27,13,29
11979,18,27,45,14
11980,18,27,20,41
11981,18,27,43,20
11982,18,27,43,39
11983,18,27,35,17
11984,18,27,19,35
11985,18,27,11,24
11986,18,27,41,26
11987,18,27,33,32
11988,18,27,38,16
11989,18,27,24,25
11990,18,27,19,13
11991,18,27,37,14
11992,18,27,27,30
11993,18,27,41,28
11994,18,27,10,31
11995,18,27,11,33
11996,18,27,31,11
11997,18,27,19,39
11998,18,27,14,19
11999,18,27,25,46
12000,18,27,41,49
12001,18,27,33,36
12002,18,27,11,38
12003,18,27,35,24
12004,18,27,33,29
12005,18,27,26,35
12006,18,27,16,46
12007,18,27,46,39
12008,18,27,25,27
12009,18,27,29,10
12010,18,27,32,30
12011,18,27,13,24
12012,18,27,26,10
12013,18,27,31,49
12014,18,27,16,16
12015,18,27,35,44
12016,18,27,47,32
12017,18,27,34,11
12018,18,27,20,29
12019,18,27,36,27
12020,18,27,31,13
12021,18,27,38,38
12022,18,27,28,48
12023,18,27,38,40
12024,18,27,16,19
12025,18,27,41,35
12026,18,27,32,47
12027,18,27,46,47
12028,18,27,15,31
12029,18,27,10,14
12030,18,27,45,38
12031,18,27,15,23
12032,18,27,41,38
12033,18,27,14,22
12034,18,27,21,49
12035,18,27,24,46
12036,18,27,45,45
12037,18,27,39,20
12038,18,27,48,40
12039,18,27,35,28
12040,18,27,30,27
12041,18,27,43,17
12042,18,27,28,44
12043,18,27,29,21
12044,18,27,37,41
12045,18,27,22,37
12046,18,27,35,34
12047,18,27,26,46
12048,18,27,13,37
12049,18,27,40,44
12050,18,27,32,20
12051,18,27,41,24
12052,18,27,30,14
12053,18,27,42,16
12054,18,27,48,35
12055,18,27,30,18
12056,18,27,22,48
12057,18,27,43,20
12058,18,27,23,14
12059,18,27,38,39
12060,18,27,18,14
12061,18,27,48,49
12062,18,27,24,13
12063,18,27,45,49
12064,18,27,21,41
12065,18,27,18,40
12066,18,27,35,19
12067,18,27,17,47
12068,18,27,37,36
12069,18,27,20,34
12070,18,27,44,14
12071,18,27,22,18
12072,18,27,30,18
12073,18,27,46,22
12074,18,27,19,10
12075,18,27,23,43
12076,18,27,21,29
12077,18,27,16,15
12078,18,27,11,38
12079,18,27,25,49
12080,18,27,41,33
12081,18,27,10,34
12082,18,27,44,16
12083,18,27,33,44
12084,18,27,11,20
12085,18,27,10,44
12086,18,27,32,25
12087,18,27,28,36
12088,18,27,15,32
12089,18,27,33,14
12090,18,27,45,20
12091,18,27,20,15
12092,18,27,18,45
12093,18,27,11,36
12094,18,27,30,23
12095,18,27,44,34
12096,18,27,35,37
12097,18,27,18,16
12098,18,27,46,44
12099,18,27,36,45
12100,18,27,26,15
12101,18,27,37,18
12102,18,27,19,49
12103,18,27,38,16
12104,18,27,18,48
12105,18,27,15,38
12106,18,27,22,24
12107,18,27,11,41
12108,18,27,15,33
12109,18,27,27,41
12110,18,27,27,25
12111,18,27,12,23
12112,18,27,39,10
12113,18,27,25,36
12114,18,27,12,48
12115,18,27,25,16
12116,18,27,39,39
12117,18,27,23,14
12118,18,27,44,15
12119,18,27,42,25
12120,18,27,25,38
12121,18,27,10,48
12122,18,27,41,18
12123,18,27,22,18
12124,18,27,16,17
12125,18,27,24,45
12126,18,27,32,48
12127,18,27,38,46
12128,18,27,27,36
12129,18,27,32,40
12130,18,27,36,10
12131,18,27,41,27
12132,18,27,42,29
12133,18,27,47,18
12134,18,27,23,28
12135,18,27,29,18
12136,18,27,10,22
12137,18,27,21,21
12138,18,27,12,46
12139,18,27,27,12
12140,18,27,43,11
12141,18,27,34,22
12142,18,27,15,38
12143,18,27,49,13
12144,18,27,12,36
12145,18,27,45,11
12146,18,27,26,44
12147,18,27,30,45
12148,18,27,48,32
12149,18,27,10,14
12150,18,27,27,14
12151,18,27,12,47
12152,18,27,33,14
12153,18,27,33,28
12154,18,27,31,41
12155,18,27,47,33
12156,18,27,46,27
12157,18,27,38,10
12158,18,27,13,13
12159,18,27,45,46
12160,18,27,19,43
12161,18,27,12,19
12162,18,27,14,47
12163,18,27,29,15
12164,18,27,32,47
12165,18,27,40,44
12166,18,27,15,26
12167,18,27,29,33
12168,18,27,27,44
12169,18,27,30,26
12170,18,27,16,22
12171,18,27,24,25
12172,18,27,40,20
12173,18,27,33,36
12174,18,27,26,35
12175,18,27,41,33
12176,18,27,14,37
12177,18,27,26,37
12178,18,27,25,28
12179,18,27,44,34
12180,18,27,11,28
12181,18,27,42,34
12182,18,27,46,34
12183,18,27,49,19
12184,18,27,34,48
12185,18,27,27,36
12186,18,27,44,39
12187,18,27,19,32
12188,18,27,30,38
12189,18,27,33,16
12190,18,27,13,11
12191,18,27,37,34
12192,18,27,42,48
12193,18,27,10,16
12194,18,27,42,12
12195,18,27,28,13
12196,18,27,35,33
12197,18,27,41,11
12198,18,27,17,38
12199,18,27,46,37
12200,18,27,37,49
12201,18,27,39,45
12202,18,27,11,35
12203,18,27,16,16
12204,18,27,13,23
12205,18,27,38,19
12206,18,27,43,37
12207,18,27,48,41
12208,18,27,33,32
12209,18,27,13,30
12210,18,27,45,23
12211,18,27,28,17
12212,18,27,13,44
12213,18,27,20,11
12214,18,27,49,34
12215,18,27,48,30
12216,18,27,41,24
12217,18,27,38,24
12218,18,27,29,23
12219,18,27,32,10
12220,18,27,14,15
12221,18,27,21,18
12222,18,27,27,14
12223,18,27,29,17
12224,18,27,11,18
12225,18,27,23,49
12226,18,27,28,30
12227,18,27,16,10
12228,18,27,10,49
12229,18,27,22,36
12230,18,27,18,19
12231,18,27,23,16
12232,18,27,25,14
12233,18,27,30,45
12234,18,27,11,40
12235,18,27,49,13
12236,18,27,25,14
12237,18,27,31,38
12238,18,27,16,18
12239,18,27,25,11
12240,18,27,20,19
12241,18,27,37,12
12242,18,27,35,13
12243,18,27,35,34
12244,18,27,44,14
12245,18,27,25,36
12246,18,27,32,16
12247,18,27,39,28
12248,18,27,17,15
12249,18,27,44,18
12250,18,27,26,44
12251,18,27,29,29
12252,18,27,26,47
12253,18,27,22,15
12254,18,27,39,22
12255,18,27,29,17
12256,18,27,42,26
12257,18,27,27,16
12258,18,27,38,27
12259,18,27,35,18
12260,18,27,44,29
12261,18,27,30,49
12262,18,27,49,37
12263,18,27,13,33
12264,18,27,22,24
12265,18,27,46,29
12266,18,27,19,11
12267,18,27,40,40
12268,18,27,14,14
12269,18,27,38,31
12270,18,27,17,27
12271,18,27,20,11
12272,18,27,13,11
12273,18,27,46,40
12274,18,27,16,26
12275,18,27,22,25
12276,18,27,43,21
12277,18,27,35,21
12278,18,27,49,25
12279,18,27,25,40
12280,18,27,38,46
12281,18,27,44,38
12282,18,27,44,43
12283,18,27,47,12
12284,18,27,22,42
12285,18,27,22,48
12286,18,27,19,48
12287,18,27,18,49
12288,18,27,28,47
12289,18,27,47,37
12290,18,27,39,25
12291,18,27,37,37
12292,18,27,44,20
12293,18,27,35,38
12294,18,27,47,25
12295,18,27,15,29
12296,18,27,33,27
12297,18,27,13,38
12298,18,27,12,40
12299,18,27,47,46
12300,18,27,23,33
12301,18,27,35,49
12302,18,27,16,43
12303,18,27,49,43
12304,18,27,18,24
12305,18,27,32,24
12306,18,27,14,27
12307,18,27,37,35
12308,18,27,45,47
12309,18,27,34,15
12310,18,27,47,46
12311,18,27,27,14
12312,18,27,13,40
12313,18,27,47,29
12314,18,27,20,24
12315,18,27,20,23
12316,18,27,20,40
12317,18,27,23,27
12318,18,27,21,13
12319,18,27,24,44
12320,18,27,35,18
12321,18,27,35,17
12322,18,27,11,17
12323,18,27,41,37
12324,18,27,39,18
12325,18,27,27,49
12326,18,27,17,27
12327,18,27,21,12
12328,18,27,46,23
12329,18,27,25,40
12330,18,27,47,45
12331,18,27,41,26
12332,18,27,15,28
12333,18,27,14,29
12334,18,27,13,40
12335,18,27,26,43
12336,18,27,38,49
12337,18,27,25,39
12338,18,27,32,49
12339,18,27,21,36
12340,18,27,29,19
12341,18,27,25,39
12342,18,27,29,35
12343,18,27,29,44
12344,18,27,18,32
12345,18,27,10,32
12346,18,27,49,13
12347,18,27,23,30
12348,18,27,27,34
12349,18,27,49,45
12350,18,27,47,22
12351,18,27,41,33
12352,18,27,49,35
12353,18,27,28,23
12354,18,27,36,31
12355,18,27,19,30
12356,18,27,10,45
12357,18,27,33,46
12358,18,27,40,49
12359,18,27,46,33
12360,18,27,15,28
12361,18,27,18,49
12362,18,27,25,14
12363,18,27,40,47
12364,18,27,24,38
12365,18,27,10,12
12366,18,27,17,37
12367,18,27,29,41
12368,18,27,38,25
12369,18,27,29,32
12370,18,27,44,12
12371,18,27,36,25
12372,18,27,10,38
12373,18,27,10,35
12374,18,27,49,22
12375,18,27,25,32
12376,18,27,23,46
12377,18,27,14,21
12378,18,27,47,13
12379,18,27,17,33
12380,18,27,33,17
12381,18,27,35,38
12382,18,27,28,31
12383,18,27,23,16
12384,18,27,32,42
12385,18,27,34,22
12386,18,27,43,23
12387,18,27,44,39
12388,18,27,25,27
12389,18,27,12,30
12390,18,27,26,13
12391,18,27,38,35
12392,18,27,14,30
12393,18,27,27,25
12394,18,27,28,37
12395,18,27,44,20
12396,18,27,19,43
12397,18,27,28,35
12398,18,27,28,35
12399,18,27,22,22
12400,18,27,31,46
12401,18,27,21,44
12402,18,27,15,44
12403,18,27,30,36
12404,18,27,37,42
12405,18,27,35,17
12406,18,27,45,14
12407,18,27,14,28
12408,18,27,36,38
12409,18,27,32,37
12410,18,27,37,28
12411,18,27,37,12
12412,18,27,16,43
12413,18,27,38,31
12414,18,27,22,13
12415,18,27,38,19
12416,18,27,40,47
12417,18,27,33,36
12418,18,27,49,28
12419,18,27,41,29
12420,18,27,33,10
12421,18,27,30,13
12422,18,27,37,18
12423,18,27,18,24
12424,18,27,40,18
12425,18,27,49,38
12426,18,27,15,18
12427,18,27,20,34
12428,18,27,40,32
12429,18,27,24,25
12430,18,27,35,22
12431,18,27,32,21
12432,18,27,41,34
12433,18,27,38,23
12434,18,27,31,24
12435,18,27,22,36
12436,18,27,17,45
12437,18,27,20,34
12438,18,27,27,14
12439,18,27,41,18
12440,18,27,34,19
12441,18,27,17,20
12442,18,27,11,17
12443,18,27,37,17
12444,18,27,25,28
12445,18,27,48,21
12446,18,27,11,19
12447,18,27,15,16
12448,18,27,43,41
12449,18,27,19,45
12450,18,27,33,24
12451,18,27,26,46
12452,18,27,19,47
12453,18,27,22,28
12454,18,27,38,31
12455,18,27,31,20
12456,18,27,20,28
12457,18,27,43,36
12458,18,27,41,10
12459,18,27,12,21
12460,18,27,35,27
12461,18,27,41,45
12462,18,27,14,39
12463,18,27,26,19
12464,18,27,16,31
12465,18,27,30,26
12466,18,27,26,15
12467,18,27,46,16
12468,18,27,40,13
12469,18,27,11,24
12470,18,27,40,31
12471,18,27,22,22
12472,18,27,10,40
12473,18,27,39,28
12474,18,27,29,19
12475,18,27,26,39
12476,18,27,28,31
12477,18,27,17,46
12478,18,27,49,49
12479,18,27,30,42
12480,18,27,49,38
12481,18,27,10,43
12482,18,27,40,17
12483,18,27,15,49
12484,18,27,28,37
12485,18,27,16,49
12486,18,27,38,19
12487,18,27,31,18
12488,18,27,48,11
12489,18,27,25,24
12490,18,27,13,12
12491,18,27,24,15
12492,18,27,44,14
12493,18,27,34,17
12494,18,27,33,28
12495,18,27,17,21
12496,18,27,17,11
12497,18,27,35,23
12498,18,27,33,19
12499,18,27,49,14
12500,18,27,14,45
12501,18,27,15,24
12502,18,27,49,14
12503,18,27,41,36
12504,18,27,28,15
12505,18,27,18,39
12506,18,27,22,22
12507,18,27,41,39
12508,18,27,29,14
12509,18,27,32,37
12510,18,27,45,29
12511,18,27,39,14
12512,18,27,47,23
12513,18,27,29,18
12514,18,27,24,18
12515,18,27,47,49
12516,18,27,49,21
12517,18,27,48,27
12518,18,27,13,15
12519,18,27,44,27
12520,18,27,33,32
12521,18,27,48,43
12522,18,27,14,31
12523,18,27,20,40
12524,18,27,30,34
12525,18,27,34,14
12526,18,27,28,14
12527,18,27,49,22
12528,18,27,21,33
12529,18,27,25,19
12530,18,27,25,30
12531,18,27,23,16
12532,18,27,36,24
12533,18,27,26,32
12534,18,27,15,41
12535,18,27,43,45
12536,18,27,46,23
12537,18,27,47,11
12538,18,27,40,24
12539,18,27,38,27
12540,18,27,23,21
12541,18,27,17,15
12542,18,27,34,21
12543,18,27,13,36
12544,18,27,22,11
12545,18,27,23,36
12546,18,27,40,45
12547,18,27,48,21
12548,18,27,25,23
12549,18,27,40,25
12550,18,27,12,18
12551,18,27,32,18
12552,18,27,10,38
12553,18,27,14,40
12554,18,27,18,25
12555,18,27,28,25
12556,18,27,43,35
12557,18,27,10,47
12558,18,27,18,24
12559,18,27,10,46
12560,18,27,33,46
12561,18,27,35,13
12562,18,27,23,45
12563,18,27,12,46
12564,18,27,37,20
12565,18,27,12,13
12566,18,27,18,28
12567,18,27,32,16
12568,18,27,27,26
12569,18,27,44,46
12570,18,27,36,22
12571,18,27,15,20
12572,18,27,17,11
12573,18,27,36,18
12574,18,27,45,48
12575,18,27,36,14
12576,18,27,41,47
12577,18,27,13,43
12578,18,27,14,40
12579,18,27,45,25
12580,18,27,11,29
12581,18,27,39,28
12582,18,27,27,15
12583,18,27,29,49
12584,18,27,35,29
12585,18,27,18,30
12586,18,27,49,25
12587,18,27,29,44
12588,18,27,11,37
12589,18,27,34,41
12590,18,27,15,26
12591,18,27,24,46
12592,18,27,22,24
12593,18,27,25,33
12594,18,27,49,27
12595,18,27,20,15
12596,18,27,24,25
12597,18,27,40,21
12598,18,27,36,40
12599,18,27,30,10
12600,18,27,44,11
12601,18,27,22,12
12602,18,27,38,39
12603,18,27,22,27
12604,18,27,40,33
12605,18,27,11,15
12606,18,27,36,26
12607,18,27,17,30
12608,18,27,19,39
12609,18,27,43,44
12610,18,27,12,17
12611,18,27,19,33
12612,18,27,43,48
12613,18,27,24,10
12614,18,27,37,27
12615,18,27,42,42
12616,18,27,23,26
12617,18,27,28,44
12618,18,27,29,25
12619,18,27,39,12
12620,18,27,41,41
12621,18,27,34,39
12622,18,27,19,10
12623,18,27,40,11
12624,18,27,46,38
12625,18,27,48,43
12626,18,27,15,17
12627,18,27,20,46
12628,18,27,32,24
12629,18,27,30,15
12630,18,27,34,29
12631,18,27,40,32
12632,18,27,44,27
12633,18,27,29,37
12634,18,27,21,48
12635,18,27,13,43
12636,18,27,26,15
12637,18,27,26,14
12638,18,27,48,16
12639,18,27,26,19
12640,18,27,14,18
12641,18,27,32,27
12642,18,27,22,20
12643,18,27,45,38
12644,18,27,21,44
12645,18,27,33,42
12646,18,27,42,41
12647,18,27,44,29
12648,18,27,18,41
12649,18,27,45,32
12650,18,27,29,34
12651,18,27,47,11
12652,18,27,39,48
12653,18,27,35,47
12654,18,27,22,31
12655,18,27,16,48
12656,18,27,34,35
12657,18,27,35,19
12658,18,27,40,17
12659,18,27,14,44
12660,18,27,11,25
12661,18,27,31,20
12662,18,27,38,18
12663,18,27,17,29
12664,18,27,46,26
12665,18,27,29,46
12666,18,27,39,11
12667,18,27,37,39
12668,18,27,49,27
12669,18,27,23,20
12670,18,27,27,18
12671,18,27,34,11
12672,18,27,31,14
12673,18,27,17,33
12674,18,27,25,49
12675,18,27,39,31
12676,18,27,48,16
12677,18,27,13,41
12678,18,27,47,31
12679,18,27,20,18
12680,18,27,36,49
12681,18,27,24,20
12682,18,27,41,36
12683,18,27,30,14
12684,18,27,34,12
12685,18,27,35,35
12686,18,27,31,13
12687,18,27,15,14
12688,18,27,49,24
12689,18,27,32,23
12690,18,27,40,47
12691,18,27,30,25
12692,18,27,40,22
12693,18,27,15,24
12694,18,27,22,47
12695,18,27,37,12
12696,18,27,22,39
12697,18,27,19,47
12698,18,27,35,34
12699,18,27,23,37
12700,18,27,27,46
12701,18,27,12,21
12702,18,27,48,16
12703,18,27,34,17
12704,18,27,41,24
12705,18,27,48,24
12706,18,27,44,36
12707,18,27,47,48
12708,18,27,29,30
12709,18,27,46,21
12710,18,27,45,15
12711,18,27,40,43
12712,18,27,36,44
12713,18,27,16,37
12714,18,27,38,42
12715,18,27,26,29
12716,18,27,22,15
12717,18,27,12,49
12718,18,27,40,43
12719,18,27,48,23
12720,18,27,40,28
12721,18,27,12,34
12722,18,27,38,48
12723,18,27,43,10
12724,18,27,47,25
12725,18,27,38,49
12726,18,27,20,42
12727,18,27,23,24
12728,18,27,32,12
12729,18,27,34,48
12730,18,27,14,42
12731,18,27,49,21
12732,18,27,40,47
12733,18,27,15,16
12734,18,27,19,19
12735,18,27,46,28
12736,18,27,39,27
12737,18,27,18,44
12738,18,27,11,46
12739,18,27,36,24
12740,18,27,34,15
12741,18,27,22,13
12742,18,27,38,29
12743,18,27,25,46
12744,18,27,10,15
12745,18,27,38,23
12746,18,27,44,46
12747,18,27,24,39
12748,18,27,27,27
12749,18,27,17,30
12750,18,27,21,20
12751,18,27,33,27
12752,18,27,47,43
12753,18,27,42,38
12754,18,27,17,42
12755,18,27,16,27
12756,18,27,24,22
12757,18,27,24,13
12758,18,27,21,49
12759,18,27,21,15
12760,18,27,15,14
12761,18,27,49,33
12762,18,27,47,31
12763,18,27,33,10
12764,18,27,39,18
12765,18,27,20,24
12766,18,27,28,42
12767,18,27,29,43
12768,18,27,20,10
12769,18,27,28,12
12770,18,27,44,43
12771,18,27,22,21
12772,18,27,48,17
12773,18,27,15,28
12774,18,27,28,32
12775,18,27,13,35
12776,18,27,10,36
12777,18,27,28,37
12778,18,27,27,19
12779,18,27,20,28
12780,18,27,44,25
12781,18,27,38,10
12782,18,27,22,20
12783,18,27,23,25
12784,18,27,24,44
12785,18,27,40,10
12786,18,27,47,23
12787,18,27,10,46
12788,18,27,10,22
12789,18,27,23,40
12790,18,27,15,19
12791,18,27,11,36
12792,18,27,46,32
12793,18,27,19,37
12794,18,27,44,27
12795,18,27,19,43
12796,18,27,41,40
12797,18,27,24,48
12798,18,27,38,19
12799,18,27,19,21
12800,18,27,30,35
12801,18,27,14,19
12802,18,27,15,31
12803,18,27,26,39
12804,18,27,20,20
12805,18,27,27,26
12806,18,27,34,38
12807,18,27,48,15
12808,18,27,30,46
12809,18,27,46,34
12810,18,27,41,41
12811,18,27,36,22
12812,18,27,26,36
12813,18,27,43,13
12814,18,27,14,25
12815,18,27,33,43
12816,18,27,39,26
12817,18,27,11,23
12818,18,27,32,13
12819,18,27,36,20
12820,18,27,18,22
12821,18,27,22,45
12822,18,27,11,48
12823,18,27,23,21
12824,18,27,30,32
12825,18,27,43,17
12826,18,27,44,35
12827,18,27,32,37
12828,18,27,36,15
12829,18,27,35,23
12830,18,27,41,45
12831,18,27,18,34
12832,18,27,25,35
12833,18,27,32,46
12834,18,27,12,31
12835,18,27,44,30
12836,18,27,13,20
12837,18,27,14,40
12838,18,27,31,45
12839,18,27,12,42
12840,18,27,43,45
12841,18,27,32,16
12842,18,27,35,20
12843,18,27,18,49
12844,18,27,42,14
12845,18,27,25,28
12846,18,27,25,10
12847,18,27,44,32
12848,18,27,40,10
12849,18,27,40,15
12850,18,27,19,32
12851,18,27,21,11
12852,18,27,27,47
12853,18,27,22,10
12854,18,27,12,42
12855,18,27,43,10
12856,18,27,18,13
12857,18,27,31,39
12858,18,27,18,16
12859,18,27,23,11
12860,18,27,36,25
12861,18,27,41,37
12862,18,27,19,17
12863,18,27,42,22
12864,18,27,42,20
12865,18,27,47,18
12866,18,27,36,43
12867,18,27,40,21
12868,18,27,42,47
12869,18,27,13,36
12870,18,27,49,40
12871,18,27,27,48
12872,18,27,33,28
12873,18,27,36,36
12874,18,27,36,34
12875,18,27,25,14
12876,18,27,11,30
12877,18,27,32,30
12878,18,27,18,14
12879,18,27,44,25
12880,18,27,20,12
12881,18,27,33,43
12882,18,27,19,45
12883,18,27,27,13
12884,18,27,15,23
12885,18,27,25,34
12886,18,27,41,40
12887,18,27,42,40
12888,18,27,32,47
12889,18,27,33,18
12890,18,27,45,43
12891,18,27,46,26
12892,18,27,21,49
12893,18,27,49,21
12894,18,27,15,33
12895,18,27,34,38
12896,18,27,37,19
12897,18,27,10,11
12898,18,27,38,26
12899,18,27,32,24
12900,18,27,25,49
12901,18,27,29,37
12902,18,27,47,31
12903,18,27,39,27
12904,18,27,40,38
12905,18,27,11,38
12906,18,27,12,21
12907,18,27,40,15
12908,18,27,45,43
12909,18,27,30,21
12910,18,27,38,28
12911,18,27,18,44
12912,18,27,48,18
12913,18,27,21,28
12914,18,27,48,22
12915,18,27,36,31
12916,18,27,20,25
12917,18,27,46,47
12918,18,27,42,37
12919,18,27,44,26
12920,18,27,20,44
12921,18,27,21,16
12922,18,27,24,13
12923,18,27,27,15
12924,18,27,44,35
12925,18,27,40,44
12926,18,27,45,21
12927,18,27,37,23
12928,18,27,29,14
12929,18,27,26,40
12930,18,27,14,40
12931,18,27,46,44
12932,18,27,15,36
12933,18,27,22,15
12934,18,27,49,41
12935,18,27,35,37
12936,18,27,19,34
12937,18,27,17,10
12938,18,27,15,19
12939,18,27,30,32
12940,18,27,24,33
12941,18,27,23,39
12942,18,27,49,22
12943,18,27,15,40
12944,18,27,34,28
12945,18,27,21,34
12946,18,27,25,11
12947,18,27,10,44
12948,18,27,22,44
12949,18,27,21,31
12950,18,27,21,44
12951,18,27,20,30
12952,18,27,46,49
12953,18,27,20,28
12954,18,27,47,24
12955,18,27,32,22
12956,18,27,21,39
12957,18,27,35,41
12958,18,27,36,10
12959,18,27,24,33
12960,18,27,32,49
12961,18,27,18,12
12962,18,27,32,32
12963,18,27,16,22
12964,18,27,42,32
12965,18,27,43,40
12966,18,27,48,16
12967,18,27,30,21
12968,18,27,12,45
12969,18,27,20,29
12970,18,27,14,12
12971,18,27,34,43
12972,18,27,44,23
12973,18,27,47,23
12974,18,27,15,20
12975,18,27,19,45
12976,18,27,39,25
12977,18,27,38,15
12978,18,27,38,18
12979,18,27,31,35
12980,18,27,28,43
12981,18,27,33,30
12982,18,27,12,47
12983,18,27,45,17
12984,18,27,17,35
12985,18,27,39,36
12986,18,27,24,27
12987,18,27,28,26
12988,18,27,45,35
12989,18,27,41,12
12990,18,27,40,10
12991,18,27,40,34
12992,18,27,11,23
12993,18,27,48,24
12994,18,27,20,16
12995,18,27,32,23
12996,18,27,19,16
12997,18,27,12,24
12998,18,27,22,42
12999,18,27,28,45
13000,18,27,26,26
13001,18,27,30,43
13002,18,27,17,11
13003,18,27,39,21
13004,18,27,48,13
13005,18,27,35,28
13006,18,27,15,24
13007,18,27,24,33
13008,18,27,33,25
13009,18,27,19,28
13010,18,27,40,30
13011,18,27,30,31
13012,18,27,45,17
13013,18,27,11,36
13014,18,27,41,38
13015,18,27,32,46
13016,18,27,28,12
13017,18,27,22,27
13018,18,27,28,22
13019,18,27,27,43
13020,18,27,35,36
13021,18,27,28,14
13022,18,27,23,20
13023,18,27,10,41
13024,18,27,27,40
13025,18,27,23,47
13026,18,27,37,11
13027,18,27,32,11
13028,18,27,47,21
13029,18,27,31,15
13030,18,27,34,12
13031,18,27,27,15
13032,18,27,22,14
13033,18,27,33,13
13034,18,27,31,32
13035,18,27,31,49
13036,18,27,24,48
13037,18,27,25,30
13038,18,27,27,30
13039,18,27,47,46
13040,18,27,42,29
13041,18,27,10,12
13042,18,27,38,13
13043,18,27,40,13
13044,18,27,22,29
13045,18,27,18,47
13046,18,27,26,44
13047,18,27,39,37
13048,18,27,20,48
13049,18,27,15,17
13050,18,27,43,26
13051,18,27,22,44
13052,18,27,46,27
13053,18,27,24,24
13054,18,27,49,35
13055,18,27,19,22
13056,18,27,35,40
13057,18,27,45,37
13058,18,27,12,48
13059,18,27,30,19
13060,18,27,24,34
13061,18,27,10,21
13062,18,27,18,24
13063,18,27,22,12
13064,18,27,26,21
13065,18,27,10,21
13066,18,27,10,31
13067,18,27,31,40
13068,18,27,17,13
13069,18,27,45,11
13070,18,27,14,11
13071,18,27,14,11
13072,18,27,41,20
13073,18,27,30,23
13074,18,27,12,40
13075,18,27,39,19
13076,18,27,20,21
13077,18,27,48,29
13078,18,27,28,15
13079,18,27,16,43
13080,18,27,38,10
13081,18,27,22,14
13082,18,27,13,49
13083,18,27,42,13
13084,18,27,17,33
13085,18,27,24,41
13086,18,27,18,26
13087,18,27,32,48
13088,18,27,47,21
13089,18,27,47,34
13090,18,27,36,38
13091,18,27,38,47
13092,18,27,36,13
13093,18,27,46,29
13094,18,27,43,26
13095,18,27,16,23
13096,18,27,33,35
13097,18,27,20,30
13098,18,27,45,36
13099,18,27,28,13
13100,18,27,39,40
13101,18,27,25,36
13102,18,27,33,42
13103,18,27,36,44
13104,18,27,27,23
13105,18,27,35,44
13106,18,27,45,35
13107,18,27,18,19
13108,18,27,18,31
13109,18,27,37,16
13110,18,27,31,28
13111,18,27,48,40
13112,18,27,36,18
13113,18,27,25,37
13114,18,27,10,20
13115,18,27,14,28
13116,18,27,16,41
13117,18,27,25,40
13118,18,27,49,15
13119,18,27,32,17
13120,18,27,20,25
13121,18,27,33,26
13122,18,27,29,15
13123,18,27,48,10
13124,18,27,18,16
13125,18,27,15,15
13126,18,27,19,14
13127,18,27,17,17
13128,18,27,15,35
13129,18,27,47,28
13130,18,27,22,19
13131,18,27,21,14
13132,18,27,10,16
13133,18,27,13,14
13134,18,27,41,33
13135,18,27,13,28
13136,18,27,44,48
13137,18,27,13,12
13138,18,27,47,18
13139,18,27,30,10
13140,18,27,22,48
13141,18,27,27,30
13142,18,27,43,37
13143,18,27,10,49
13144,18,27,42,17
13145,18,27,14,18
13146,18,27,21,11
13147,18,27,26,30
13148,18,27,18,28
13149,18,27,37,20
13150,18,27,41,31
13151,18,27,35,23
13152,18,27,48,45
13153,18,27,40,25
13154,18,27,21,38
13155,18,27,31,39
13156,18,27,48,21
13157,18,27,14,14
13158,18,27,47,48
13159,18,27,44,30
13160,18,27,35,23
13161,18,27,47,15
13162,18,27,48,16
13163,18,27,37,47
13164,18,27,17,33
13165,18,27,18,43
13166,18,27,41,27
13167,18,27,43,25
13168,18,27,43,46
13169,18,27,13,13
13170,18,27,43,13
13171,18,27,27,43
13172,18,27,17,16
13173,18,27,11,19
13174,18,27,28,36
13175,18,27,47,18
13176,18,27,30,28
13177,18,27,36,40
13178,18,27,40,43
13179,18,27,16,29
13180,18,27,32,25
13181,18,27,48,49
13182,18,27,11,41
13183,18,27,48,24
13184,18,27,15,33
13185,18,27,20,18
13186,18,27,44,23
13187,18,27,11,36
13188,18,27,15,47
13189,18,27,47,12
13190,18,27,25,15
13191,18,27,37,45
13192,18,27,25,24
13193,18,27,39,15
13194,18,27,41,15
13195,18,27,12,33
13196,18,27,21,29
13197,18,27,40,41
13198,18,27,33,11
13199,18,27,11,48
13200,18,27,15,35
13201,18,27,28,16
13202,18,27,34,41
13203,18,27,48,19
13204,18,27,36,40
13205,18,27,48,12
13206,18,27,14,43
13207,18,27,29,47
13208,18,27,15,26
13209,18,27,14,21
13210,18,27,37,20
13211,18,27,24,36
13212,18,27,26,37
13213,18,27,47,38
13214,18,27,19,28
13215,18,27,46,49
13216,18,27,36,34
13217,18,27,42,19
13218,18,27,12,24
13219,18,27,20,43
13220,18,27,26,43
13221,18,27,41,44
13222,18,27,13,40
13223,18,27,26,36
13224,18,27,30,30
13225,18,27,39,38
13226,18,27,36,13
13227,18,27,11,18
13228,18,27,39,46
13229,18,27,11,16
13230,18,27,35,28
13231,18,27,46,10
13232,18,27,39,39
13233,18,27,49,48
13234,18,27,27,46
13235,18,27,19,34
13236,18,27,41,34
13237,18,27,31,44
13238,18,27,36,29
13239,18,27,12,35
13240,18,27,43,45
13241,18,27,37,47
13242,18,27,41,25
13243,18,27,42,23
13244,18,27,24,35
13245,18,27,33,41
13246,18,27,31,41
13247,18,27,31,43
13248,18,27,24,32
13249,18,27,45,22
13250,18,27,49,18
13251,18,27,37,17
13252,18,27,33,14
13253,18,27,16,21
13254,18,27,11,43
13255,18,27,49,14
13256,18,27,25,34
13257,18,27,48,17
13258,18,27,16,36
13259,18,27,43,22
13260,18,27,39,10
13261,18,27,16,35
13262,18,27,24,17
13263,18,27,18,14
13264,18,27,35,13
13265,18,27,43,16
13266,18,27,22,43
13267,18,27,22,14
13268,18,27,49,48
13269,18,27,24,31
13270,18,27,29,42
13271,18,27,11,40
13272,18,27,37,46
13273,18,27,47,43
13274,18,27,27,40
13275,18,27,20,28
13276,18,27,13,34
13277,18,27,16,29
13278,18,27,19,45
13279,18,27,29,33
13280,18,27,37,34
13281,18,27,29,35
13282,18,27,10,44
13283,18,27,19,34
13284,18,27,36,42
13285,18,27,24,42
13286,18,27,15,20
13287,18,27,26,14
13288,18,27,47,36
13289,18,27,23,30
13290,18,27,44,28
13291,18,27,37,26
13292,18,27,11,16
13293,18,27,46,18
13294,18,27,40,34
13295,18,27,42,11
13296,18,27,44,28
13297,18,27,17,39
13298,18,27,21,30
13299,18,27,35,17
13300,18,27,45,43
13301,18,27,29,46
13302,18,27,22,35
13303,18,27,47,33
13304,18,27,13,45
13305,18,27,39,27
13306,18,27,36,43
13307,18,27,11,13
13308,18,27,48,45
13309,18,27,23,19
13310,18,27,13,12
13311,18,27,20,41
13312,18,27,46,41
13313,18,27,37,40
13314,18,27,12,44
13315,18,27,34,14
13316,18,27,18,49
13317,18,27,28,35
13318,18,27,23,40
13319,18,27,48,42
13320,18,27,27,23
13321,18,27,27,12
13322,18,27,32,28
13323,18,27,45,49
13324,18,27,36,15
13325,18,27,43,37
13326,18,27,35,18
13327,18,27,12,28
13328,18,27,13,11
13329,18,27,21,14
13330,18,27,33,47
13331,18,27,23,20
13332,18,27,14,48
13333,18,27,24,30
13334,18,27,49,27
13335,18,27,10,49
13336,18,27,15,28
13337,18,27,42,33
13338,18,27,13,40
13339,18,27,35,47
13340,18,27,35,18
13341,18,27,18,14
13342,18,27,30,27
13343,18,27,34,49
13344,18,27,30,23
13345,18,27,37,16
13346,18,27,29,48
13347,18,27,23,17
13348,18,27,11,45
13349,18,27,22,17
13350,18,27,24,11
13351,18,27,42,13
13352,18,27,46,33
13353,18,27,17,34
13354,18,27,46,48
13355,18,27,26,35
13356,18,27,39,46
13357,18,27,30,25
13358,18,27,23,13
13359,18,27,46,35
13360,18,27,30,40
13361,18,27,30,30
13362,18,27,16,23
13363,18,27,24,36
13364,18,27,25,16
13365,18,27,40,23
13366,18,27,44,33
13367,18,27,28,21
13368,18,27,25,42
13369,18,27,32,37
13370,18,27,47,33
13371,18,27,18,39
13372,18,27,13,32
13373,18,27,12,32
13374,18,27,30,37
13375,18,27,24,41
13376,18,27,39,10
13377,18,27,18,18
13378,18,27,17,34
13379,18,27,48,25
13380,18,27,16,28
13381,18,27,29,17
13382,18,27,23,11
13383,18,27,33,43
13384,18,27,22,13
13385,18,27,40,34
13386,18,27,46,20
13387,18,27,40,27
13388,18,27,21,42
13389,18,27,35,14
13390,18,27,36,44
13391,18,27,43,38
13392,18,27,17,21
13393,18,27,46,47
13394,18,27,22,28
13395,18,27,40,49
13396,18,27,43,41
13397,18,27,42,29
13398,18,27,20,37
13399,18,27,37,27
13400,18,27,41,46
13401,18,27,32,31
13402,18,27,27,11
13403,18,27,40,45
13404,18,27,43,27
13405,18,27,38,11
13406,18,27,48,26
13407,18,27,25,22
13408,18,27,43,15
13409,18,27,27,35
13410,18,27,16,30
13411,18,27,39,42
13412,18,27,12,25
13413,18,27,20,25
13414,18,27,14,36
13415,18,27,20,33
13416,18,27,12,49
13417,18,27,42,20
13418,18,27,38,13
13419,18,27,23,41
13420,18,27,44,18
13421,18,27,24,21
13422,18,27,12,39
13423,18,27,44,28
13424,18,27,15,15
13425,18,27,37,17
13426,18,27,10,49
13427,18,27,28,39
13428,18,27,24,27
13429,18,27,33,39
13430,18,27,39,12
13431,18,27,11,17
13432,18,27,25,49
13433,18,27,38,39
13434,18,27,42,45
13435,18,27,43,43
13436,18,27,19,30
13437,18,27,47,28
13438,18,27,46,30
13439,18,27,27,43
13440,18,27,43,12
13441,18,27,37,42
13442,18,27,17,15
13443,18,27,11,10
13444,18,27,29,15
13445,18,27,48,29
13446,18,27,19,49
13447,18,27,31,38
13448,18,27,16,24
13449,18,27,23,44
13450,18,27,18,28
13451,18,27,22,19
13452,18,27,15,32
13453,18,27,43,41
13454,18,27,40,28
13455,18,27,11,22
13456,18,27,22,19
13457,18,27,40,42
13458,18,27,30,25
13459,18,27,44,36
13460,18,27,38,49
13461,18,27,16,48
13462,18,27,36,20
13463,18,27,24,48
13464,18,27,28,17
13465,18,27,14,14
13466,18,27,31,43
13467,18,27,49,41
13468,18,27,45,39
13469,18,27,25,25
13470,18,27,34,41
13471,18,27,25,25
13472,18,27,37,43
13473,18,27,25,31
13474,18,27,33,26
13475,18,27,46,29
13476,18,27,41,30
13477,18,27,28,36
13478,18,27,45,27
13479,18,27,46,11
13480,18,27,33,36
13481,18,27,45,21
13482,18,27,31,24
13483,18,27,21,16
13484,18,27,35,37
13485,18,27,34,45
13486,18,27,42,20
13487,18,27,25,22
13488,18,27,16,39
13489,18,27,27,17
13490,18,27,49,38
13491,18,27,42,20
13492,18,27,14,11
13493,18,27,15,40
13494,18,27,27,38
13495,18,27,32,11
13496,18,27,14,15
13497,18,27,30,37
13498,18,27,25,14
13499,18,27,47,43
13500,18,27,49,46
13501,18,27,26,24
13502,18,27,28,48
13503,18,27,31,33
13504,18,27,16,29
13505,18,27,49,24
13506,18,27,28,40
13507,18,27,38,12
13508,18,27,14,19
13509,18,27,47,29
13510,18,27,24,47
13511,18,27,29,30
13512,18,27,25,41
13513,18,27,46,42
13514,18,27,27,41
13515,18,27,14,23
13516,18,27,21,46
13517,18,27,39,32
13518,18,27,17,15
13519,18,27,26,42
13520,18,27,37,37
13521,18,27,36,46
13522,18,27,45,20
13523,18,27,23,49
13524,18,27,28,33
13525,18,27,46,27
13526,18,27,38,29
13527,18,27,35,14
13528,18,27,48,17
13529,18,27,20,49
13530,18,27,16,14
13531,18,27,39,38
13532,18,27,48,34
13533,18,27,32,41
13534,18,27,24,41
13535,18,27,36,15
13536,18,27,44,42
13537,18,27,43,21
13538,18,27,47,48
13539,18,27,27,42
13540,18,27,43,25
13541,18,27,30,39
13542,18,27,21,26
13543,18,27,44,11
13544,18,27,30,35
13545,18,27,30,40
13546,18,27,40,19
13547,18,27,42,31
13548,18,27,42,25
13549,18,27,18,46
13550,18,27,21,26
13551,18,27,39,28
13552,18,27,10,49
13553,18,27,36,42
13554,18,27,32,26
13555,18,27,23,18
13556,18,27,29,45
13557,18,27,32,47
13558,18,27,10,43
13559,18,27,27,19
13560,18,27,47,16
13561,18,27,39,29
13562,18,27,45,36
13563,18,27,14,17
13564,18,27,28,16
13565,18,27,32,11
13566,18,27,49,33
13567,18,27,27,42
13568,18,27,49,26
13569,18,27,41,21
13570,18,27,17,24
13571,18,27,19,10
13572,18,27,37,17
13573,18,27,12,46
13574,18,27,35,41
13575,18,27,41,23
13576,18,27,20,48
13577,18,27,36,37
13578,18,27,46,46
13579,18,27,25,43
13580,18,27,28,28
13581,18,27,36,28
13582,18,27,15,39
13583,18,27,24,47
13584,18,27,19,42
13585,18,27,17,18
13586,18,27,43,27
13587,18,27,34,22
13588,18,27,32,37
13589,18,27,25,16
13590,18,27,11,14
13591,18,27,24,34
13592,18,27,33,49
13593,18,27,18,19
13594,18,27,32,12
13595,18,27,46,11
13596,18,27,38,34
13597,18,27,30,47
13598,18,27,29,23
13599,18,27,30,47
13600,18,27,18,40
13601,18,27,25,49
13602,18,27,13,14
13603,18,27,30,30
13604,18,27,18,32
13605,18,27,12,32
13606,18,27,33,46
13607,18,27,44,40
13608,18,27,37,28
13609,18,27,27,12
13610,18,27,18,16
13611,18,27,45,42
13612,18,27,38,28
13613,18,27,16,49
13614,18,27,46,14
13615,18,27,42,30
13616,18,27,27,10
13617,18,27,46,36
13618,18,27,29,25
13619,18,27,23,30
13620,18,27,12,17
13621,18,27,38,48
13622,18,27,31,31
13623,18,27,20,48
13624,18,27,44,10
13625,18,27,43,48
13626,18,27,23,43
13627,18,27,41,28
13628,18,27,31,35
13629,18,27,31,12
13630,18,27,47,15
13631,18,27,17,48
13632,18,27,23,43
13633,18,27,34,17
13634,18,27,28,13
13635,18,27,37,46
13636,18,27,30,18
13637,18,27,17,18
13638,18,27,33,23
13639,18,27,17,11
13640,18,27,36,37
13641,18,27,16,33
13642,18,27,10,33
13643,18,27,12,24
13644,18,27,36,38
13645,18,27,29,42
13646,18,27,23,15
13647,18,27,37,47
13648,18,27,35,19
13649,18,27,25,25
13650,18,27,15,39
13651,18,27,14,23
13652,18,27,28,11
13653,18,27,38,45
13654,18,27,46,16
13655,18,27,20,16
13656,18,27,41,15
13657,18,27,25,33
13658,18,27,31,36
13659,18,27,36,32
13660,18,27,12,34
13661,18,27,48,41
13662,18,27,42,36
13663,18,27,26,33
13664,18,27,23,49
13665,18,27,21,13
13666,18,27,12,28
13667,18,27,39,11
13668,18,27,48,32
13669,18,27,21,42
13670,18,27,48,39
13671,18,27,42,46
13672,18,27,27,23
13673,18,27,30,48
13674,18,27,37,34
13675,18,27,16,44
13676,18,27,32,21
13677,18,27,22,12
13678,18,27,48,40
13679,18,27,17,12
13680,18,27,47,49
13681,18,27,23,44
13682,18,27,18,24
13683,18,27,27,43
13684,18,27,28,22
13685,18,27,41,36
13686,18,27,28,29
13687,18,27,47,40
13688,18,27,40,33
13689,18,27,37,42
13690,18,27,30,16
13691,18,27,14,45
13692,18,27,48,38
13693,18,27,36,25
13694,18,27,37,47
13695,18,27,47,38
13696,18,27,41,45
13697,18,27,29,34
13698,18,27,41,38
13699,18,27,13,24
13700,18,27,19,14
13701,18,27,49,45
13702,18,27,39,25
13703,18,27,27,17
13704,18,27,27,36
13705,18,27,33,46
13706,18,27,17,37
13707,18,27,40,41
13708,18,27,41,27
13709,18,27,19,28
13710,18,27,13,39
13711,18,27,38,11
13712,18,27,49,43
13713,18,27,32,23
13714,18,27,13,31
13715,18,27,14,46
13716,18,27,36,21
13717,18,27,40,44
13718,18,27,29,21
13719,18,27,24,14
13720,18,27,41,37
13721,18,27,26,33
13722,18,27,41,34
13723,18,27,14,24
13724,18,27,15,36
13725,18,27,19,46
13726,18,27,10,32
13727,18,27,48,22
13728,18,27,23,35
13729,18,27,12,19
13730,18,27,29,13
13731,18,27,41,28
13732,18,27,33,37
13733,18,27,44,37
13734,18,27,44,24
13735,18,27,14,43
13736,18,27,13,33
13737,18,27,44,31
13738,18,27,17,48
13739,18,27,49,49
13740,18,27,28,11
13741,18,27,25,39
13742,18,27,32,35
13743,18,27,12,44
13744,18,27,43,36
13745,18,27,41,17
13746,18,27,26,33
13747,18,27,45,48
13748,18,27,47,11
13749,18,27,10,10
13750,18,27,18,25
13751,18,27,14,25
13752,18,27,41,27
13753,18,27,29,13
13754,18,27,27,46
13755,18,27,42,33
13756,18,27,10,18
13757,18,27,28,10
13758,18,27,24,49
13759,18,27,27,10
13760,18,27,13,42
13761,18,27,47,44
13762,18,27,23,26
13763,18,27,17,30
13764,18,27,12,44
13765,18,27,10,27
13766,18,27,32,26
13767,18,27,23,15
13768,18,27,17,49
13769,18,27,21,16
13770,18,27,34,21
13771,18,27,38,20
13772,18,27,15,43
13773,18,27,45,23
13774,18,27,26,17
13775,18,27,20,25
13776,18,27,18,39
13777,18,27,40,44
13778,18,27,32,40
13779,18,27,13,25
13780,18,27,10,19
13781,18,27,16,37
13782,18,27,21,36
13783,18,27,31,32
13784,18,27,46,24
13785,18,27,41,47
13786,18,27,22,33
13787,18,27,49,35
13788,18,27,23,35
13789,18,27,27,47
13790,18,27,18,21
13791,18,27,44,15
13792,18,27,14,32
13793,18,27,25,48
13794,18,27,41,26
13795,18,27,35,21
13796,18,27,16,38
13797,18,27,21,45
13798,18,27,21,40
13799,18,27,31,26
13800,18,27,44,37
13801,18,27,11,48
13802,18,27,30,25
13803,18,27,30,19
13804,18,27,39,40
13805,18,27,14,39
13806,18,27,25,25
13807,18,27,44,24
13808,18,27,42,14
13809,18,27,41,40
13810,18,27,34,48
13811,18,27,27,10
13812,18,27,31,19
13813,18,27,22,13
13814,18,27,39,16
13815,18,27,25,20
13816,18,27,35,40
13817,18,27,29,21
13818,18,27,16,28
13819,18,27,31,25
13820,18,27,42,37
13821,18,27,28,25
13822,18,27,47,10
13823,18,27,22,13
13824,18,27,13,14
13825,18,27,31,35
13826,18,27,39,12
13827,18,27,21,18
13828,18,27,42,11
13829,18,27,31,33
13830,18,27,36,10
13831,18,27,13,32
13832,18,27,22,43
13833,18,27,23,17
13834,18,27,17,11
13835,18,27,31,35
13836,18,27,19,16
13837,18,27,33,41
13838,18,27,18,10
13839,18,27,17,17
13840,18,27,41,28
13841,18,27,13,47
13842,18,27,17,42
13843,18,27,23,44
13844,18,27,24,41
13845,18,27,30,20
13846,18,27,20,12
13847,18,27,19,15
13848,18,27,25,18
13849,18,27,41,14
13850,18,27,37,49
13851,18,27,15,27
13852,18,27,39,13
13853,18,27,20,39
13854,18,27,34,31
13855,18,27,15,49
13856,18,27,16,13
13857,18,27,49,11
13858,18,27,29,43
13859,18,27,26,18
13860,18,27,45,27
13861,18,27,43,13
13862,18,27,36,17
13863,18,27,27,12
13864,18,27,36,41
13865,18,27,30,13
13866,18,27,44,31
13867,18,27,11,14
13868,18,27,31,19
13869,18,27,35,33
13870,18,27,42,47
13871,18,27,44,48
13872,18,27,28,36
13873,18,27,49,43
13874,18,27,36,39
13875,18,27,30,20
13876,18,27,31,15
13877,18,27,35,42
13878,18,27,18,45
13879,18,27,27,32
13880,18,27,22,32
13881,18,27,37,46
13882,18,27,46,34
13883,18,27,25,46
13884,18,27,21,35
13885,18,27,32,22
13886,18,27,15,31
13887,18,27,30,45
13888,18,27,40,22
13889,18,27,16,29
13890,18,27,47,18
13891,18,27,38,46
13892,18,27,34,25
13893,18,27,20,38
13894,18,27,37,17
13895,18,27,37,41
13896,18,27,28,19
13897,18,27,37,25
13898,18,27,33,25
13899,18,27,27,12
13900,18,27,23,45
13901,18,27,24,15
13902,18,27,44,28
13903,18,27,41,40
13904,18,27,29,23
13905,18,27,18,27
13906,18,27,48,27
13907,18,27,26,17
13908,18,27,37,27
13909,18,27,36,31
13910,18,27,17,17
13911,18,27,30,13
13912,18,27,39,42
13913,18,27,21,29
13914,18,27,40,29
13915,18,27,10,17
13916,18,27,46,44
13917,18,27,39,23
13918,18,27,18,45
13919,18,27,45,33
13920,18,27,35,44
13921,18,27,29,40
13922,18,27,29,13
13923,18,27,18,41
13924,18,27,34,18
13925,18,27,14,28
13926,18,27,30,37
13927,18,27,49,13
13928,18,27,29,11
13929,18,27,10,28
13930,18,27,48,33
13931,18,27,27,32
13932,18,27,36,25
13933,18,27,46,47
13934,18,27,40,49
13935,18,27,30,10
13936,18,27,39,40
13937,18,27,35,10
13938,18,27,20,38
13939,18,27,13,21
13940,18,27,21,19
13941,18,27,19,18
13942,18,27,48,22
13943,18,27,23,44
13944,18,27,23,40
13945,18,27,31,37
13946,18,27,39,22
13947,18,27,42,21
13948,18,27,20,30
13949,18,27,40,15
13950,18,27,48,12
13951,18,27,44,29
13952,18,27,34,42
13953,18,27,44,23
13954,18,27,42,26
13955,18,27,37,14
13956,18,27,15,18
13957,18,27,18,26
13958,18,27,44,48
13959,18,27,29,17
13960,18,27,22,45
13961,18,27,44,25
13962,18,27,34,14
13963,18,27,23,39
13964,18,27,36,19
13965,18,27,46,32
13966,18,27,13,25
13967,18,27,37,47
13968,18,27,13,17
13969,18,27,40,27
13970,18,27,46,43
13971,18,27,27,23
13972,18,27,44,40
13973,18,27,28,16
13974,18,27,29,12
13975,18,27,15,16
13976,18,27,45,15
13977,18,27,43,27
13978,18,27,47,21
13979,18,27,43,12
13980,18,27,44,17
13981,18,27,21,20
13982,18,27,36,31
13983,18,27,32,29
13984,18,27,30,23
13985,18,27,44,12
13986,18,27,37,16
13987,18,27,31,32
13988,18,27,39,47
13989,18,27,11,33
13990,18,27,44,25
13991,18,27,15,22
13992,18,27,18,34
13993,18,27,14,13
13994,18,27,44,38
13995,18,27,44,39
13996,18,27,24,20
13997,18,27,39,33
13998,18,27,29,23
13999,18,27,25,22
14000,18,27,11,24
14001,18,27,29,36
14002,18,27,18,44
14003,18,27,40,40
14004,18,27,41,15
14005,18,27,18,25
14006,18,27,42,14
14007,18,27,28,29
14008,18,27,19,36
14009,18,27,39,23
14010,18,27,43,36
14011,18,27,45,28
14012,18,27,46,12
14013,18,27,23,13
14014,18,27,31,46
14015,18,27,49,21
14016,18,27,21,21
14017,18,27,35,12
14018,18,27,28,21
14019,18,27,32,31
14020,18,27,44,34
14021,18,27,23,25
14022,18,27,41,24
14023,18,27,12,34
14024,18,27,14,36
14025,18,27,43,45
14026,18,27,38,29
14027,18,27,18,15
14028,18,27,17,33
14029,18,27,33,29
14030,18,27,26,46
14031,18,27,10,16
14032,18,27,48,11
14033,18,27,12,21
14034,18,27,40,19
14035,18,27,20,21
14036,18,27,33,39
14037,18,27,34,28
14038,18,27,28,47
14039,18,27,19,48
14040,18,27,36,27
14041,18,27,38,38
14042,18,27,48,11
14043,18,27,27,19
14044,18,27,34,10
14045,18,27,48,25
14046,18,27,49,25
14047,18,27,18,47
14048,18,27,45,26
14049,18,27,19,34
14050,18,27,15,48
14051,18,27,18,23
14052,18,27,43,23
14053,18,27,10,48
14054,18,27,35,10
14055,18,27,11,16
14056,18,27,39,32
14057,18,27,15,12
14058,18,27,21,32
14059,18,27,41,26
14060,18,27,13,30
14061,18,27,36,18
14062,18,27,19,45
14063,18,27,37,18
14064,18,27,20,34
14065,18,27,26,37
14066,18,27,34,36
14067,18,27,49,40
14068,18,27,27,14
14069,18,27,16,13
14070,18,27,13,15
14071,18,27,21,17
14072,18,27,22,12
14073,18,27,26,25
14074,18,27,18,41
14075,18,27,10,22
14076,18,27,25,34
14077,18,27,40,37
14078,18,27,33,22
14079,18,27,19,35
14080,18,27,30,17
14081,18,27,35,24
14082,18,27,14,19
14083,18,27,31,40
14084,18,27,41,25
14085,18,27,25,22
14086,18,27,34,39
14087,18,27,38,13
14088,18,27,14,15
14089,18,27,13,34
14090,18,27,31,43
14091,18,27,14,37
14092,18,27,47,26
14093,18,27,48,48
14094,18,27,13,21
14095,18,27,16,31
14096,18,27,45,21
14097,18,27,35,26
14098,18,27,16,49
14099,18,27,33,11
14100,18,27,37,36
14101,18,27,23,22
14102,18,27,43,42
14103,18,27,28,34
14104,18,27,17,19
14105,18,27,42,45
14106,18,27,29,45
14107,18,27,49,33
14108,18,27,32,45
14109,18,27,24,49
14110,18,27,25,29
14111,18,27,31,38
14112,18,27,21,27
14113,18,27,40,25
14114,18,27,34,40
14115,18,27,32,34
14116,18,27,38,27
14117,18,27,39,41
14118,18,27,24,44
14119,18,27,38,42
14120,18,27,43,16
14121,18,27,23,32
14122,18,27,32,26
14123,18,27,19,18
14124,18,27,22,22
14125,18,27,43,24
14126,18,27,43,22
14127,18,27,15,18
14128,18,27,11,15
14129,18,27,41,18
14130,18,27,31,20
14131,18,27,38,35
14132,18,27,11,17
14133,18,27,30,15
14134,18,27,35,11
14135,18,27,43,29
14136,18,27,41,35
14137,18,27,11,48
14138,18,27,48,47
14139,18,27,31,46
14140,18,27,39,47
14141,18,27,13,15
14142,18,27,23,33
14143,18,27,20,40
14144,18,27,46,17
14145,18,27,15,42
14146,18,27,22,48
14147,18,27,40,49
14148,18,27,19,43
14149,18,27,34,44
14150,18,27,35,20
14151,18,27,15,32
14152,18,27,19,32
14153,18,27,15,11
14154,18,27,24,37
14155,18,27,43,36
14156,18,27,25,46
14157,18,27,35,32
14158,18,27,37,22
14159,18,27,23,28
14160,18,27,31,47
14161,18,27,27,32
14162,18,27,36,19
14163,18,27,36,47
14164,18,27,16,25
14165,18,27,41,32
14166,18,27,12,11
14167,18,27,19,10
14168,18,27,49,20
14169,18,27,47,31
14170,18,27,26,33
14171,18,27,14,15
14172,18,27,21,31
14173,18,27,17,16
14174,18,27,25,24
14175,18,27,41,47
14176,18,27,45,48
14177,18,27,24,34
14178,18,27,34,37
14179,18,27,42,17
14180,18,27,49,46
14181,18,27,11,27
14182,18,27,16,39
14183,18,27,22,21
14184,18,27,47,21
14185,18,27,36,48
14186,18,27,49,18
14187,18,27,25,32
14188,18,27,20,36
14189,18,27,21,31
14190,18,27,10,28
14191,18,27,49,42
14192,18,27,43,31
14193,18,27,44,34
14194,18,27,39,16
14195,18,27,18,28
14196,18,27,45,36
14197,18,27,37,30
14198,18,27,27,46
14199,18,27,12,27
14200,18,27,27,23
14201,18,27,29,46
14202,18,27,49,27
14203,18,27,13,13
14204,18,27,42,18
14205,18,27,16,13
14206,18,27,24,38
14207,18,27,16,19
14208,18,27,38,17
14209,18,27,22,15
14210,18,27,44,29
14211,18,27,31,28
14212,18,27,27,41
14213,18,27,14,23
14214,18,27,21,37
14215,18,27,14,43
14216,18,27,40,47
14217,18,27,19,15
14218,18,27,36,41
14219,18,27,37,27
14220,18,27,16,26
14221,18,27,22,42
14222,18,27,10,25
14223,18,27,19,21
14224,18,27,21,22
14225,18,27,18,37
14226,18,27,11,19
14227,18,27,31,29
14228,18,27,42,25
14229,18,27,45,16
14230,18,27,19,14
14231,18,27,24,20
14232,18,27,25,21
14233,18,27,35,14
14234,18,27,11,38
14235,18,27,39,38
14236,18,27,23,17
14237,18,27,32,38
14238,18,27,35,48
14239,18,27,36,35
14240,18,27,47,31
14241,18,27,38,41
14242,18,27,27,27
14243,18,27,33,31
14244,18,27,13,37
14245,18,27,24,15
14246,18,27,11,39
14247,18,27,47,49
14248,18,27,34,42
14249,18,27,41,38
14250,18,27,16,31
14251,18,27,17,20
14252,18,27,21,47
14253,18,27,24,13
14254,18,27,48,40
14255,18,27,10,24
14256,18,27,17,31
14257,18,27,43,31
14258,18,27,43,19
14259,18,27,31,43
14260,18,27,35,30
14261,18,27,26,44
14262,18,27,24,16
14263,18,27,22,16
14264,18,27,41,24
14265,18,27,17,38
14266,18,27,38,48
14267,18,27,22,29
14268,18,27,30,30
14269,18,27,42,34
14270,18,27,32,40
14271,18,27,34,23
14272,18,27,12,35
14273,18,27,11,38
14274,18,27,45,41
14275,18,27,30,23
14276,18,27,17,33
14277,18,27,28,36
14278,18,27,45,41
14279,18,27,41,47
14280,18,27,20,28
14281,18,27,24,19
14282,18,27,49,42
14283,18,27,48,30
14284,18,27,30,24
14285,18,27,49,24
14286,18,27,27,20
14287,18,27,11,12
14288,18,27,33,14
14289,18,27,18,40
14290,18,27,21,36
14291,18,27,10,35
14292,18,27,10,45
14293,18,27,34,34
14294,18,27,34,19
14295,18,27,35,31
14296,18,27,44,46
14297,18,27,39,46
14298,18,27,48,18
14299,18,27,11,24
14300,18,27,37,43
14301,18,27,40,47
14302,18,27,27,49
14303,18,27,29,20
14304,18,27,16,33
14305,18,27,12,21
14306,18,27,27,19
14307,18,27,22,46
14308,18,27,23,46
14309,18,27,21,27
14310,18,27,24,34
14311,18,27,12,38
14312,18,27,20,12
14313,18,27,42,24
14314,18,27,47,47
14315,18,27,30,13
14316,18,27,39,24
14317,18,27,47,47
14318,18,27,32,44
14319,18,27,24,34
14320,18,27,14,47
14321,18,27,21,30
14322,18,27,27,18
14323,18,27,49,12
14324,18,27,11,44
14325,18,27,46,24
14326,18,27,35,38
14327,18,27,13,22
14328,18,27,37,22
14329,18,27,30,27
14330,18,27,47,34
14331,18,27,25,15
14332,18,27,44,40
14333,18,27,18,29
14334,18,27,24,30
14335,18,27,44,36
14336,18,27,34,45
14337,18,27,19,31
14338,18,27,33,23
14339,18,27,41,39
14340,18,27,26,32
14341,18,27,15,18
14342,18,27,42,37
14343,18,27,44,11
14344,18,27,27,24
14345,18,27,46,42
14346,18,27,13,28
14347,18,27,29,19
14348,18,27,16,11
14349,18,27,25,10
14350,18,27,18,42
14351,18,27,25,26
14352,18,27,17,28
14353,18,27,14,19
14354,18,27,22,48
14355,18,27,37,13
14356,18,27,49,40
14357,18,27,20,30
14358,18,27,21,25
14359,18,27,36,46
14360,18,27,25,23
14361,18,27,19,48
14362,18,27,46,26
14363,18,27,20,11
14364,18,27,34,49
14365,18,27,37,36
14366,18,27,26,20
14367,18,27,19,19
14368,18,27,31,11
14369,18,27,38,10
14370,18,27,45,40
14371,18,27,26,37
14372,18,27,45,40
14373,18,27,30,16
14374,18,27,30,23
14375,18,27,16,23
14376,18,27,48,26
14377,18,27,18,46
14378,18,27,22,24
14379,18,27,47,46
14380,18,27,19,29
14381,18,27,37,44
14382,18,27,13,11
14383,18,27,14,43
14384,18,27,12,10
14385,18,27,46,48
14386,18,27,28,36
14387,18,27,34,23
14388,18,27,18,46
14389,18,27,20,31
14390,18,27,24,41
14391,18,27,26,33
14392,18,27,33,26
14393,18,27,22,33
14394,18,27,48,12
14395,18,27,16,33
14396,18,27,26,46
14397,18,27,10,35
14398,18,27,46,34
14399,18,27,31,20
14400,18,27,38,23
14401,18,27,33,34
14402,18,27,44,22
14403,18,27,46,20
14404,18,27,39,41
14405,18,27,16,23
14406,18,27,17,21
14407,18,27,30,31
14408,18,27,48,11
14409,18,27,12,45
14410,18,27,35,43
14411,18,27,49,24
14412,18,27,18,44
14413,18,27,35,39
14414,18,27,18,15
14415,18,27,24,40
14416,18,27,36,27
14417,18,27,49,19
14418,18,27,19,13
14419,18,27,19,15
14420,18,27,26,25
14421,18,27,45,18
14422,18,27,15,27
14423,18,27,39,49
14424,18,27,30,22
14425,18,27,20,12
14426,18,27,40,44
14427,18,27,15,18
14428,18,27,35,35
14429,18,27,31,46
14430,18,27,15,37
14431,18,27,21,13
14432,18,27,18,46
14433,18,27,23,36
14434,18,27,20,14
14435,18,27,35,19
14436,18,27,41,27
14437,18,27,26,13
14438,18,27,41,14
14439,18,27,17,46
14440,18,27,28,11
14441,18,27,49,10
14442,18,27,26,37
14443,18,27,49,20
14444,18,27,16,17
14445,18,27,26,30
14446,18,27,19,20
14447,18,27,36,22
14448,18,27,14,20
14449,18,27,25,27
14450,18,27,16,18
14451,18,27,48,16
14452,18,27,26,10
14453,18,27,25,14
14454,18,27,22,16
14455,18,27,18,43
14456,18,27,22,21
14457,18,27,44,37
14458,18,27,24,10
14459,18,27,36,30
14460,18,27,38,10
14461,18,27,22,42
14462,18,27,42,14
14463,18,27,42,38
14464,18,27,37,26
14465,18,27,46,19
14466,18,27,32,38
14467,18,27,15,45
14468,18,27,24,35
14469,18,27,18,19
14470,18,27,35,25
14471,18,27,10,41
14472,18,27,29,32
14473,18,27,48,33
14474,18,27,26,10
14475,18,27,36,13
14476,18,27,42,33
14477,18,27,39,42
14478,18,27,37,15
14479,18,27,13,26
14480,18,27,42,47
14481,18,27,10,30
14482,18,27,32,14
14483,18,27,19,35
14484,18,27,38,26
14485,18,27,35,20
14486,18,27,12,30
14487,18,27,23,26
14488,18,27,31,17
14489,18,27,21,28
14490,18,27,10,40
14491,18,27,33,25
14492,18,27,26,22
14493,18,27,34,28
14494,18,27,22,48
14495,18,27,43,25
14496,18,27,27,45
14497,18,27,39,19
14498,18,27,11,11
14499,18,27,42,20
14500,18,27,31,26
14501,18,27,12,36
14502,18,27,16,13
14503,18,27,11,14
14504,18,27,49,28
14505,18,27,41,12
14506,18,27,40,31
14507,18,27,21,30
14508,18,27,42,36
14509,18,27,27,18
14510,18,27,31,33
14511,18,27,33,24
14512,18,27,32,47
14513,18,27,18,49
14514,18,27,36,15
14515,18,27,45,19
14516,18,27,16,46
14517,18,27,19,49
14518,18,27,25,19
14519,18,27,47,35
14520,18,27,47,26
14521,18,27,30,24
14522,18,27,34,28
14523,18,27,33,20
14524,18,27,46,39
14525,18,27,36,30
14526,18,27,46,29
14527,18,27,46,25
14528,18,27,13,43
14529,18,27,48,40
14530,18,27,16,20
14531,18,27,31,47
14532,18,27,26,33
14533,18,27,13,44
14534,18,27,26,47
14535,18,27,45,28
14536,18,27,37,34
14537,18,27,30,16
14538,18,27,36,15
14539,18,27,49,27
14540,18,27,46,13
14541,18,27,11,28
14542,18,27,27,48
14543,18,27,21,18
14544,18,27,45,36
14545,18,27,12,31
14546,18,27,28,33
14547,18,27,14,11
14548,18,27,38,12
14549,18,27,47,20
14550,18,27,34,21
14551,18,27,29,31
14552,18,27,23,38
14553,18,27,17,47
14554,18,27,42,26
14555,18,27,30,41
14556,18,27,13,25
14557,18,27,26,39
14558,18,27,33,39
14559,18,27,27,19
14560,18,27,22,46
14561,18,27,18,33
14562,18,27,49,47
14563,18,27,33,16
14564,18,27,35,25
14565,18,27,41,42
14566,18,27,30,19
14567,18,27,27,47
14568,18,27,24,21
14569,18,27,37,35
14570,18,27,49,30
14571,18,27,16,14
14572,18,27,30,33
14573,18,27,16,12
14574,18,27,31,27
14575,18,27,18,27
14576,18,27,39,48
14577,18,27,10,25
14578,18,27,25,46
14579,18,27,49,30
14580,18,27,32,12
14581,18,27,17,39
14582,18,27,29,22
14583,18,27,23,32
14584,18,27,10,34
14585,18,27,15,23
14586,18,27,15,25
14587,18,27,38,34
14588,18,27,45,47
14589,18,27,49,40
14590,18,27,37,12
14591,18,27,10,11
14592,18,27,44,27
14593,18,27,21,20
14594,18,27,36,44
14595,18,27,46,10
14596,18,27,40,35
14597,18,27,23,24
14598,18,27,28,47
14599,18,27,40,44
14600,18,27,26,37
14601,18,27,38,17
14602,18,27,13,28
14603,18,27,44,23
14604,18,27,14,23
14605,18,27,17,43
14606,18,27,10,43
14607,18,27,39,44
14608,18,27,25,27
14609,18,27,17,32
14610,18,27,33,33
14611,18,27,41,44
14612,18,27,33,20
14613,18,27,31,40
14614,18,27,42,10
14615,18,27,48,46
14616,18,27,38,44
14617,18,27,16,25
14618,18,27,13,36
14619,18,27,36,36
14620,18,27,32,35
14621,18,27,48,16
14622,18,27,33,25
14623,18,27,43,38
14624,18,27,30,36
14625,18,27,47,28
14626,18,27,28,49
14627,18,27,34,13
14628,18,27,13,46
14629,18,27,45,42
14630,18,27,44,27
14631,18,27,25,48
14632,18,27,29,37
14633,18,27,10,18
14634,18,27,46,22
14635,18,27,18,10
14636,18,27,13,48
14637,18,27,10,22
14638,18,27,10,31
14639,18,27,48,46
14640,18,27,42,38
14641,18,27,47,25
14642,18,27,40,48
14643,18,27,28,29
14644,18,27,18,24
14645,18,27,43,34
14646,18,27,25,46
14647,18,27,10,33
14648,18,27,23,12
14649,18,27,25,22
14650,18,27,48,22
14651,18,27,28,24
14652,18,27,40,15
14653,18,27,47,12
14654,18,27,28,15
14655,18,27,30,49
14656,18,27,29,29
14657,18,27,10,13
14658,18,27,47,29
14659,18,27,39,47
14660,18,27,29,12
14661,18,27,24,49
14662,18,27,17,10
14663,18,27,26,45
14664,18,27,17,24
14665,18,27,30,44
14666,18,27,45,19
14667,18,27,36,15
14668,18,27,36,45
14669,18,27,12,41
14670,18,27,35,22
14671,18,27,37,39
14672,18,27,49,27
14673,18,27,18,18
14674,18,27,36,22
14675,18,27,18,41
14676,18,27,26,11
14677,18,27,20,41
14678,18,27,21,27
14679,18,27,35,49
14680,18,27,11,49
14681,18,27,12,11
14682,18,27,40,36
14683,18,27,41,49
14684,18,27,20,19
14685,18,27,43,41
14686,18,27,26,30
14687,18,27,39,22
14688,18,27,39,26
14689,18,27,39,40
14690,18,27,36,31
14691,18,27,46,32
14692,18,27,12,45
14693,18,27,11,20
14694,18,27,34,15
14695,18,27,17,24
14696,18,27,36,15
14697,18,27,38,21
14698,18,27,33,32
14699,18,27,48,28
14700,18,27,42,28
14701,18,27,43,15
14702,18,27,24,47
14703,18,27,26,14
14704,18,27,20,40
14705,18,27,37,17
14706,18,27,27,15
14707,18,27,36,39
14708,18,27,24,24
14709,18,27,17,49
14710,18,27,25,12
14711,18,27,34,36
14712,18,27,40,39
14713,18,27,30,35
14714,18,27,13,39
14715,18,27,25,30
14716,18,27,15,27
14717,18,27,44,19
14718,18,27,49,36
14719,18,27,49,31
14720,18,27,42,46
14721,18,27,14,39
14722,18,27,49,18
14723,18,27,18,46
14724,18,27,27,35
14725,18,27,28,25
14726,18,27,21,42
14727,18,27,33,16
14728,18,27,46,47
14729,18,27,22,22
14730,18,27,44,12
14731,18,27,10,39
14732,18,27,25,11
14733,18,27,48,32
14734,18,27,48,42
14735,18,27,20,29
14736,18,27,26,15
14737,18,27,49,11
14738,18,27,35,40
14739,18,27,44,24
14740,18,27,48,27
14741,18,27,15,32
14742,18,27,38,20
14743,18,27,25,14
14744,18,27,14,11
14745,18,27,24,28
14746,18,27,17,42
14747,18,27,13,40
14748,18,27,12,23
14749,18,27,26,22
14750,18,27,22,19
14751,18,27,42,15
14752,18,27,40,29
14753,18,27,13,18
14754,18,27,48,20
14755,18,27,25,41
14756,18,27,14,39
14757,18,27,29,33
14758,18,27,39,18
14759,18,27,26,27
14760,18,27,33,40
14761,18,27,18,27
14762,18,27,43,41
14763,18,27,24,15
14764,18,27,24,19
14765,18,27,31,32
14766,18,27,13,37
14767,18,27,18,36
14768,18,27,44,14
14769,18,27,46,33
14770,18,27,14,18
14771,18,27,23,15
14772,18,27,14,45
14773,18,27,10,16
14774,18,27,29,35
14775,18,27,42,47
14776,18,27,13,32
14777,18,27,11,23
14778,18,27,23,24
14779,18,27,38,23
14780,18,27,36,40
14781,18,27,27,10
14782,18,27,22,32
14783,18,27,37,28
14784,18,27,32,32
14785,18,27,46,11
14786,18,27,23,33
14787,18,27,13,36
14788,18,27,23,10
14789,18,27,31,15
14790,18,27,35,13
14791,18,27,18,32
14792,18,27,13,10
14793,18,27,27,28
14794,18,27,16,16
14795,18,27,13,27
14796,18,27,11,41
14797,18,27,30,49
14798,18,27,30,12
14799,18,27,33,25
14800,18,27,29,19
14801,18,27,27,44
14802,18,27,35,35
14803,18,27,39,11
14804,18,27,27,38
14805,18,27,48,22
14806,18,27,40,49
14807,18,27,45,37
14808,18,27,21,31
14809,18,27,20,30
14810,18,27,23,44
14811,18,27,47,41
14812,18,27,28,18
14813,18,27,23,21
14814,18,27,44,30
14815,18,27,43,47
14816,18,27,31,33
14817,18,27,13,40
14818,18,27,48,16
14819,18,27,11,38
14820,18,27,25,14
14821,18,27,16,26
14822,18,27,42,19
14823,18,27,27,26
14824,18,27,17,14
14825,18,27,14,43
14826,18,27,39,19
14827,18,27,12,34
14828,18,27,14,11
14829,18,27,47,48
14830,18,27,36,39
14831,18,27,45,33
14832,18,27,42,40
14833,18,27,28,32
14834,18,27,23,35
14835,18,27,10,48
14836,18,27,36,13
14837,18,27,12,17
14838,18,27,43,30
14839,18,27,34,21
14840,18,27,12,16
14841,18,27,14,11
14842,18,27,21,41
14843,18,27,42,35
14844,18,27,33,40
14845,18,27,26,35
14846,18,27,19,13
14847,18,27,26,13
14848,18,27,13,39
14849,18,27,38,39
14850,18,27,27,15
14851,18,27,12,28
14852,18,27,48,35
14853,18,27,25,28
14854,18,27,33,49
14855,18,27,40,17
14856,18,27,33,42
14857,18,27,42,14
14858,18,27,14,34
14859,18,27,21,12
14860,18,27,22,15
14861,18,27,45,46
14862,18,27,27,46
14863,18,27,42,37
14864,18,27,16,33
14865,18,27,17,22
14866,18,27,21,42
14867,18,27,35,49
14868,18,27,30,21
14869,18,27,21,32
14870,18,27,43,43
14871,18,27,49,40
14872,18,27,44,32
14873,18,27,40,46
14874,18,27,12,22
14875,18,27,19,38
14876,18,27,29,20
14877,18,27,39,26
14878,18,27,29,26
14879,18,27,37,18
14880,18,27,38,25
14881,18,27,23,17
14882,18,27,11,28
14883,18,27,41,46
14884,18,27,30,21
14885,18,27,38,35
14886,18,27,23,27
14887,18,27,43,33
14888,18,27,18,36
14889,18,27,43,40
14890,18,27,14,44
14891,18,27,10,17
14892,18,27,47,24
14893,18,27,28,33
14894,18,27,12,33
14895,18,27,24,45
14896,18,27,13,33
14897,18,27,43,40
14898,18,27,22,11
14899,18,27,42,34
14900,18,27,47,10
14901,18,27,36,15
14902,18,27,34,27
14903,18,27,26,11
14904,18,27,15,19
14905,18,27,38,28
14906,18,27,13,24
14907,18,27,14,14
14908,18,27,42,25
14909,18,27,31,35
14910,18,27,25,38
14911,18,27,44,28
14912,18,27,21,11
14913,18,27,31,29
14914,18,27,35,47
14915,18,27,31,14
14916,18,27,33,35
14917,18,27,43,34
14918,18,27,49,46
14919,18,27,12,24
14920,18,27,13,38
14921,18,27,36,43
14922,18,27,23,31
14923,18,27,25,22
14924,18,27,19,31
14925,18,27,21,42
14926,18,27,44,18
14927,18,27,39,44
14928,18,27,25,29
14929,18,27,40,13
14930,18,27,48,46
14931,18,27,34,18
14932,18,27,33,34
14933,18,27,17,47
14934,18,27,10,22
14935,18,27,12,20
14936,18,27,42,48
14937,18,27,21,37
14938,18,27,21,46
14939,18,27,16,18
14940,18,27,28,11
14941,18,27,27,28
14942,18,27,22,15
14943,18,27,11,16
14944,18,27,16,38
14945,18,27,26,15
14946,18,27,33,46
14947,18,27,32,18
14948,18,27,30,31
14949,18,27,27,39
14950,18,27,49,12
14951,18,27,47,18
14952,18,27,31,27
14953,18,27,48,41
14954,18,27,48,30
14955,18,27,17,33
14956,18,27,25,41
14957,18,27,19,29
14958,18,27,33,49
14959,18,27,45,20
14960,18,27,35,14
14961,18,27,12,12
14962,18,27,19,15
14963,18,27,39,43
14964,18,27,33,23
14965,18,27,15,21
14966,18,27,38,48
14967,18,27,22,49
14968,18,27,28,37
14969,18,27,17,17
14970,18,27,45,30
14971,18,27,45,47
14972,18,27,44,38
14973,18,27,38,29
14974,18,27,47,33
14975,18,27,14,48
14976,18,27,14,33
14977,18,27,44,42
14978,18,27,24,31
14979,18,27,27,47
14980,18,27,44,19
14981,18,27,24,39
14982,18,27,49,45
14983,18,27,19,40
14984,18,27,18,26
14985,18,27,15,36
14986,18,27,27,31
14987,18,27,10,36
14988,18,27,22,29
14989,18,27,36,16
14990,18,27,38,37
14991,18,27,16,42
14992,18,27,26,17
14993,18,27,44,11
14994,18,27,23,41
14995,18,27,21,16
14996,18,27,15,30
14997,18,27,39,47
14998,18,27,44,32
14999,18,27,35,33
15000,18,27,35,45
15001,18,27,29,12
15002,18,27,35,41
15003,18,27,19,28
15004,18,27,40,28
15005,18,27,45,21
15006,18,27,28,36
15007,18,27,19,12
15008,18,27,22,37
15009,18,27,18,20
15010,18,27,12,11
15011,18,27,18,46
15012,18,27,44,11
15013,18,27,18,26
15014,18,27,26,25
15015,18,27,16,39
15016,18,27,14,31
15017,18,27,40,47
15018,18,27,34,34
15019,18,27,49,43
15020,18,27,18,17
15021,18,27,48,35
15022,18,27,16,34
15023,18,27,15,26
15024,18,27,42,29
15025,18,27,44,43
15026,18,27,45,23
15027,18,27,49,28
15028,18,27,10,22
15029,18,27,41,35
15030,18,27,26,36
15031,18,27,35,39
15032,18,27,24,14
15033,18,27,31,41
15034,18,27,19,33
15035,18,27,27,45
15036,18,27,25,28
15037,18,27,27,35
15038,18,27,15,45
15039,18,27,30,39
15040,18,27,30,12
15041,18,27,38,46
15042,18,27,48,21
15043,18,27,43,41
15044,18,27,28,13
15045,18,27,31,40
15046,18,27,22,28
15047,18,27,19,15
15048,18,27,39,24
15049,18,27,38,45
15050,18,27,12,37
15051,18,27,32,28
15052,18,27,35,41
15053,18,27,24,15
15054,18,27,47,31
15055,18,27,48,41
15056,18,27,44,44
15057,18,27,46,32
15058,18,27,20,16
15059,18,27,43,26
15060,18,27,34,39
15061,18,27,44,12
15062,18,27,28,49
15063,18,27,38,47
15064,18,27,44,40
15065,18,27,16,16
15066,18,27,26,13
15067,18,27,35,46
15068,18,27,20,31
15069,18,27,34,15
15070,18,27,44,18
15071,18,27,11,41
15072,18,27,24,10
15073,18,27,32,28
15074,18,27,40,41
15075,18,27,21,11
15076,18,27,22,38
15077,18,27,12,43
15078,18,27,35,47
15079,18,27,10,42
15080,18,27,25,23
15081,18,27,43,29
15082,18,27,25,12
15083,18,27,48,34
15084,18,27,28,33
15085,18,27,30,44
15086,18,27,27,29
15087,18,27,38,21
15088,18,27,35,47
15089,18,27,34,20
15090,18,27,46,32
15091,18,27,27,14
15092,18,27,39,30
15093,18,27,13,18
15094,18,27,18,10
15095,18,27,28,43
15096,18,27,16,17
15097,18,27,22,43
15098,18,27,43,34
15099,18,27,37,19
15100,18,27,13,16
15101,18,27,38,24
15102,18,27,48,41
15103,18,27,42,23
15104,18,27,13,34
15105,18,27,38,30
15106,18,27,26,33
15107,18,27,34,41
15108,18,27,41,49
15109,18,27,33,25
15110,18,27,41,15
15111,18,27,41,30
15112,18,27,34,31
15113,18,27,41,48
15114,18,27,16,40
15115,18,27,12,11
15116,18,27,26,35
15117,18,27,17,13
15118,18,27,37,47
15119,18,27,22,12
15120,18,27,10,38
15121,18,27,13,43
15122,18,27,16,11
15123,18,27,47,40
15124,18,27,22,30
15125,18,27,42,42
15126,18,27,12,31
15127,18,27,12,47
15128,18,27,18,33
15129,18,27,15,33
15130,18,27,26,43
15131,18,27,42,32
15132,18,27,36,19
15133,18,27,46,14
15134,18,27,42,32
15135,18,27,30,47
15136,18,27,44,26
15137,18,27,26,33
15138,18,27,42,10
15139,18,27,40,13
15140,18,27,34,11
15141,18,27,47,44
15142,18,27,32,28
15143,18,27,31,43
15144,18,27,10,32
15145,18,27,35,43
15146,18,27,29,35
15147,18,27,25,39
15148,18,27,36,14
15149,18,27,21,48
15150,18,27,22,46
15151,18,27,21,18
15152,18,27,38,39
15153,18,27,39,28
15154,18,27,16,16
15155,18,27,29,40
15156,18,27,27,25
15157,18,27,14,14
15158,18,27,30,16
15159,18,27,28,24
15160,18,27,43,47
15161,18,27,38,41
15162,18,27,37,32
15163,18,27,13,32
15164,18,27,44,25
15165,18,27,25,41
15166,18,27,22,43
15167,18,27,40,19
15168,18,27,49,37
15169,18,27,21,11
15170,18,27,34,28
15171,18,27,41,26
15172,18,27,27,22
15173,18,27,15,36
15174,18,27,40,13
15175,18,27,19,17
15176,18,27,48,44
15177,18,27,40,36
15178,18,27,10,22
15179,18,27,24,29
15180,18,27,37,22
15181,18,27,15,18
15182,18,27,11,41
15183,18,27,10,28
15184,18,27,47,38
15185,18,27,23,29
15186,18,27,14,27
15187,18,27,15,36
15188,18,27,11,33
15189,18,27,37,20
15190,18,27,20,41
15191,18,27,22,18
15192,18,27,12,15
15193,18,27,33,14
15194,18,27,44,41
15195,18,27,23,37
15196,18,27,46,34
15197,18,27,38,12
15198,18,27,46,43
15199,18,27,24,22
15200,18,27,24,40
15201,18,27,43,12
15202,18,27,20,19
15203,18,27,41,24
15204,18,27,35,19
15205,18,27,46,15
15206,18,27,32,34
15207,18,27,17,40
15208,18,27,49,15
15209,18,27,37,30
15210,18,27,37,10
15211,18,27,45,33
15212,18,27,44,44
15213,18,27,48,28
15214,18,27,14,11
15215,18,27,41,19
15216,18,27,16,40
15217,18,27,27,15
15218,18,27,46,25
15219,18,27,44,43
15220,18,27,29,38
15221,18,27,20,23
15222,18,27,11,29
15223,18,27,41,18
15224,18,27,10,26
15225,18,27,29,40
15226,18,27,19,19
15227,18,27,32,46
15228,18,27,44,23
15229,18,27,15,16
15230,18,27,27,46
15231,18,27,33,42
15232,18,27,16,34
15233,18,27,49,22
15234,18,27,20,38
15235,18,27,43,32
15236,18,27,46,20
15237,18,27,35,46
15238,18,27,15,34
15239,18,27,48,33
15240,18,27,41,36
15241,18,27,16,31
15242,18,27,48,46
15243,18,27,27,44
15244,18,27,12,15
15245,18,27,48,48
15246,18,27,16,18
15247,18,27,13,22
15248,18,27,11,30
15249,18,27,36,18
15250,18,27,35,39
15251,18,27,41,44
15252,18,27,41,49
15253,18,27,40,27
15254,18,27,47,16
15255,18,27,24,16
15256,18,27,37,11
15257,18,27,39,46
15258,18,27,46,33
15259,18,27,16,28
15260,18,27,18,41
15261,18,27,46,36
15262,18,27,31,36
15263,18,27,18,22
15264,18,27,19,31
15265,18,27,18,44
15266,18,27,27,21
15267,18,27,39,27
15268,18,27,15,39
15269,18,27,45,26
15270,18,27,22,15
15271,18,27,20,47
15272,18,27,25,35
15273,18,27,41,15
15274,18,27,35,20
15275,18,27,32,22
15276,18,27,23,32
15277,18,27,40,33
15278,18,27,40,17
15279,18,27,16,26
15280,18,27,25,44
15281,18,27,39,42
15282,18,27,37,10
15283,18,27,44,25
15284,18,27,30,34
15285,18,27,36,11
15286,18,27,35,36
15287,18,27,43,31
15288,18,27,25,44
15289,18,27,25,16
15290,18,27,42,45
15291,18,27,43,42
15292,18,27,41,35
15293,18,27,35,37
15294,18,27,14,18
15295,18,27,11,13
15296,18,27,44,12
15297,18,27,43,31
15298,18,27,37,46
15299,18,27,12,34
15300,18,27,47,38
15301,18,27,37,12
15302,18,27,22,35
15303,18,27,20,38
15304,18,27,28,19
15305,18,27,38,27
15306,18,27,11,47
15307,18,27,49,23
15308,18,27,21,10
15309,18,27,13,10
15310,18,27,36,40
15311,18,27,12,14
15312,18,27,10,40
15313,18,27,18,42
15314,18,27,38,46
15315,18,27,41,16
15316,18,27,34,47
15317,18,27,30,20
15318,18,27,35,31
15319,18,27,21,24
15320,18,27,10,40
15321,18,27,20,42
15322,18,27,41,16
15323,18,27,11,36
15324,18,27,49,31
15325,18,27,38,18
15326,18,27,16,16
15327,18,27,16,12
15328,18,27,37,17
15329,18,27,28,44
15330,18,27,10,48
15331,18,27,29,44
15332,18,27,25,35
15333,18,27,34,32
15334,18,27,38,10
15335,18,27,19,44
15336,18,27,40,36
15337,18,27,14,28
15338,18,27,14,36
15339,18,27,27,35
15340,18,27,13,31
15341,18,27,45,21
15342,18,27,15,17
15343,18,27,31,23
15344,18,27,34,15
15345,18,27,24,43
15346,18,27,35,46
15347,18,27,34,18
15348,18,27,19,10
15349,18,27,49,20
15350,18,27,21,36
15351,18,27,32,24
15352,18,27,48,22
15353,18,27,39,41
15354,18,27,36,15
15355,18,27,20,26
15356,18,27,35,20
15357,18,27,33,31
15358,18,27,24,38
15359,18,27,47,36
15360,18,27,45,17
15361,18,27,23,36
15362,18,27,22,48
15363,18,27,39,35
15364,18,27,36,19
15365,18,27,42,22
15366,18,27,24,32
15367,18,27,31,45
15368,18,27,14,26
15369,18,27,46,41
15370,18,27,34,31
15371,18,27,40,22
15372,18,27,36,42
15373,18,27,21,42
15374,18,27,32,43
15375,18,27,14,14
15376,18,27,22,20
15377,18,27,36,37
15378,18,27,43,43
15379,18,27,35,11
15380,18,27,37,24
15381,18,27,17,27
15382,18,27,47,24
15383,18,27,45,35
15384,18,27,48,17
15385,18,27,24,37
15386,18,27,41,39
15387,18,27,14,41
15388,18,27,35,37
15389,18,27,24,18
15390,18,27,31,26
15391,18,27,13,40
15392,18,27,21,28
15393,18,27,34,41
15394,18,27,19,27
15395,18,27,46,38
15396,18,27,34,11
15397,18,27,39,23
15398,18,27,10,46
15399,18,27,14,22
15400,18,27,21,12
15401,18,27,41,21
15402,18,27,42,38
15403,18,27,30,21
15404,18,27,22,15
15405,18,27,43,32
15406,18,27,13,32
15407,18,27,22,17
15408,18,27,17,29
15409,18,27,47,37
15410,18,27,40,15
15411,18,27,15,20
15412,18,27,48,17
15413,18,27,42,18
15414,18,27,44,39
15415,18,27,30,37
15416,18,27,10,30
15417,18,27,42,10
15418,18,27,10,29
15419,18,27,18,21
15420,18,27,31,22
15421,18,27,21,23
15422,18,27,40,30
15423,18,27,17,11
15424,18,27,34,21
15425,18,27,31,44
15426,18,27,43,32
15427,18,27,15,11
15428,18,27,46,47
15429,18,27,34,45
15430,18,27,19,13
15431,18,27,32,15
15432,18,27,20,48
15433,18,27,31,49
15434,18,27,27,16
15435,18,27,36,28
15436,18,27,20,37
15437,18,27,12,38
15438,18,27,17,39
15439,18,27,39,20
15440,18,27,37,16
15441,18,27,36,28
15442,18,27,29,39
15443,18,27,45,26
15444,18,27,47,19
15445,18,27,45,21
15446,18,27,31,41
15447,18,27,45,17
15448,18,27,32,13
15449,18,27,40,33
15450,18,27,39,24
15451,18,27,18,31
15452,18,27,12,46
15453,18,27,32,17
15454,18,27,21,41
15455,18,27,24,20
15456,18,27,47,20
15457,18,27,42,38
15458,18,27,22,14
15459,18,27,38,11
15460,18,27,20,45
15461,18,27,49,13
15462,18,27,37,29
15463,18,27,23,21
15464,18,27,27,35
15465,18,27,44,37
15466,18,27,25,15
15467,18,27,15,18
15468,18,27,45,49
15469,18,27,28,30
15470,18,27,11,32
15471,18,27,10,49
15472,18,27,37,33
15473,18,27,24,14
15474,18,27,35,31
15475,18,27,14,19
15476,18,27,22,41
15477,18,27,24,14
15478,18,27,22,36
15479,18,27,20,47
15480,18,27,44,11
15481,18,27,37,32
15482,18,27,38,47
15483,18,27,41,25
15484,18,27,37,26
15485,18,27,43,30
15486,18,27,15,46
15487,18,27,39,48
15488,18,27,21,12
15489,18,27,46,16
15490,18,27,43,24
15491,18,27,18,35
15492,18,27,11,10
15493,18,27,37,15
15494,18,27,44,15
15495,18,27,13,18
15496,18,27,20,48
15497,18,27,41,16
15498,18,27,14,41
15499,18,27,26,48
15500,18,27,22,26
15501,18,27,20,19
15502,18,27,39,38
15503,18,27,29,40
15504,18,27,40,38
15505,18,27,30,27
15506,18,27,43,19
15507,18,27,28,15
15508,18,27,14,18
15509,18,27,49,43
15510,18,27,31,13
15511,18,27,40,22
15512,18,27,45,42
15513,18,27,32,44
15514,18,27,26,23
15515,18,27,48,36
15516,18,27,19,14
15517,18,27,24,37
15518,18,27,42,16
15519,18,27,18,23
15520,18,27,18,33
15521,18,27,10,30
15522,18,27,11,13
15523,18,27,32,25
15524,18,27,19,34
15525,18,27,35,24
15526,18,27,26,31
15527,18,27,16,21
15528,18,27,36,33
15529,18,27,28,38
15530,18,27,48,32
15531,18,27,13,19
15532,18,27,12,19
15533,18,27,45,35
15534,18,27,35,32
15535,18,27,40,43
15536,18,27,40,34
15537,18,27,35,10
15538,18,27,42,49
15539,18,27,28,23
15540,18,27,14,18
15541,18,27,43,42
15542,18,27,41,31
15543,18,27,20,24
15544,18,27,17,23
15545,18,27,36,39
15546,18,27,15,38
15547,18,27,11,25
15548,18,27,17,30
15549,18,27,13,30
15550,18,27,24,10
15551,18,27,32,20
15552,18,27,39,46
15553,18,27,12,49
15554,18,27,41,35
15555,18,27,30,22
15556,18,27,31,39
15557,18,27,44,31
15558,18,27,21,27
15559,18,27,23,29
15560,18,27,40,33
15561,18,27,19,29
15562,18,27,49,42
15563,18,27,18,32
15564,18,27,31,34
15565,18,27,30,10
15566,18,27,15,10
15567,18,27,24,27
15568,18,27,22,15
15569,18,27,33,24
15570,18,27,26,16
15571,18,27,16,31
15572,18,27,23,41
15573,18,27,24,30
15574,18,27,24,27
15575,18,27,21,40
15576,18,27,21,28
15577,18,27,22,24
15578,18,27,40,13
15579,18,27,43,46
15580,18,27,49,31
15581,18,27,43,35
15582,18,27,29,12
15583,18,27,48,15
15584,18,27,40,39
15585,18,27,21,27
15586,18,27,44,37
15587,18,27,49,19
15588,18,27,32,46
15589,18,27,30,36
15590,18,27,15,29
15591,18,27,23,16
15592,18,27,31,43
15593,18,27,14,32
15594,18,27,30,45
15595,18,27,38,19
15596,18,27,13,33
15597,18,27,19,49
15598,18,27,21,43
15599,18,27,45,11
15600,18,27,27,35
15601,18,27,43,41
15602,18,27,43,35
15603,18,27,43,28
15604,18,27,43,28
15605,18,27,33,39
15606,18,27,27,47
15607,18,27,35,19
15608,18,27,25,48
15609,18,27,40,15
15610,18,27,31,32
15611,18,27,15,39
15612,18,27,40,26
15613,18,27,17,15
15614,18,27,40,43
15615,18,27,24,22
15616,18,27,47,39
15617,18,27,15,31
15618,18,27,47,29
15619,18,27,30,49
15620,18,27,20,12
15621,18,27,49,37
15622,18,27,34,11
15623,18,27,38,40
15624,18,27,47,15
15625,18,27,49,37
15626,18,27,46,27
15627,18,27,28,36
15628,18,27,16,43
15629,18,27,27,24
15630,18,27,26,17
15631,18,27,22,36
15632,18,27,41,15
15633,18,27,31,28
15634,18,27,30,15
15635,18,27,19,39
15636,18,27,41,29
15637,18,27,23,33
15638,18,27,41,41
15639,18,27,37,25
15640,18,27,41,28
15641,18,27,13,32
15642,18,27,29,19
15643,18,27,40,48
15644,18,27,19,18
15645,18,27,43,24
15646,18,27,43,20
15647,18,27,43,17
15648,18,27,34,35
15649,18,27,40,34
15650,18,27,11,13
15651,18,27,13,36
15652,18,27,42,23
15653,18,27,34,33
15654,18,27,44,17
15655,18,27,15,48
15656,18,27,22,16
15657,18,27,11,19
15658,18,27,26,43
15659,18,27,47,35
15660,18,27,33,25
15661,18,27,11,24
15662,18,27,19,32
15663,18,27,40,31
15664,18,27,37,44
15665,18,27,41,10
15666,18,27,48,44
15667,18,27,11,47
15668,18,27,23,17
15669,18,27,45,24
15670,18,27,45,18
15671,18,27,17,30
15672,18,27,45,25
15673,18,27,21,24
15674,18,27,30,22
15675,18,27,13,15
15676,18,27,27,29
15677,18,27,29,25
15678,18,27,48,24
15679,18,27,31,46
15680,18,27,10,27
15681,18,27,32,44
15682,18,27,21,29
15683,18,27,12,42
15684,18,27,32,32
15685,18,27,49,20
15686,18,27,37,20
15687,18,27,48,22
15688,18,27,34,41
15689,18,27,17,12
15690,18,27,10,19
15691,18,27,28,18
15692,18,27,12,33
15693,18,27,25,39
15694,18,27,48,30
15695,18,27,48,35
15696,18,27,48,38
15697,18,27,13,15
15698,18,27,45,47
15699,18,27,38,25
15700,18,27,47,21
15701,18,27,14,47
15702,18,27,37,42
15703,18,27,42,34
15704,18,27,12,48
15705,18,27,14,26
15706,18,27,28,19
15707,18,27,22,48
15708,18,27,12,32
15709,18,27,48,25
15710,18,27,22,28
15711,18,27,31,32
15712,18,27,44,27
15713,18,27,32,30
15714,18,27,33,11
15715,18,27,19,40
15716,18,27,29,35
15717,18,27,45,49
15718,18,27,40,21
15719,18,27,11,26
15720,18,27,14,16
15721,18,27,42,30
15722,18,27,30,45
15723,18,27,29,19
15724,18,27,15,49
15725,18,27,24,46
15726,18,27,13,38
15727,18,27,41,35
15728,18,27,23,31
15729,18,27,15,49
15730,18,27,42,22
15731,18,27,26,41
15732,18,27,48,41
15733,18,27,39,16
15734,18,27,31,42
15735,18,27,37,21
15736,18,27,23,29
15737,18,27,26,26
15738,18,27,36,36
15739,18,27,49,15
15740,18,27,25,41
15741,18,27,31,44
15742,18,27,24,40
15743,18,27,19,23
15744,18,27,35,20
15745,18,27,38,40
15746,18,27,45,25
15747,18,27,19,23
15748,18,27,35,24
15749,18,27,29,21
15750,18,27,21,40
15751,18,27,42,22
15752,18,27,39,26
15753,18,27,19,22
15754,18,27,37,13
15755,18,27,22,20
15756,18,27,13,41
15757,18,27,33,17
15758,18,27,49,44
15759,18,27,46,37
15760,18,27,33,46
15761,18,27,44,45
15762,18,27,29,29
15763,18,27,14,25
15764,18,27,22,15
15765,18,27,34,20
15766,18,27,14,18
15767,18,27,49,31
15768,18,27,31,48
15769,18,27,29,49
15770,18,27,49,36
15771,18,27,10,24
15772,18,27,39,15
15773,18,27,37,24
15774,18,27,33,36
15775,18,27,21,29
15776,18,27,17,45
15777,18,27,20,13
15778,18,27,45,32
15779,18,27,15,48
15780,18,27,30,48
15781,18,27,22,34
15782,18,27,18,20
15783,18,27,13,18
15784,18,27,18,34
15785,18,27,35,27
15786,18,27,13,19
15787,18,27,31,16
15788,18,27,30,21
15789,18,27,36,26
15790,18,27,45,24
15791,18,27,22,43
15792,18,27,42,14
15793,18,27,12,14
15794,18,27,48,22
15795,18,27,31,44
15796,18,27,31,20
15797,18,27,21,24
15798,18,27,44,17
15799,18,27,47,38
15800,18,27,35,19
15801,18,27,33,47
15802,18,27,27,13
15803,18,27,25,43
15804,18,27,11,33
15805,18,27,17,24
15806,18,27,12,20
15807,18,27,26,31
15808,18,27,49,28
15809,18,27,20,35
15810,18,27,35,38
15811,18,27,19,17
15812,18,27,11,13
15813,18,27,26,46
15814,18,27,15,32
15815,18,27,46,25
15816,18,27,40,43
15817,18,27,42,39
15818,18,27,44,19
15819,18,27,42,29
15820,18,27,16,25
15821,18,27,27,16
15822,18,27,38,39
15823,18,27,23,42
15824,18,27,43,46
15825,18,27,13,45
15826,18,27,22,16
15827,18,27,31,11
15828,18,27,43,40
15829,18,27,13,34
15830,18,27,13,43
15831,18,27,41,26
15832,18,27,39,29
15833,18,27,11,41
15834,18,27,49,44
15835,18,27,33,44
15836,18,27,33,30
15837,18,27,21,47
15838,18,27,37,30
15839,18,27,31,17
15840,18,27,43,17
15841,18,27,32,27
15842,18,27,43,38
15843,18,27,36,36
15844,18,27,17,25
15845,18,27,14,23
15846,18,27,17,16
15847,18,27,34,46
15848,18,27,36,30
15849,18,27,46,49
15850,18,27,21,38
15851,18,27,11,15
15852,18,27,10,46
15853,18,27,41,15
15854,18,27,44,21
15855,18,27,13,48
15856,18,27,19,35
15857,18,27,10,29
15858,18,27,27,27
15859,18,27,25,45
15860,18,27,31,37
15861,18,27,21,21
15862,18,27,17,36
15863,18,27,30,16
15864,18,27,18,28
15865,18,27,47,28
15866,18,27,16,43
15867,18,27,11,36
15868,18,27,45,34
15869,18,27,28,37
15870,18,27,38,31
15871,18,27,39,47
15872,18,27,31,47
15873,18,27,46,22
15874,18,27,13,13
15875,18,27,39,32
15876,18,27,24,41
15877,18,27,31,10
15878,18,27,45,36
15879,18,27,14,46
15880,18,27,49,16
15881,18,27,24,40
15882,18,27,37,31
15883,18,27,31,25
15884,18,27,45,18
15885,18,27,42,33
15886,18,27,48,13
15887,18,27,31,27
15888,18,27,26,36
15889,18,27,48,37
15890,18,27,32,25
15891,18,27,23,45
15892,18,27,27,27
15893,18,27,13,43
15894,18,27,27,22
15895,18,27,39,30
15896,18,27,49,30
15897,18,27,29,23
15898,18,27,11,27
15899,18,27,37,13
15900,18,27,42,43
15901,18,27,22,20
15902,18,27,13,23
15903,18,27,19,19
15904,18,27,29,20
15905,18,27,23,37
15906,18,27,33,39
15907,18,27,28,20
15908,18,27,32,35
15909,18,27,49,25
15910,18,27,37,41
15911,18,27,26,28
15912,18,27,44,20
15913,18,27,44,16
15914,18,27,38,48
15915,18,27,23,35
15916,18,27,31,15
15917,18,27,14,37
15918,18,27,22,25
15919,18,27,23,40
15920,18,27,18,28
15921,18,27,38,25
15922,18,27,10,21
15923,18,27,13,24
15924,18,27,21,30
15925,18,27,21,26
15926,18,27,49,20
15927,18,27,16,38
15928,18,27,34,43
15929,18,27,12,21
15930,18,27,10,25
15931,18,27,27,36
15932,18,27,28,16
15933,18,27,45,15
15934,18,27,27,23
15935,18,27,33,37
15936,18,27,11,47
15937,18,27,11,38
15938,18,27,38,34
15939,18,27,16,39
15940,18,27,31,22
15941,18,27,17,12
15942,18,27,27,17
15943,18,27,18,17
15944,18,27,29,48
15945,18,27,17,25
15946,18,27,34,24
15947,18,27,20,18
15948,18,27,17,25
15949,18,27,11,22
15950,18,27,47,38
15951,18,27,16,17
15952,18,27,17,14
15953,18,27,37,35
15954,18,27,45,33
15955,18,27,16,41
15956,18,27,42,46
15957,18,27,32,36
15958,18,27,18,11
15959,18,27,10,46
15960,18,27,49,42
15961,18,27,29,10
15962,18,27,32,10
15963,18,27,29,24
15964,18,27,13,14
15965,18,27,43,15
15966,18,27,12,10
15967,18,27,26,26
15968,18,27,40,21
15969,18,27,42,15
15970,18,27,10,42
15971,18,27,27,27
15972,18,27,43,48
15973,18,27,16,32
15974,18,27,26,36
15975,18,27,19,16
15976,18,27,31,35
15977,18,27,12,32
15978,18,27,21,44
15979,18,27,34,11
15980,18,27,38,17
15981,18,27,34,40
15982,18,27,15,41
15983,18,27,26,29
15984,18,27,47,23
15985,18,27,20,24
15986,18,27,19,18
15987,18,27,33,42
15988,18,27,22,29
15989,18,27,39,17
15990,18,27,44,33
15991,18,27,10,22
15992,18,27,24,44
15993,18,27,31,25
15994,18,27,12,21
15995,18,27,12,38
15996,18,27,15,42
15997,18,27,14,46
15998,18,27,25,46
15999,18,27,26,23
16000,18,27,21,47
16001,18,27,26,20
16002,18,27,38,24
16003,18,27,13,41
16004,18,27,42,12
16005,18,27,33,48
16006,18,27,32,36
16007,18,27,42,17
16008,18,27,30,31
16009,18,27,41,39
16010,18,27,11,26
16011,18,27,22,26
16012,18,27,42,24
16013,18,27,43,32
16014,18,27,35,16
16015,18,27,30,18
16016,18,27,24,20
16017,18,27,13,14
16018,18,27,18,23
16019,18,27,44,20
16020,18,27,43,42
16021,18,27,22,44
16022,18,27,12,14
16023,18,27,10,44
16024,18,27,38,13
16025,18,27,34,14
16026,18,27,21,28
16027,18,27,19,34
16028,18,27,36,36
16029,18,27,19,21
16030,18,27,28,28
16031,18,27,43,21
16032,18,27,42,14
16033,18,27,39,27
16034,18,27,29,28
16035,18,27,14,38
16036,18,27,22,11
16037,18,27,20,30
16038,18,27,48,35
16039,18,27,38,43
16040,18,27,25,26
16041,18,27,36,45
16042,18,27,39,35
16043,18,27,45,24
16044,18,27,31,21
16045,18,27,31,16
16046,18,27,47,10
16047,18,27,18,30
16048,18,27,46,24
16049,18,27,39,47
16050,18,27,14,21
16051,18,27,45,25
16052,18,27,17,18
16053,18,27,30,47
16054,18,27,27,33
16055,18,27,24,44
16056,18,27,35,31
16057,18,27,25,46
16058,18,27,23,16
16059,18,27,28,20
16060,18,27,22,17
16061,18,27,47,22
16062,18,27,10,31
16063,18,27,25,47
16064,18,27,14,43
16065,18,27,32,21
16066,18,27,36,11
16067,18,27,27,29
16068,18,27,22,42
16069,18,27,35,11
16070,18,27,48,13
16071,18,27,45,27
16072,18,27,16,25
16073,18,27,12,40
16074,18,27,43,13
16075,18,27,24,30
16076,18,27,40,37
16077,18,27,43,43
16078,18,27,40,16
16079,18,27,48,18
16080,18,27,14,31
16081,18,27,33,13
16082,18,27,10,20
16083,18,27,22,20
16084,18,27,47,28
16085,18,27,34,31
16086,18,27,29,10
16087,18,27,42,45
16088,18,27,39,34
16089,18,27,35,39
16090,18,27,38,37
16091,18,27,38,31
16092,18,27,29,23
16093,18,27,25,34
16094,18,27,11,39
16095,18,27,46,26
16096,18,27,13,29
16097,18,27,19,28
16098,18,27,32,39
16099,18,27,24,43
16100,18,27,27,10
16101,18,27,10,25
16102,18,27,12,36
16103,18,27,44,14
16104,18,27,47,23
16105,18,27,34,30
16106,18,27,11,45
16107,18,27,35,10
16108,18,27,43,41
16109,18,27,28,10
16110,18,27,31,36
16111,18,27,23,48
16112,18,27,47,45
16113,18,27,38,48
16114,18,27,31,23
16115,18,27,28,38
16116,18,27,34,23
16117,18,27,27,11
16118,18,27,12,40
16119,18,27,13,46
16120,18,27,24,15
16121,18,27,21,37
16122,18,27,13,19
16123,18,27,27,43
16124,18,27,32,28
16125,18,27,37,11
16126,18,27,20,12
16127,18,27,16,26
16128,18,27,45,45
16129,18,27,25,36
16130,18,27,13,35
16131,18,27,49,30
16132,18,27,17,42
16133,18,27,15,15
16134,18,27,45,30
16135,18,27,33,42
16136,18,27,20,49
16137,18,27,39,25
16138,18,27,30,28
16139,18,27,21,28
16140,18,27,45,19
16141,18,27,37,11
16142,18,27,44,18
16143,18,27,33,37
16144,18,27,19,34
16145,18,27,25,32
16146,18,27,30,19
16147,18,27,15,47
16148,18,27,24,21
16149,18,27,47,45
16150,18,27,20,48
16151,18,27,14,33
16152,18,27,16,37
16153,18,27,45,48
16154,18,27,42,31
16155,18,27,24,15
16156,18,27,35,16
16157,18,27,27,25
16158,18,27,10,21
16159,18,27,31,48
16160,18,27,22,11
16161,18,27,26,23
16162,18,27,47,38
16163,18,27,17,14
16164,18,27,48,42
16165,18,27,10,47
16166,18,27,33,29
16167,18,27,31,13
16168,18,27,27,27
16169,18,27,15,42
16170,18,27,25,15
16171,18,27,14,41
16172,18,27,28,24
16173,18,27,24,15
16174,18,27,30,18
16175,18,27,34,34
16176,18,27,31,42
16177,18,27,27,43
16178,18,27,14,37
16179,18,27,38,23
16180,18,27,24,45
16181,18,27,29,20
16182,18,27,18,12
16183,18,27,25,33
16184,18,27,30,38
16185,18,27,27,47
16186,18,27,38,30
16187,18,27,18,35
16188,18,27,21,19
16189,18,27,11,43
16190,18,27,46,10
16191,18,27,43,45
16192,18,27,15,16
16193,18,27,38,37
16194,18,27,40,10
16195,18,27,29,45
16196,18,27,49,23
16197,18,27,41,12
16198,18,27,36,45
16199,18,27,16,36
16200,18,27,11,35
16201,18,27,46,22
16202,18,27,21,41
16203,18,27,36,24
16204,18,27,27,25
16205,18,27,31,28
16206,18,27,37,14
16207,18,27,16,41
16208,18,27,31,47
16209,18,27,29,19
16210,18,27,49,47
16211,18,27,33,42
16212,18,27,11,38
16213,18,27,18,19
16214,18,27,13,34
16215,18,27,31,12
16216,18,27,17,24
16217,18,27,22,20
16218,18,27,26,23
16219,18,27,11,41
16220,18,27,45,24
16221,18,27,37,47
16222,18,27,26,14
16223,18,27,26,25
16224,18,27,23,39
16225,18,27,19,17
16226,18,27,34,19
16227,18,27,25,42
16228,18,27,40,49
16229,18,27,41,29
16230,18,27,24,14
16231,18,27,12,43
16232,18,27,24,21
16233,18,27,45,15
16234,18,27,27,34
16235,18,27,47,47
16236,18,27,39,31
16237,18,27,44,18
16238,18,27,37,13
16239,18,27,28,31
16240,18,27,47,49
16241,18,27,18,20
16242,18,27,29,20
16243,18,27,23,36
16244,18,27,45,15
16245,18,27,17,17
16246,18,27,27,12
16247,18,27,17,39
16248,18,27,11,10
16249,18,27,46,37
16250,18,27,14,37
16251,18,27,23,28
16252,18,27,27,21
16253,18,27,32,35
16254,18,27,38,25
16255,18,27,32,38
16256,18,27,33,38
16257,18,27,34,31
16258,18,27,10,23
16259,18,27,32,27
16260,18,27,27,43
16261,18,27,31,35
16262,18,27,29,28
16263,18,27,34,26
16264,18,27,15,39
16265,18,27,28,13
16266,18,27,28,21
16267,18,27,44,43
16268,18,27,16,24
16269,18,27,22,24
16270,18,27,26,41
16271,18,27,39,30
16272,18,27,38,37
16273,18,27,41,12
16274,18,27,14,22
16275,18,27,33,11
16276,18,27,24,25
16277,18,27,35,33
16278,18,27,19,27
16279,18,27,19,26
16280,18,27,34,17
16281,18,27,10,34
16282,18,27,10,21
16283,18,27,49,16
16284,18,27,25,47
16285,18,27,42,19
16286,18,27,11,49
16287,18,27,48,17
16288,18,27,37,34
16289,18,27,37,42
16290,18,27,23,30
16291,18,27,11,35
16292,18,27,32,26
16293,18,27,35,26
16294,18,27,28,45
16295,18,27,14,28
16296,18,27,35,13
16297,18,27,40,28
16298,18,27,45,37
16299,18,27,46,15
16300,18,27,21,43
16301,18,27,45,46
16302,18,27,20,36
16303,18,27,20,48
16304,18,27,49,21
16305,18,27,42,43
16306,18,27,14,47
16307,18,27,40,31
16308,18,27,18,10
16309,18,27,12,45
16310,18,27,37,35
16311,18,27,31,18
16312,18,27,20,27
16313,18,27,28,25
16314,18,27,32,24
16315,18,27,22,15
16316,18,27,45,11
16317,18,27,17,25
16318,18,27,35,46
16319,18,27,13,34
16320,18,27,22,31
16321,18,27,15,29
16322,18,27,28,25
16323,18,27,43,39
16324,18,27,20,33
16325,18,27,16,27
16326,18,27,13,34
16327,18,27,34,12
16328,18,27,18,20
16329,18,27,27,45
16330,18,27,15,21
16331,18,27,30,35
16332,18,27,38,49
16333,18,27,11,47
16334,18,27,36,34
16335,18,27,46,46
16336,18,27,37,12
16337,18,27,39,39
16338,18,27,16,14
16339,18,27,32,42
16340,18,27,24,42
16341,18,27,36,25
16342,18,27,19,31
16343,18,27,38,31
16344,18,27,18,27
16345,18,27,27,45
16346,18,27,27,45
16347,18,27,20,27
16348,18,27,21,27
16349,18,27,25,13
16350,18,27,21,31
16351,18,27,48,14
16352,18,27,37,11
16353,18,27,20,17
16354,18,27,44,18
16355,18,27,18,11
16356,18,27,13,20
16357,18,27,18,45
16358,18,27,45,23
16359,18,27,26,30
16360,18,27,19,17
16361,18,27,30,36
16362,18,27,21,37
16363,18,27,39,23
16364,18,27,23,17
16365,18,27,35,10
16366,18,27,20,45
16367,18,27,31,48
16368,18,27,12,47
16369,18,27,13,34
16370,18,27,18,18
16371,18,27,35,37
16372,18,27,12,31
16373,18,27,16,45
16374,18,27,13,20
16375,18,27,26,33
16376,18,27,38,39
16377,18,27,14,24
16378,18,27,41,23
16379,18,27,41,19
16380,18,27,28,39
16381,18,27,21,27
16382,18,27,48,17
16383,18,27,10,35
16384,18,27,44,27
16385,18,27,37,40
16386,18,27,26,15
16387,18,27,37,23
16388,18,27,40,19
16389,18,27,26,28
16390,18,27,13,40
16391,18,27,29,43
16392,18,27,35,13
16393,18,27,24,49
16394,18,27,40,37
16395,18,27,17,38
16396,18,27,47,48
16397,18,27,18,28
16398,18,27,26,12
16399,18,27,35,38
16400,18,27,26,20
16401,18,27,15,49
16402,18,27,20,33
16403,18,27,44,13
16404,18,27,33,36
16405,18,27,16,10
16406,18,27,47,10
16407,18,27,17,21
16408,18,27,26,27
16409,18,27,48,35
16410,18,27,24,49
16411,18,27,36,37
16412,18,27,25,17
16413,18,27,15,15
16414,18,27,47,31
16415,18,27,26,14
16416,18,27,11,25
16417,18,27,31,20
16418,18,27,34,35
16419,18,27,18,24
16420,18,27,42,37
16421,18,27,45,36
16422,18,27,13,16
16423,18,27,42,35
16424,18,27,41,16
16425,18,27,32,37
16426,18,27,39,41
16427,18,27,24,23
16428,18,27,35,44
16429,18,27,27,14
16430,18,27,34,36
16431,18,27,14,47
16432,18,27,28,32
16433,18,27,21,39
16434,18,27,38,35
16435,18,27,25,32
16436,18,27,38,29
16437,18,27,35,26
16438,18,27,40,10
16439,18,27,42,11
16440,18,27,38,39
16441,18,27,42,23
16442,18,27,37,23
16443,18,27,27,25
16444,18,27,32,18
16445,18,27,15,24
16446,18,27,16,35
16447,18,27,48,18
16448,18,27,11,30
16449,18,27,28,43
16450,18,27,19,31
16451,18,27,26,43
16452,18,27,12,38
16453,18,27,47,21
16454,18,27,24,18
16455,18,27,25,28
16456,18,27,13,17
16457,18,27,19,22
16458,18,27,30,18
16459,18,27,23,43
16460,18,27,31,20
16461,18,27,47,27
16462,18,27,46,20
16463,18,27,12,13
16464,18,27,17,39
16465,18,27,45,43
16466,18,27,23,31
16467,18,27,35,49
16468,18,27,43,39
16469,18,27,20,21
16470,18,27,32,49
16471,18,27,12,19
16472,18,27,35,25
16473,18,27,42,25
16474,18,27,30,13
16475,18,27,18,31
16476,18,27,48,26
16477,18,27,14,48
16478,18,27,31,26
16479,18,27,31,48
16480,18,27,17,26
16481,18,27,34,42
16482,18,27,22,13
16483,18,27,29,31
16484,18,27,37,43
16485,18,27,11,44
16486,18,27,29,27
16487,18,27,45,44
16488,18,27,21,21
16489,18,27,26,11
16490,18,27,26,38
16491,18,27,43,46
16492,18,27,27,10
16493,18,27,49,28
16494,18,27,42,46
16495,18,27,21,26
16496,18,27,42,13
16497,18,27,12,29
16498,18,27,28,29
16499,18,27,18,46
16500,18,27,47,43
16501,18,27,19,38
16502,18,27,26,45
16503,18,27,26,45
16504,18,27,16,12
16505,18,27,25,48
16506,18,27,35,23
16507,18,27,19,45
16508,18,27,30,28
16509,18,27,21,47
16510,18,27,24,48
16511,18,27,46,23
16512,18,27,46,36
16513,18,27,31,40
16514,18,27,35,18
16515,18,27,16,16
16516,18,27,37,24
16517,18,27,11,36
16518,18,27,21,37
16519,18,27,40,10
16520,18,27,28,22
16521,18,27,47,25
16522,18,27,39,28
16523,18,27,11,20
16524,18,27,24,13
16525,18,27,11,14
16526,18,27,15,28
16527,18,27,35,44
16528,18,27,39,31
16529,18,27,30,25
16530,18,27,39,15
16531,18,27,31,48
16532,18,27,25,33
16533,18,27,27,30
16534,18,27,27,34
16535,18,27,16,17
16536,18,27,10,32
16537,18,27,44,12
16538,18,27,38,21
16539,18,27,18,39
16540,18,27,22,40
16541,18,27,31,45
16542,18,27,44,35
16543,18,27,48,21
16544,18,27,16,26
16545,18,27,33,17
16546,18,27,21,13
16547,18,27,38,29
16548,18,27,49,21
16549,18,27,33,35
16550,18,27,44,30
16551,18,27,11,14
16552,18,27,38,39
16553,18,27,43,43
16554,18,27,22,45
16555,18,27,35,40
16556,18,27,24,41
16557,18,27,37,22
16558,18,27,46,44
16559,18,27,48,24
16560,18,27,34,28
16561,18,27,48,14
16562,18,27,49,28
16563,18,27,38,14
16564,18,27,15,46
16565,18,27,14,41
16566,18,27,39,41
16567,18,27,47,11
16568,18,27,20,14
16569,18,27,46,21
16570,18,27,12,23
16571,18,27,19,34
16572,18,27,15,45
16573,18,27,16,33
16574,18,27,34,18
16575,18,27,13,29
16576,18,27,49,10
16577,18,27,19,33
16578,18,27,28,49
16579,18,27,41,49
16580,18,27,39,16
16581,18,27,22,25
16582,18,27,10,44
16583,18,27,30,28
16584,18,27,20,29
16585,18,27,15,43
16586,18,27,23,36
16587,18,27,39,34
16588,18,27,19,27
16589,18,27,29,27
16590,18,27,31,31
16591,18,27,34,19
16592,18,27,42,12
16593,18,27,34,21
16594,18,27,31,30
16595,18,27,31,48
16596,18,27,12,31
16597,18,27,42,11
16598,18,27,13,18
16599,18,27,12,41
16600,18,27,43,35
16601,18,27,30,24
16602,18,27,22,40
16603,18,27,26,20
16604,18,27,15,45
16605,18,27,36,39
16606,18,27,21,33
16607,18,27,41,36
16608,18,27,18,37
16609,18,27,35,43
16610,18,27,19,21
16611,18,27,27,47
16612,18,27,49,17
16613,18,27,43,11
16614,18,27,46,15
16615,18,27,11,45
16616,18,27,49,14
16617,18,27,13,47
16618,18,27,31,29
16619,18,27,13,37
16620,18,27,16,37
16621,18,27,28,19
16622,18,27,41,43
16623,18,27,36,47
16624,18,27,36,23
16625,18,27,36,43
16626,18,27,39,14
16627,18,27,41,45
16628,18,27,10,41
16629,18,27,15,35
16630,18,27,45,24
16631,18,27,38,30
16632,18,27,10,30
16633,18,27,47,30
16634,18,27,14,22
16635,18,27,48,25
16636,18,27,43,37
16637,18,27,21,37
16638,18,27,42,14
16639,18,27,41,20
16640,18,27,11,33
16641,18,27,22,34
16642,18,27,46,47
16643,18,27,19,43
16644,18,27,43,17
16645,18,27,15,32
16646,18,27,10,10
16647,18,27,43,39
16648,18,27,25,26
16649,18,27,48,45
16650,18,27,11,10
16651,18,27,47,25
16652,18,27,33,40
16653,18,27,10,38
16654,18,27,36,49
16655,18,27,12,36
16656,18,27,48,18
16657,18,27,45,41
16658,18,27,48,44
16659,18,27,29,20
16660,18,27,20,12
16661,18,27,39,48
16662,18,27,16,27
16663,18,27,38,17
16664,18,27,44,30
16665,18,27,46,17
16666,18,27,42,22
16667,18,27,20,17
16668,18,27,14,10
16669,18,27,39,32
16670,18,27,25,12
16671,18,27,29,49
16672,18,27,40,30
16673,18,27,19,25
16674,18,27,14,16
16675,18,27,26,47
16676,18,27,40,25
16677,18,27,11,20
16678,18,27,30,31
16679,18,27,45,43
16680,18,27,30,12
16681,18,27,43,39
16682,18,27,37,47
16683,18,27,39,18
16684,18,27,17,35
16685,18,27,32,18
16686,18,27,24,44
16687,18,27,35,26
16688,18,27,10,28
16689,18,27,10,40
16690,18,27,30,41
16691,18,27,24,43
16692,18,27,34,42
16693,18,27,46,41
16694,18,27,23,32
16695,18,27,34,23
16696,18,27,26,12
16697,18,27,28,24
16698,18,27,23,17
16699,18,27,48,18
16700,18,27,24,47
16701,18,27,30,14
16702,18,27,10,27
16703,18,27,37,39
16704,18,27,27,11
16705,18,27,11,42
16706,18,27,22,17
16707,18,27,32,18
16708,18,27,12,18
16709,18,27,32,21
16710,18,27,27,26
16711,18,27,24,42
16712,18,27,36,12
16713,18,27,24,45
16714,18,27,20,12
16715,18,27,34,24
16716,18,27,48,14
16717,18,27,20,12
16718,18,27,17,44
16719,18,27,19,15
16720,18,27,11,33
16721,18,27,39,26
16722,18,27,26,26
16723,18,27,19,40
16724,18,27,23,25
16725,18,27,21,20
16726,18,27,39,47
16727,18,27,44,35
16728,18,27,47,36
16729,18,27,44,48
16730,18,27,21,46
16731,18,27,22,35
16732,18,27,34,12
16733,18,27,11,37
16734,18,27,29,25
16735,18,27,39,20
16736,18,27,14,27
16737,18,27,39,17
16738,18,27,25,22
16739,18,27,46,23
16740,18,27,39,30
16741,18,27,22,22
16742,18,27,11,25
16743,18,27,19,27
16744,18,27,28,44
16745,18,27,16,23
16746,18,27,28,46
16747,18,27,23,40
16748,18,27,23,37
16749,18,27,13,26
16750,18,27,33,32
16751,18,27,47,31
16752,18,27,33,21
16753,18,27,26,33
16754,18,27,29,44
16755,18,27,39,38
16756,18,27,47,27
16757,18,27,38,10
16758,18,27,14,41
16759,18,27,22,26
16760,18,27,48,13
16761,18,27,10,13
16762,18,27,35,35
16763,18,27,39,39
16764,18,27,38,31
16765,18,27,10,23
16766,18,27,43,16
16767,18,27,25,27
16768,18,27,48,38
16769,18,27,23,23
16770,18,27,37,48
16771,18,27,13,42
16772,18,27,35,31
16773,18,27,32,26
16774,18,27,33,42
16775,18,27,12,31
16776,18,27,38,13
16777,18,27,20,44
16778,18,27,21,44
16779,18,27,28,25
16780,18,27,38,31
16781,18,27,25,17
16782,18,27,42,22
16783,18,27,30,12
16784,18,27,15,35
16785,18,27,46,27
16786,18,27,40,41
16787,18,27,24,22
16788,18,27,41,49
16789,18,27,48,25
16790,18,27,27,20
16791,18,27,11,33
16792,18,27,44,33
16793,18,27,12,20
16794,18,27,38,49
16795,18,27,10,46
16796,18,27,19,26
16797,18,27,25,28
16798,18,27,42,29
16799,18,27,49,33
16800,18,27,41,37
16801,18,27,17,47
16802,18,27,35,39
16803,18,27,49,40
16804,18,27,38,11
16805,18,27,11,27
16806,18,27,17,14
16807,18,27,27,36
16808,18,27,14,28
16809,18,27,30,21
16810,18,27,33,37
16811,18,27,36,34
16812,18,27,45,28
16813,18,27,18,18
16814,18,27,39,13
16815,18,27,33,35
16816,18,27,19,16
16817,18,27,14,35
16818,18,27,19,27
16819,18,27,26,37
16820,18,27,41,29
16821,18,27,27,38
16822,18,27,40,16
16823,18,27,39,44
16824,18,27,27,19
16825,18,27,26,13
16826,18,27,30,29
16827,18,27,40,46
16828,18,27,22,16
16829,18,27,25,15
16830,18,27,44,42
16831,18,27,34,37
16832,18,27,42,42
16833,18,27,12,24
16834,18,27,24,47
16835,18,27,26,23
16836,18,27,20,24
16837,18,27,27,41
16838,18,27,49,32
16839,18,27,46,21
16840,18,27,36,25
16841,18,27,19,42
16842,18,27,21,27
16843,18,27,39,10
16844,18,27,12,37
16845,18,27,17,44
16846,18,27,40,45
16847,18,27,19,42
16848,18,27,24,16
16849,18,27,21,10
16850,18,27,30,38
16851,18,27,28,12
16852,18,27,25,43
16853,18,27,33,37
16854,18,27,42,47
16855,18,27,21,37
16856,18,27,16,33
16857,18,27,32,24
16858,18,27,11,11
16859,18,27,40,49
16860,18,27,22,27
16861,18,27,40,27
16862,18,27,42,19
16863,18,27,37,16
16864,18,27,37,32
16865,18,27,28,48
16866,18,27,11,35
16867,18,27,18,35
16868,18,27,31,25
16869,18,27,38,13
16870,18,27,20,39
16871,18,27,15,22
16872,18,27,20,25
16873,18,27,40,36
16874,18,27,23,20
16875,18,27,12,49
16876,18,27,48,13
16877,18,27,41,36
16878,18,27,24,38
16879,18,27,21,27
16880,18,27,20,28
16881,18,27,49,25
16882,18,27,33,36
16883,18,27,44,40
16884,18,27,17,41
16885,18,27,13,29
16886,18,27,49,16
16887,18,27,11,41
16888,18,27,15,12
16889,18,27,15,49
16890,18,27,43,38
16891,18,27,12,42
16892,18,27,28,43
16893,18,27,43,42
16894,18,27,10,42
16895,18,27,27,42
16896,18,27,43,12
16897,18,27,10,18
16898,18,27,21,23
16899,18,27,23,43
16900,18,27,21,25
16901,18,27,46,37
16902,18,27,34,42
16903,18,27,23,25
16904,18,27,32,15
16905,18,27,21,15
16906,18,27,20,12
16907,18,27,46,13
16908,18,27,20,37
16909,18,27,28,39
16910,18,27,11,25
16911,18,27,43,11
16912,18,27,39,48
16913,18,27,49,47
16914,18,27,11,20
16915,18,27,20,27
16916,18,27,45,20
16917,18,27,32,36
16918,18,27,37,21
16919,18,27,37,16
16920,18,27,35,14
16921,18,27,39,11
16922,18,27,16,15
16923,18,27,36,42
16924,18,27,47,10
16925,18,27,25,32
16926,18,27,22,26
16927,18,27,14,20
16928,18,27,36,13
16929,18,27,16,36
16930,18,27,32,47
16931,18,27,46,27
16932,18,27,39,25
16933,18,27,19,11
16934,18,27,40,48
16935,18,27,38,32
16936,18,27,12,15
16937,18,27,12,19
16938,18,27,32,46
16939,18,27,31,34
16940,18,27,45,38
16941,18,27,17,17
16942,18,27,36,43
16943,18,27,38,26
16944,18,27,24,45
16945,18,27,23,40
16946,18,27,33,27
16947,18,27,43,49
16948,18,27,39,23
16949,18,27,14,20
16950,18,27,46,11
16951,18,27,21,21
16952,18,27,29,26
16953,18,27,46,36
16954,18,27,34,38
16955,18,27,39,15
16956,18,27,14,26
16957,18,27,42,26
16958,18,27,48,31
16959,18,27,27,43
16960,18,27,34,45
16961,18,27,45,48
16962,18,27,31,19
16963,18,27,16,45
16964,18,27,25,20
16965,18,27,31,11
16966,18,27,32,40
16967,18,27,17,21
16968,18,27,20,42
16969,18,27,14,27
16970,18,27,38,46
16971,18,27,10,38
16972,18,27,15,46
16973,18,27,35,12
16974,18,27,43,27
16975,18,27,43,14
16976,18,27,39,45
16977,18,27,45,29
16978,18,27,30,30
16979,18,27,18,45
16980,18,27,22,18
16981,18,27,20,32
16982,18,27,30,25
16983,18,27,42,46
16984,18,27,42,32
16985,18,27,27,25
16986,18,27,46,46
16987,18,27,10,48
16988,18,27,44,10
16989,18,27,28,12
16990,18,27,24,18
16991,18,27,26,29
16992,18,27,20,26
16993,18,27,26,39
16994,18,27,21,48
16995,18,27,23,42
16996,18,27,35,31
16997,18,27,13,17
16998,18,27,29,25
16999,18,27,27,36
17000,18,27,15,48
17001,18,27,38,17
17002,18,27,18,46
17003,18,27,14,28
17004,18,27,30,25
17005,18,27,47,46
17006,18,27,46,10
17007,18,27,16,32
17008,18,27,35,46
17009,18,27,40,13
17010,18,27,31,42
17011,18,27,22,35
17012,18,27,10,37
17013,18,27,11,44
17014,18,27,22,12
17015,18,27,27,13
17016,18,27,46,46
17017,18,27,14,36
17018,18,27,18,48
17019,18,27,44,37
17020,18,27,39,47
17021,18,27,35,41
17022,18,27,47,43
17023,18,27,43,41
17024,18,27,14,39
17025,18,27,35,28
17026,18,27,36,46
17027,18,27,12,14
17028,18,27,46,48
17029,18,27,42,22
17030,18,27,43,26
17031,18,27,44,49
17032,18,27,42,24
17033,18,27,20,34
17034,18,27,40,15
17035,18,27,19,48
17036,18,27,40,49
17037,18,27,31,45
17038,18,27,20,17
17039,18,27,47,23
17040,18,27,21,12
17041,18,27,21,29
17042,18,27,38,32
17043,18,27,19,22
17044,18,27,12,27
17045,18,27,32,25
17046,18,27,25,47
17047,18,27,38,40
17048,18,27,22,44
17049,18,27,48,31
17050,18,27,12,36
17051,18,27,35,28
17052,18,27,27,12
17053,18,27,47,10
17054,18,27,25,40
17055,18,27,18,37
17056,18,27,15,47
17057,18,27,34,46
17058,18,27,15,25
17059,18,27,35,28
17060,18,27,48,14
17061,18,27,35,21
17062,18,27,16,12
17063,18,27,15,12
17064,18,27,12,48
17065,18,27,18,13
17066,18,27,40,43
17067,18,27,13,29
17068,18,27,13,15
17069,18,27,35,32
17070,18,27,23,15
17071,18,27,15,30
17072,18,27,41,37
17073,18,27,29,31
17074,18,27,13,39
17075,18,27,43,36
17076,18,27,11,20
17077,18,27,21,32
17078,18,27,32,33
17079,18,27,35,15
17080,18,27,14,11
17081,18,27,34,41
17082,18,27,14,40
17083,18,27,35,27
17084,18,27,37,12
17085,18,27,32,15
17086,18,27,26,22
17087,18,27,19,14
17088,18,27,42,24
17089,18,27,29,38
17090,18,27,21,12
17091,18,27,36,20
17092,18,27,10,11
17093,18,27,40,15
17094,18,27,36,23
17095,18,27,32,24
17096,18,27,35,27
17097,18,27,34,34
17098,18,27,30,15
17099,18,27,22,14
17100,18,27,32,27
17101,18,27,35,27
17102,18,27,36,30
17103,18,27,28,12
17104,18,27,14,26
17105,18,27,33,36
17106,18,27,22,40
17107,18,27,45,41
17108,18,27,38,38
17109,18,27,37,34
17110,18,27,37,23
17111,18,27,22,41
17112,18,27,11,18
17113,18,27,32,41
17114,18,27,30,10
17115,18,27,32,26
17116,18,27,10,45
17117,18,27,14,30
17118,18,27,30,12
17119,18,27,45,24
17120,18,27,15,41
17121,18,27,49,13
17122,18,27,44,49
17123,18,27,20,44
17124,18,27,11,45
17125,18,27,39,28
17126,18,27,38,11
17127,18,27,27,13
17128,18,27,43,19
17129,18,27,38,15
17130,18,27,31,10
17131,18,27,46,29
17132,18,27,31,32
17133,18,27,20,41
17134,18,27,23,37
17135,18,27,12,41
17136,18,27,36,24
17137,18,27,44,38
17138,18,27,46,39
17139,18,27,28,46
17140,18,27,49,19
17141,18,27,45,23
17142,18,27,29,49
17143,18,27,24,47
17144,18,27,47,27
17145,18,27,44,22
17146,18,27,47,32
17147,18,27,28,23
17148,18,27,10,35
17149,18,27,31,24
17150,18,27,17,13
17151,18,27,38,27
17152,18,27,27,49
17153,18,27,29,42
17154,18,27,29,44
17155,18,27,39,48
17156,18,27,20,43
17157,18,27,12,37
17158,18,27,46,12
17159,18,27,27,44
17160,18,27,16,11
17161,18,27,24,35
17162,18,27,39,10
17163,18,27,42,45
17164,18,27,21,24
17165,18,27,13,21
17166,18,27,40,30
17167,18,27,19,46
17168,18,27,14,13
17169,18,27,47,31
17170,18,27,20,23
17171,18,27,49,30
17172,18,27,48,48
17173,18,27,26,24
17174,18,27,13,26
17175,18,27,20,48
17176,18,27,42,41
17177,18,27,29,13
17178,18,27,24,36
17179,18,27,42,24
17180,18,27,46,43
17181,18,27,35,19
17182,18,27,46,14
17183,18,27,43,38
17184,18,27,16,46
17185,18,27,40,24
17186,18,27,45,45
17187,18,27,35,37
17188,18,27,37,26
17189,18,27,25,14
17190,18,27,19,10
17191,18,27,17,48
17192,18,27,39,39
17193,18,27,30,23
17194,18,27,26,42
17195,18,27,33,16
17196,18,27,24,25
17197,18,27,49,28
17198,18,27,16,32
17199,18,27,40,14
17200,18,27,25,48
17201,18,27,45,29
17202,18,27,20,19
17203,18,27,48,16
17204,18,27,26,16
17205,18,27,10,28
17206,18,27,36,22
17207,18,27,20,15
17208,18,27,29,29
17209,18,27,10,43
17210,18,27,47,29
17211,18,27,49,16
17212,18,27,33,14
17213,18,27,17,18
17214,18,27,16,17
17215,18,27,35,42
17216,18,27,32,33
17217,18,27,21,47
17218,18,27,12,24
17219,18,27,36,13
17220,18,27,37,27
17221,18,27,37,32
17222,18,27,43,45
17223,18,27,44,14
17224,18,27,20,25
17225,18,27,39,36
17226,18,27,41,33
17227,18,27,16,40
17228,18,27,41,16
17229,18,27,11,16
17230,18,27,15,25
17231,18,27,49,33
17232,18,27,36,34
17233,18,27,37,29
17234,18,27,20,12
17235,18,27,48,42
17236,18,27,19,42
17237,18,27,34,28
17238,18,27,10,13
17239,18,27,12,19
17240,18,27,40,19
17241,18,27,19,41
17242,18,27,37,46
17243,18,27,12,42
17244,18,27,10,30
17245,18,27,19,42
17246,18,27,17,24
17247,18,27,21,26
17248,18,27,33,14
17249,18,27,49,46
17250,18,27,33,17
17251,18,27,29,18
17252,18,27,46,37
17253,18,27,15,38
17254,18,27,39,32
17255,18,27,32,40
17256,18,27,11,15
17257,18,27,17,20
17258,18,27,44,47
17259,18,27,30,34
17260,18,27,46,43
17261,18,27,11,15
17262,18,27,20,37
17263,18,27,42,40
17264,18,27,39,27
17265,18,27,29,44
17266,18,27,39,29
17267,18,27,12,47
17268,18,27,15,46
17269,18,27,16,22
17270,18,27,37,27
17271,18,27,42,40
17272,18,27,27,17
17273,18,27,23,18
17274,18,27,10,33
17275,18,27,47,26
17276,18,27,27,34
17277,18,27,20,42
17278,18,27,14,29
17279,18,27,31,13
17280,18,27,47,37
17281,18,27,26,33
17282,18,27,49,13
17283,18,27,31,26
17284,18,27,11,39
17285,18,27,45,44
17286,18,27,20,29
17287,18,27,13,46
17288,18,27,32,42
17289,18,27,11,34
17290,18,27,28,17
17291,18,27,21,41
17292,18,27,11,46
17293,18,27,31,21
17294,18,27,43,31
17295,18,27,35,35
17296,18,27,28,31
17297,18,27,32,18
17298,18,27,25,39
17299,18,27,27,43
17300,18,27,40,26
17301,18,27,16,28
17302,18,27,11,36
17303,18,27,28,19
17304,18,27,22,47
17305,18,27,34,16
17306,18,27,48,20
17307,18,27,17,23
17308,18,27,39,39
17309,18,27,18,39
17310,18,27,27,18
17311,18,27,43,48
17312,18,27,38,46
17313,18,27,20,45
17314,18,27,19,47
17315,18,27,42,44
17316,18,27,37,43
17317,18,27,46,17
17318,18,27,34,29
17319,18,27,20,24
17320,18,27,23,44
17321,18,27,35,43
17322,18,27,16,33
17323,18,27,34,10
17324,18,27,38,37
17325,18,27,24,10
17326,18,27,37,29
17327,18,27,30,26
17328,18,27,15,45
17329,18,27,47,21
17330,18,27,25,48
17331,18,27,40,36
17332,18,27,13,45
17333,18,27,28,38
17334,18,27,19,31
17335,18,27,39,45
17336,18,27,45,29
17337,18,27,43,12
17338,18,27,40,17
17339,18,27,42,26
17340,18,27,48,38
17341,18,27,14,41
17342,18,27,17,19
17343,18,27,23,47
17344,18,27,28,41
17345,18,27,28,43
17346,18,27,43,22
17347,18,27,10,24
17348,18,27,49,16
17349,18,27,29,18
17350,18,27,40,34
17351,18,27,36,38
17352,18,27,25,25
17353,18,27,36,11
17354,18,27,12,32
17355,18,27,11,20
17356,18,27,14,12
17357,18,27,41,26
17358,18,27,12,41
17359,18,27,11,17
17360,18,27,21,41
17361,18,27,11,25
17362,18,27,48,30
17363,18,27,26,17
17364,18,27,25,21
17365,18,27,26,25
17366,18,27,17,24
17367,18,27,48,30
17368,18,27,48,38
17369,18,27,19,32
17370,18,27,47,29
17371,18,27,12,42
17372,18,27,23,39
17373,18,27,42,44
17374,18,27,40,48
17375,18,27,37,26
17376,18,27,34,21
17377,18,27,25,37
17378,18,27,14,23
17379,18,27,23,49
17380,18,27,37,32
17381,18,27,46,13
17382,18,27,45,14
17383,18,27,27,23
17384,18,27,39,46
17385,18,27,36,28
17386,18,27,25,10
17387,18,27,15,17
17388,18,27,27,26
17389,18,27,29,38
17390,18,27,32,40
17391,18,27,41,14
17392,18,27,31,14
17393,18,27,42,19
17394,18,27,48,36
17395,18,27,38,46
17396,18,27,38,45
17397,18,27,40,23
17398,18,27,48,16
17399,18,27,20,34
17400,18,27,24,22
17401,18,27,44,17
17402,18,27,34,18
17403,18,27,38,38
17404,18,27,26,11
17405,18,27,47,25
17406,18,27,19,13
17407,18,27,45,27
17408,18,27,25,48
17409,18,27,44,15
17410,18,27,46,18
17411,18,27,32,23
17412,18,27,45,45
17413,18,27,35,13
17414,18,27,24,29
17415,18,27,45,23
17416,18,27,27,38
17417,18,27,31,35
17418,18,27,44,16
17419,18,27,24,49
17420,18,27,46,13
17421,18,27,30,19
17422,18,27,29,15
17423,18,27,11,28
17424,18,27,35,27
17425,18,27,20,32
17426,18,27,40,11
17427,18,27,20,25
17428,18,27,29,35
17429,18,27,28,44
17430,18,27,45,19
17431,18,27,49,25
17432,18,27,49,40
17433,18,27,39,12
17434,18,27,29,27
17435,18,27,25,41
17436,18,27,49,31
17437,18,27,24,23
17438,18,27,34,43
17439,18,27,16,14
17440,18,27,46,15
17441,18,27,30,16
17442,18,27,12,38
17443,18,27,12,45
17444,18,27,20,32
17445,18,27,11,36
17446,18,27,17,47
17447,18,27,41,37
17448,18,27,13,32
17449,18,27,16,39
17450,18,27,28,31
17451,18,27,33,42
17452,18,27,13,16
17453,18,27,43,24
17454,18,27,42,23
17455,18,27,47,13
17456,18,27,47,10
17457,18,27,35,41
17458,18,27,18,13
17459,18,27,47,24
17460,18,27,43,17
17461,18,27,22,32
17462,18,27,27,33
17463,18,27,39,19
17464,18,27,34,14
17465,18,27,23,44
17466,18,27,39,38
17467,18,27,41,48
17468,18,27,13,26
17469,18,27,23,10
17470,18,27,18,33
17471,18,27,22,25
17472,18,27,25,47
17473,18,27,15,19
17474,18,27,14,47
17475,18,27,30,41
17476,18,27,43,37
17477,18,27,36,49
17478,18,27,13,19
17479,18,27,15,46
17480,18,27,26,47
17481,18,27,36,23
17482,18,27,38,23
17483,18,27,24,35
17484,18,27,11,41
17485,18,27,12,45
17486,18,27,25,44
17487,18,27,40,34
17488,18,27,44,30
17489,18,27,25,42
17490,18,27,33,38
17491,18,27,14,29
17492,18,27,15,22
17493,18,27,28,45
17494,18,27,23,49
17495,18,27,11,43
17496,18,27,18,43
17497,18,27,21,46
17498,18,27,29,22
17499,18,27,12,14
17500,18,27,21,39
17501,18,27,12,22
17502,18,27,32,21
17503,18,27,49,23
17504,18,27,29,30
17505,18,27,41,18
17506,18,27,33,35
17507,18,27,12,40
17508,18,27,35,24
17509,18,27,39,43
17510,18,27,25,49
17511,18,27,34,34
17512,18,27,10,39
17513,18,27,36,21
17514,18,27,27,21
17515,18,27,38,49
17516,18,27,15,26
17517,18,27,21,17
17518,18,27,18,20
17519,18,27,11,18
17520,18,27,23,36
17521,18,27,15,34
17522,18,27,48,37
17523,18,27,32,38
17524,18,27,33,48
17525,18,27,41,14
17526,18,27,48,25
17527,18,27,32,15
17528,18,27,48,15
17529,18,27,49,12
17530,18,27,47,28
17531,18,27,16,49
17532,18,27,16,32
17533,18,27,18,10
17534,18,27,44,24
17535,18,27,46,42
17536,18,27,16,13
17537,18,27,40,12
17538,18,27,21,49
17539,18,27,29,48
17540,18,27,17,41
17541,18,27,48,15
17542,18,27,14,24
17543,18,27,47,19
17544,18,27,33,26
17545,18,27,48,19
17546,18,27,29,17
17547,18,27,37,47
17548,18,27,14,23
17549,18,27,48,40
17550,18,27,49,30
17551,18,27,12,43
17552,18,27,46,10
17553,18,27,42,23
17554,18,27,17,39
17555,18,27,18,40
17556,18,27,12,33
17557,18,27,46,40
17558,18,27,42,45
17559,18,27,32,43
17560,18,27,46,13
17561,18,27,11,36
17562,18,27,43,33
17563,18,27,38,49
17564,18,27,49,10
17565,18,27,41,20
17566,18,27,38,33
17567,18,27,43,25
17568,18,27,28,42
17569,18,27,40,13
17570,18,27,38,43
17571,18,27,22,32
17572,18,27,45,27
17573,18,27,45,23
17574,18,27,30,39
17575,18,27,48,10
17576,18,27,20,22
17577,18,27,19,42
17578,18,27,25,20
17579,18,27,45,17
17580,18,27,39,47
17581,18,27,42,36
17582,18,27,24,40
17583,18,27,21,47
17584,18,27,36,18
17585,18,27,14,40
17586,18,27,27,42
17587,18,27,13,45
17588,18,27,32,37
17589,18,27,38,32
17590,18,27,12,13
17591,18,27,28,28
17592,18,27,26,36
17593,18,27,14,31
17594,18,27,22,11
17595,18,27,37,19
17596,18,27,23,47
17597,18,27,14,48
17598,18,27,34,13
17599,18,27,40,46
17600,18,27,26,13
17601,18,27,23,41
17602,18,27,39,45
17603,18,27,35,49
17604,18,27,16,37
17605,18,27,20,10
17606,18,27,33,26
17607,18,27,39,22
17608,18,27,46,34
17609,18,27,15,38
17610,18,27,21,45
17611,18,27,25,16
17612,18,27,44,43
17613,18,27,20,45
17614,18,27,28,21
17615,18,27,14,18
17616,18,27,25,37
17617,18,27,29,40
17618,18,27,13,14
17619,18,27,13,27
17620,18,27,12,47
17621,18,27,31,12
17622,18,27,16,41
17623,18,27,30,46
17624,18,27,34,46
17625,18,27,29,31
17626,18,27,25,19
17627,18,27,25,32
17628,18,27,32,27
17629,18,27,46,46
17630,18,27,14,26
17631,18,27,47,29
17632,18,27,38,14
17633,18,27,18,24
17634,18,27,34,49
17635,18,27,33,38
17636,18,27,14,32
17637,18,27,12,19
17638,18,27,33,36
17639,18,27,14,21
17640,18,27,15,49
17641,18,27,42,24
17642,18,27,25,23
17643,18,27,29,38
17644,18,27,39,32
17645,18,27,19,36
17646,18,27,43,30
17647,18,27,25,43
17648,18,27,20,18
17649,18,27,34,19
17650,18,27,18,22
17651,18,27,22,40
17652,18,27,42,33
17653,18,27,21,13
17654,18,27,25,10
17655,18,27,21,17
17656,18,27,17,44
17657,18,27,17,26
17658,18,27,23,44
17659,18,27,32,29
17660,18,27,28,19
17661,18,27,39,33
17662,18,27,32,42
17663,18,27,27,27
17664,18,27,19,47
17665,18,27,11,48
17666,18,27,39,41
17667,18,27,47,46
17668,18,27,40,47
17669,18,27,44,23
17670,18,27,14,36
17671,18,27,49,15
17672,18,27,25,23
17673,18,27,29,37
17674,18,27,44,37
17675,18,27,20,44
17676,18,27,40,19
17677,18,27,17,13
17678,18,27,11,33
17679,18,27,17,39
17680,18,27,27,39
17681,18,27,10,28
17682,18,27,31,14
17683,18,27,15,26
17684,18,27,49,30
17685,18,27,34,45
17686,18,27,30,25
17687,18,27,49,18
17688,18,27,20,22
17689,18,27,10,47
17690,18,27,43,14
17691,18,27,18,16
17692,18,27,48,25
17693,18,27,34,41
17694,18,27,12,46
17695,18,27,35,22
17696,18,27,28,39
17697,18,27,36,13
17698,18,27,12,23
17699,18,27,21,44
17700,18,27,47,13
17701,18,27,16,36
17702,18,27,19,41
17703,18,27,47,29
17704,18,27,48,27
17705,18,27,21,16
17706,18,27,36,38
17707,18,27,23,44
17708,18,27,38,21
17709,18,27,38,37
17710,18,27,22,25
17711,18,27,26,15
17712,18,27,37,33
17713,18,27,28,20
17714,18,27,33,13
17715,18,27,46,19
17716,18,27,45,24
17717,18,27,23,48
17718,18,27,18,18
17719,18,27,42,19
17720,18,27,21,17
17721,18,27,34,30
17722,18,27,44,31
17723,18,27,13,16
17724,18,27,26,15
17725,18,27,10,44
17726,18,27,22,46
17727,18,27,13,27
17728,18,27,24,38
17729,18,27,29,29
17730,18,27,39,31
17731,18,27,36,45
17732,18,27,40,13
17733,18,27,25,14
17734,18,27,10,29
17735,18,27,33,22
17736,18,27,33,19
17737,18,27,19,25
17738,18,27,29,43
17739,18,27,40,27
17740,18,27,10,43
17741,18,27,23,14
17742,18,27,21,40
17743,18,27,31,46
17744,18,27,43,10
17745,18,27,41,10
17746,18,27,20,35
17747,18,27,44,42
17748,18,27,15,23
17749,18,27,47,34
17750,18,27,41,26
17751,18,27,31,27
17752,18,27,16,16
17753,18,27,43,34
17754,18,27,43,17
17755,18,27,44,42
17756,18,27,30,34
17757,18,27,46,34
17758,18,27,48,15
17759,18,27,37,40
17760,18,27,40,44
17761,18,27,27,39
17762,18,27,28,21
17763,18,27,16,44
17764,18,27,45,26
17765,18,27,37,26
17766,18,27,19,39
17767,18,27,36,39
17768,18,27,16,20
17769,18,27,40,42
17770,18,27,47,14
17771,18,27,20,26
17772,18,27,32,33
17773,18,27,11,11
17774,18,27,33,36
17775,18,27,39,47
17776,18,27,49,23
17777,18,27,28,32
17778,18,27,12,17
17779,18,27,44,45
17780,18,27,26,49
17781,18,27,47,37
17782,18,27,25,22
17783,18,27,16,16
17784,18,27,30,23
17785,18,27,49,32
17786,18,27,32,25
17787,18,27,15,37
17788,18,27,28,16
17789,18,27,16,32
17790,18,27,19,24
17791,18,27,28,16
17792,18,27,15,34
17793,18,27,33,15
17794,18,27,30,12
17795,18,27,26,12
17796,18,27,37,47
17797,18,27,46,46
17798,18,27,35,45
17799,18,27,14,18
17800,18,27,27,22
17801,18,27,39,25
17802,18,27,10,31
17803,18,27,38,31
17804,18,27,12,15
17805,18,27,26,26
17806,18,27,41,44
17807,18,27,42,47
17808,18,27,43,21
17809,18,27,18,19
17810,18,27,44,35
17811,18,27,45,10
17812,18,27,22,10
17813,18,27,49,47
17814,18,27,42,41
17815,18,27,15,19
17816,18,27,17,47
17817,18,27,29,33
17818,18,27,39,19
17819,18,27,33,10
17820,18,27,45,49
17821,18,27,28,29
17822,18,27,24,49
17823,18,27,16,15
17824,18,27,31,22
17825,18,27,36,17
17826,18,27,38,18
17827,18,27,46,25
17828,18,27,49,14
17829,18,27,32,17
17830,18,27,46,46
17831,18,27,16,25
17832,18,27,12,18
17833,18,27,10,30
17834,18,27,35,23
17835,18,27,14,37
17836,18,27,33,48
17837,18,27,16,25
17838,18,27,21,47
17839,18,27,13,30
17840,18,27,27,30
17841,18,27,40,30
17842,18,27,12,14
17843,18,27,32,44
17844,18,27,21,24
17845,18,27,12,39
17846,18,27,23,13
17847,18,27,18,31
17848,18,27,40,37
17849,18,27,12,14
17850,18,27,39,19
17851,18,27,23,29
17852,18,27,20,34
17853,18,27,23,39
17854,18,27,14,18
17855,18,27,37,38
17856,18,27,27,25
17857,18,27,31,33
17858,18,27,23,33
17859,18,27,46,11
17860,18,27,23,20
17861,18,27,41,38
17862,18,27,18,37
17863,18,27,18,48
17864,18,27,29,38
17865,18,27,37,18
17866,18,27,40,41
17867,18,27,28,49
17868,18,27,16,21
17869,18,27,19,20
17870,18,27,38,19
17871,18,27,20,12
17872,18,27,35,43
17873,18,27,45,44
17874,18,27,24,40
17875,18,27,35,24
17876,18,27,28,42
17877,18,27,32,18
17878,18,27,43,20
17879,18,27,10,24
17880,18,27,29,40
17881,18,27,27,25
17882,18,27,42,21
17883,18,27,26,10
17884,18,27,49,23
17885,18,27,44,16
17886,18,27,26,24
17887,18,27,18,14
17888,18,27,42,18
17889,18,27,17,37
17890,18,27,17,10
17891,18,27,48,17
17892,18,27,21,44
17893,18,27,10,13
17894,18,27,17,49
17895,18,27,24,17
17896,18,27,14,12
17897,18,27,39,15
17898,18,27,22,11
17899,18,27,39,25
17900,18,27,24,41
17901,18,27,34,28
17902,18,27,26,46
17903,18,27,40,34
17904,18,27,12,40
17905,18,27,46,40
17906,18,27,36,32
17907,18,27,45,26
17908,18,27,12,24
17909,18,27,28,18
17910,18,27,40,12
17911,18,27,26,32
17912,18,27,38,24
17913,18,27,33,39
17914,18,27,47,14
17915,18,27,34,16
17916,18,27,45,10
17917,18,27,12,36
17918,18,27,43,32
17919,18,27,45,17
17920,18,27,46,47
17921,18,27,46,21
17922,18,27,13,22
17923,18,27,35,27
17924,18,27,11,30
17925,18,27,11,11
17926,18,27,43,44
17927,18,27,26,16
17928,18,27,34,49
17929,18,27,11,29
17930,18,27,34,15
17931,18,27,14,45
17932,18,27,14,48
17933,18,27,20,10
17934,18,27,49,26
17935,18,27,48,22
17936,18,27,41,14
17937,18,27,30,25
17938,18,27,26,24
17939,18,27,29,10
17940,18,27,23,18
17941,18,27,10,37
17942,18,27,23,11
17943,18,27,39,19
17944,18,27,10,41
17945,18,27,47,20
17946,18,27,33,48
17947,18,27,25,10
17948,18,27,38,30
17949,18,27,39,41
17950,18,27,20,30
17951,18,27,36,23
17952,18,27,46,43
17953,18,27,13,38
17954,18,27,13,17
17955,18,27,36,47
17956,18,27,27,40
17957,18,27,36,15
17958,18,27,23,13
17959,18,27,33,11
17960,18,27,21,40
17961,18,27,19,15
17962,18,27,10,25
17963,18,27,35,17
17964,18,27,21,30
17965,18,27,40,19
17966,18,27,32,31
17967,18,27,49,43
17968,18,27,37,35
17969,18,27,44,31
17970,18,27,47,41
17971,18,27,36,22
17972,18,27,34,11
17973,18,27,35,18
17974,18,27,21,27
17975,18,27,33,45
17976,18,27,21,44
17977,18,27,48,31
17978,18,27,34,27
17979,18,27,22,35
17980,18,27,19,20
17981,18,27,43,28
17982,18,27,21,18
17983,18,27,13,13
17984,18,27,11,27
17985,18,27,31,29
17986,18,27,11,14
17987,18,27,47,32
17988,18,27,41,37
17989,18,27,14,19
17990,18,27,23,13
17991,18,27,30,20
17992,18,27,32,44
17993,18,27,18,42
17994,18,27,47,10
17995,18,27,46,27
17996,18,27,24,38
17997,18,27,11,39
17998,18,27,45,44
17999,18,27,31,43
18000,18,27,40,28
18001,18,27,24,24
18002,18,27,38,20
18003,18,27,13,41
18004,18,27,39,29
18005,18,27,16,39
18006,18,27,29,48
18007,18,27,18,31
18008,18,27,39,21
18009,18,27,49,11
18010,18,27,17,10
18011,18,27,25,32
18012,18,27,42,25
18013,18,27,38,12
18014,18,27,10,25
18015,18,27,30,16
18016,18,27,19,14
18017,18,27,14,12
18018,18,27,28,25
18019,18,27,42,26
18020,18,27,26,45
18021,18,27,26,26
18022,18,27,10,34
18023,18,27,13,43
18024,18,27,24,19
18025,18,27,24,34
18026,18,27,46,23
18027,18,27,25,27
18028,18,27,28,39
18029,18,27,48,25
18030,18,27,41,15
18031,18,27,31,17
18032,18,27,15,20
18033,18,27,22,30
18034,18,27,18,27
18035,18,27,41,19
18036,18,27,23,33
18037,18,27,37,37
18038,18,27,29,13
18039,18,27,12,34
18040,18,27,31,12
18041,18,27,17,17
18042,18,27,22,33
18043,18,27,40,34
18044,18,27,16,45
18045,18,27,30,32
18046,18,27,11,22
18047,18,27,15,20
18048,18,27,40,35
18049,18,27,37,16
18050,18,27,34,42
18051,18,27,22,46
18052,18,27,16,39
18053,18,27,13,37
18054,18,27,21,15
18055,18,27,11,20
18056,18,27,38,35
18057,18,27,28,36
18058,18,27,15,25
18059,18,27,22,40
18060,18,27,33,21
18061,18,27,28,45
18062,18,27,17,45
18063,18,27,30,49
18064,18,27,47,16
18065,18,27,48,11
18066,18,27,42,41
18067,18,27,39,36
18068,18,27,19,44
18069,18,27,27,27
18070,18,27,26,10
18071,18,27,26,45
18072,18,27,41,44
18073,18,27,43,11
18074,18,27,11,19
18075,18,27,16,41
18076,18,27,45,44
18077,18,27,18,47
18078,18,27,31,34
18079,18,27,35,18
18080,18,27,29,47
18081,18,27,19,14
18082,18,27,35,29
18083,18,27,13,27
18084,18,27,12,12
18085,18,27,26,44
18086,18,27,21,31
18087,18,27,32,24
18088,18,27,44,20
18089,18,27,26,18
18090,18,27,35,20
18091,18,27,47,21
18092,18,27,38,37
18093,18,27,24,45
18094,18,27,37,44
18095,18,27,17,19
18096,18,27,32,15
18097,18,27,48,21
18098,18,27,19,39
18099,18,27,42,38
18100,18,27,39,40
18101,18,27,23,39
18102,18,27,32,41
18103,18,27,22,37
18104,18,27,37,18
18105,18,27,49,42
18106,18,27,43,15
18107,18,27,38,26
18108,18,27,10,42
18109,18,27,30,11
18110,18,27,42,26
18111,18,27,24,43
18112,18,27,26,12
18113,18,27,30,16
18114,18,27,43,22
18115,18,27,15,37
18116,18,27,21,15
18117,18,27,44,46
18118,18,27,19,12
18119,18,27,32,26
18120,18,27,32,16
18121,18,27,45,36
18122,18,27,37,32
18123,18,27,41,15
18124,18,27,37,47
18125,18,27,40,21
18126,18,27,11,41
18127,18,27,26,17
18128,18,27,13,37
18129,18,27,46,41
18130,18,27,18,23
18131,18,27,28,14
18132,18,27,32,18
18133,18,27,41,43
18134,18,27,31,16
18135,18,27,19,14
18136,18,27,34,23
18137,18,27,12,44
18138,18,27,41,24
18139,18,27,11,44
18140,18,27,16,26
18141,18,27,25,18
18142,18,27,15,15
18143,18,27,21,37
18144,18,27,43,37
18145,18,27,23,49
18146,18,27,40,35
18147,18,27,29,37
18148,18,27,14,29
18149,18,27,36,35
18150,18,27,17,42
18151,18,27,24,39
18152,18,27,19,47
18153,18,27,41,25
18154,18,27,27,41
18155,18,27,32,17
18156,18,27,19,20
18157,18,27,39,11
18158,18,27,27,11
18159,18,27,14,44
18160,18,27,20,42
18161,18,27,12,37
18162,18,27,21,19
18163,18,27,20,18
18164,18,27,33,44
18165,18,27,36,33
18166,18,27,38,25
18167,18,27,32,19
18168,18,27,20,46
18169,18,27,16,41
18170,18,27,28,11
18171,18,27,48,14
18172,18,27,44,43
18173,18,27,19,21
18174,18,27,25,25
18175,18,27,40,45
18176,18,27,23,29
18177,18,27,35,49
18178,18,27,23,30
18179,18,27,13,22
18180,18,27,35,25
18181,18,27,32,37
18182,18,27,16,32
18183,18,27,30,38
18184,18,27,19,11
18185,18,27,30,30
18186,18,27,46,33
18187,18,27,21,19
18188,18,27,37,23
18189,18,27,30,24
18190,18,27,19,31
18191,18,27,43,15
18192,18,27,49,16
18193,18,27,35,42
18194,18,27,44,16
18195,18,27,35,26
18196,18,27,43,26
18197,18,27,44,48
18198,18,27,19,29
18199,18,27,40,11
18200,18,27,28,20
18201,18,27,23,33
18202,18,27,45,19
18203,18,27,23,46
18204,18,27,32,33
18205,18,27,44,29
18206,18,27,29,41
18207,18,27,21,45
18208,18,27,33,31
18209,18,27,32,44
18210,18,27,24,39
18211,18,27,43,46
18212,18,27,20,42
18213,18,27,24,16
18214,18,27,47,20
18215,18,27,12,30
18216,18,27,20,26
18217,18,27,20,19
18218,18,27,11,39
18219,18,27,39,32
18220,18,27,31,35
18221,18,27,31,23
18222,18,27,12,43
18223,18,27,31,37
18224,18,27,38,18
18225,18,27,48,44
18226,18,27,39,10
18227,18,27,16,26
18228,18,27,38,28
18229,18,27,11,43
18230,18,27,27,33
18231,18,27,18,16
18232,18,27,21,34
18233,18,27,38,32
18234,18,27,22,28
18235,18,27,18,38
18236,18,27,29,41
18237,18,27,19,37
18238,18,27,48,11
18239,18,27,42,47
18240,18,27,42,11
18241,18,27,37,40
18242,18,27,42,14
18243,18,27,36,44
18244,18,27,11,24
18245,18,27,47,15
18246,18,27,27,49
18247,18,27,35,21
18248,18,27,44,21
18249,18,27,48,39
18250,18,27,10,42
18251,18,27,46,18
18252,18,27,21,44
18253,18,27,30,49
18254,18,27,12,10
18255,18,27,19,32
18256,18,27,31,21
18257,18,27,25,29
18258,18,27,39,32
18259,18,27,49,13
18260,18,27,30,36
18261,18,27,46,18
18262,18,27,30,39
18263,18,27,14,22
18264,18,27,43,29
18265,18,27,27,36
18266,18,27,12,32
18267,18,27,27,22
18268,18,27,47,36
18269,18,27,21,31
18270,18,27,40,10
18271,18,27,32,44
18272,18,27,44,18
18273,18,27,28,26
18274,18,27,27,29
18275,18,27,34,42
18276,18,27,41,22
18277,18,27,46,49
18278,18,27,31,37
18279,18,27,44,35
18280,18,27,10,19
18281,18,27,25,10
18282,18,27,49,39
18283,18,27,46,10
18284,18,27,17,44
18285,18,27,43,43
18286,18,27,25,32
18287,18,27,40,34
18288,18,27,14,38
18289,18,27,49,18
18290,18,27,29,26
18291,18,27,19,23
18292,18,27,38,11
18293,18,27,40,46
18294,18,27,44,38
18295,18,27,21,18
18296,18,27,31,49
18297,18,27,45,21
18298,18,27,26,14
18299,18,27,32,25
18300,18,27,18,31
18301,18,27,44,49
18302,18,27,42,28
18303,18,27,39,44
18304,18,27,34,33
18305,18,27,42,13
18306,18,27,45,15
18307,18,27,33,32
18308,18,27,17,45
18309,18,27,49,38
18310,18,27,14,12
18311,18,27,21,32
18312,18,27,12,31
18313,18,27,18,44
18314,18,27,15,28
18315,18,27,31,36
18316,18,27,31,45
18317,18,27,34,41
18318,18,27,48,27
18319,18,27,15,12
18320,18,27,11,47
18321,18,27,18,34
18322,18,27,28,46
18323,18,27,18,19
18324,18,27,42,41
18325,18,27,19,39
18326,18,27,35,47
18327,18,27,28,44
18328,18,27,16,29
18329,18,27,13,14
18330,18,27,47,48
18331,18,27,25,19
18332,18,27,12,13
18333,18,27,28,36
18334,18,27,32,33
18335,18,27,23,49
18336,18,27,23,18
18337,18,27,27,18
18338,18,27,33,19
18339,18,27,35,37
18340,18,27,45,31
18341,18,27,21,47
18342,18,27,12,19
18343,18,27,21,25
18344,18,27,26,18
18345,18,27,23,32
18346,18,27,16,40
18347,18,27,32,48
18348,18,27,22,13
18349,18,27,23,28
18350,18,27,39,44
18351,18,27,44,27
18352,18,27,40,37
18353,18,27,35,35
18354,18,27,28,27
18355,18,27,26,44
18356,18,27,45,25
18357,18,27,26,26
18358,18,27,25,36
18359,18,27,40,23
18360,18,27,29,24
18361,18,27,34,30
18362,18,27,49,13
18363,18,27,27,29
18364,18,27,23,43
18365,18,27,16,14
18366,18,27,30,14
18367,18,27,39,47
18368,18,27,40,11
18369,18,27,14,34
18370,18,27,28,24
18371,18,27,41,30
18372,18,27,39,39
18373,18,27,30,10
18374,18,27,46,17
18375,18,27,20,28
18376,18,27,20,10
18377,18,27,29,43
18378,18,27,13,29
18379,18,27,31,31
18380,18,27,12,36
18381,18,27,36,12
18382,18,27,30,43
18383,18,27,12,27
18384,18,27,31,14
18385,18,27,12,30
18386,18,27,38,15
18387,18,27,36,14
18388,18,27,39,41
18389,18,27,35,49
18390,18,27,18,20
18391,18,27,37,12
18392,18,27,24,47
18393,18,27,19,28
18394,18,27,15,29
18395,18,27,16,38
18396,18,27,49,40
18397,18,27,19,17
18398,18,27,44,35
18399,18,27,34,27
18400,18,27,19,29
18401,18,27,20,46
18402,18,27,26,15
18403,18,27,31,28
18404,18,27,27,24
18405,18,27,34,31
18406,18,27,41,13
18407,18,27,26,28
18408,18,27,25,47
18409,18,27,28,30
18410,18,27,38,10
18411,18,27,13,34
18412,18,27,23,39
18413,18,27,47,13
18414,18,27,16,30
18415,18,27,38,26
18416,18,27,11,11
18417,18,27,38,14
18418,18,27,37,49
18419,18,27,45,31
18420,18,27,26,16
18421,18,27,13,22
18422,18,27,42,16
18423,18,27,33,40
18424,18,27,10,30
18425,18,27,10,15
18426,18,27,35,30
18427,18,27,47,24
18428,18,27,36,35
18429,18,27,20,25
18430,18,27,48,15
18431,18,27,32,34
18432,18,27,49,49
18433,18,27,14,36
18434,18,27,29,13
18435,18,27,15,27
18436,18,27,16,14
18437,18,27,49,10
18438,18,27,45,34
18439,18,27,21,47
18440,18,27,40,14
18441,18,27,37,38
18442,18,27,42,31
18443,18,27,33,21
18444,18,27,11,16
18445,18,27,16,44
18446,18,27,41,40
18447,18,27,26,24
18448,18,27,13,36
18449,18,27,46,11
18450,18,27,25,42
18451,18,27,23,30
18452,18,27,33,38
18453,18,27,29,23
18454,18,27,12,19
18455,18,27,11,17
18456,18,27,46,37
18457,18,27,35,27
18458,18,27,39,16
18459,18,27,21,40
18460,18,27,32,32
18461,18,27,38,42
18462,18,27,31,43
18463,18,27,22,14
18464,18,27,29,45
18465,18,27,46,16
18466,18,27,18,13
18467,18,27,22,34
18468,18,27,38,19
18469,18,27,31,46
18470,18,27,33,16
18471,18,27,41,16
18472,18,27,37,15
18473,18,27,46,48
18474,18,27,28,42
18475,18,27,41,21
18476,18,27,22,34
18477,18,27,20,43
18478,18,27,17,19
18479,18,27,39,16
18480,18,27,42,46
18481,18,27,10,37
18482,18,27,19,43
18483,18,27,20,44
18484,18,27,44,32
18485,18,27,44,33
18486,18,27,39,36
18487,18,27,47,14
18488,18,27,25,28
18489,18,27,45,21
18490,18,27,20,37
18491,18,27,41,21
18492,18,27,22,39
18493,18,27,46,29
18494,18,27,26,37
18495,18,27,13,39
18496,18,27,38,22
18497,18,27,37,17
18498,18,27,31,48
18499,18,27,32,21
18500,18,27,32,33
18501,18,27,11,11
18502,18,27,29,47
18503,18,27,26,16
18504,18,27,22,42
18505,18,27,37,25
18506,18,27,44,23
18507,18,27,46,21
18508,18,27,37,27
18509,18,27,15,42
18510,18,27,24,11
18511,18,27,47,23
18512,18,27,19,45
18513,18,27,22,34
18514,18,27,14,11
18515,18,27,11,32
18516,18,27,19,11
18517,18,27,39,26
18518,18,27,15,19
18519,18,27,16,10
18520,18,27,37,21
18521,18,27,19,20
18522,18,27,19,30
18523,18,27,47,31
18524,18,27,27,17
18525,18,27,35,19
18526,18,27,14,12
18527,18,27,20,18
18528,18,27,26,15
18529,18,27,27,11
18530,18,27,24,29
18531,18,27,13,48
18532,18,27,48,33
18533,18,27,30,19
18534,18,27,35,15
18535,18,27,35,28
18536,18,27,40,12
18537,18,27,46,22
18538,18,27,45,30
18539,18,27,33,49
18540,18,27,32,38
18541,18,27,41,48
18542,18,27,41,37
18543,18,27,15,21
18544,18,27,35,25
18545,18,27,16,12
18546,18,27,40,41
18547,18,27,26,33
18548,18,27,40,30
18549,18,27,26,31
18550,18,27,28,32
18551,18,27,25,28
18552,18,27,33,23
18553,18,27,26,15
18554,18,27,46,38
18555,18,27,21,22
18556,18,27,24,11
18557,18,27,35,34
18558,18,27,27,20
18559,18,27,24,42
18560,18,27,32,28
18561,18,27,22,45
18562,18,27,24,44
18563,18,27,14,19
18564,18,27,18,29
18565,18,27,29,28
18566,18,27,12,24
18567,18,27,25,43
18568,18,27,32,28
18569,18,27,46,18
18570,18,27,47,16
18571,18,27,18,39
18572,18,27,44,33
18573,18,27,11,37
18574,18,27,13,13
18575,18,27,43,24
18576,18,27,41,12
18577,18,27,24,42
18578,18,27,26,41
18579,18,27,33,25
18580,18,27,30,24
18581,18,27,42,16
18582,18,27,41,19
18583,18,27,44,47
18584,18,27,10,27
18585,18,27,12,33
18586,18,27,13,31
18587,18,27,39,19
18588,18,27,27,15
18589,18,27,26,42
18590,18,27,37,42
18591,18,27,15,25
18592,18,27,38,18
18593,18,27,27,10
18594,18,27,25,49
18595,18,27,15,42
18596,18,27,15,45
18597,18,27,21,38
18598,18,27,19,42
18599,18,27,17,13
18600,18,27,36,16
18601,18,27,45,20
18602,18,27,39,27
18603,18,27,36,26
18604,18,27,22,12
18605,18,27,17,39
18606,18,27,48,35
18607,18,27,45,18
18608,18,27,17,42
18609,18,27,35,19
18610,18,27,42,31
18611,18,27,37,38
18612,18,27,26,44
18613,18,27,12,43
18614,18,27,41,29
18615,18,27,16,42
18616,18,27,30,32
18617,18,27,26,37
18618,18,27,14,47
18619,18,27,44,37
18620,18,27,18,27
18621,18,27,40,35
18622,18,27,22,46
18623,18,27,36,46
18624,18,27,27,39
18625,18,27,38,16
18626,18,27,16,14
18627,18,27,25,34
18628,18,27,28,26
18629,18,27,46,17
18630,18,27,26,28
18631,18,27,40,16
18632,18,27,27,29
18633,18,27,15,19
18634,18,27,49,25
18635,18,27,12,24
18636,18,27,30,36
18637,18,27,33,11
18638,18,27,33,20
18639,18,27,41,46
18640,18,27,38,30
18641,18,27,44,45
18642,18,27,49,39
18643,18,27,25,21
18644,18,27,26,20
18645,18,27,41,29
18646,18,27,21,37
18647,18,27,21,32
18648,18,27,39,16
18649,18,27,29,20
18650,18,27,17,33
18651,18,27,45,47
18652,18,27,48,14
18653,18,27,43,27
18654,18,27,19,20
18655,18,27,14,22
18656,18,27,16,13
18657,18,27,48,44
18658,18,27,23,36
18659,18,27,36,20
18660,18,27,21,33
18661,18,27,18,49
18662,18,27,29,34
18663,18,27,47,40
18664,18,27,24,28
18665,18,27,39,40
18666,18,27,28,14
18667,18,27,40,40
18668,18,27,20,36
18669,18,27,37,19
18670,18,27,12,19
18671,18,27,10,25
18672,18,27,30,42
18673,18,27,11,36
18674,18,27,15,16
18675,18,27,40,27
18676,18,27,32,19
18677,18,27,41,34
18678,18,27,39,15
18679,18,27,19,43
18680,18,27,40,30
18681,18,27,15,43
18682,18,27,16,48
18683,18,27,42,39
18684,18,27,19,11
18685,18,27,12,48
18686,18,27,30,43
18687,18,27,46,19
18688,18,27,34,33
18689,18,27,41,20
18690,18,27,40,46
18691,18,27,44,22
18692,18,27,26,41
18693,18,27,45,30
18694,18,27,42,42
18695,18,27,32,33
18696,18,27,18,11
18697,18,27,39,13
18698,18,27,46,10
18699,18,27,15,41
18700,18,27,32,47
18701,18,27,33,23
18702,18,27,33,19
18703,18,27,49,28
18704,18,27,23,38
18705,18,27,40,43
18706,18,27,23,28
18707,18,27,20,14
18708,18,27,32,45
18709,18,27,33,31
18710,18,27,35,49
18711,18,27,28,36
18712,18,27,13,37
18713,18,27,34,40
18714,18,27,39,40
18715,18,27,40,17
18716,18,27,31,49
18717,18,27,20,45
18718,18,27,34,23
18719,18,27,26,10
18720,18,27,46,14
18721,18,27,14,26
18722,18,27,41,11
18723,18,27,30,19
18724,18,27,22,10
18725,18,27,33,43
18726,18,27,45,34
18727,18,27,11,33
18728,18,27,34,28
18729,18,27,12,31
18730,18,27,28,11
18731,18,27,23,32
18732,18,27,48,38
18733,18,27,37,32
18734,18,27,11,40
18735,18,27,47,39
18736,18,27,18,41
18737,18,27,31,44
18738,18,27,37,20
18739,18,27,10,46
18740,18,27,33,28
18741,18,27,37,31
18742,18,27,47,36
18743,18,27,49,40
18744,18,27,46,47
18745,18,27,19,46
18746,18,27,19,15
18747,18,27,21,48
18748,18,27,23,23
18749,18,27,30,41
18750,18,27,27,30
18751,18,27,12,30
18752,18,27,35,14
18753,18,27,16,31
18754,18,27,39,35
18755,18,27,14,35
18756,18,27,49,42
18757,18,27,23,33
18758,18,27,33,42
18759,18,27,20,43
18760,18,27,23,25
18761,18,27,39,20
18762,18,27,33,41
18763,18,27,49,18
18764,18,27,33,33
18765,18,27,18,49
18766,18,27,33,44
18767,18,27,44,41
18768,18,27,12,44
18769,18,27,46,28
18770,18,27,45,48
18771,18,27,24,16
18772,18,27,47,30
18773,18,27,24,27
18774,18,27,34,41
18775,18,27,29,37
18776,18,27,20,28
18777,18,27,32,22
18778,18,27,28,17
18779,18,27,16,25
18780,18,27,19,42
18781,18,27,37,14
18782,18,27,15,39
18783,18,27,18,24
18784,18,27,15,28
18785,18,27,41,31
18786,18,27,46,31
18787,18,27,31,34
18788,18,27,24,22
18789,18,27,21,33
18790,18,27,23,21
18791,18,27,36,23
18792,18,27,23,37
18793,18,27,32,14
18794,18,27,20,33
18795,18,27,47,36
18796,18,27,33,10
18797,18,27,23,49
18798,18,27,33,40
18799,18,27,33,45
18800,18,27,22,35
18801,18,27,35,27
18802,18,27,47,34
18803,18,27,25,30
18804,18,27,11,11
18805,18,27,26,19
18806,18,27,23,16
18807,18,27,37,21
18808,18,27,34,30
18809,18,27,23,18
18810,18,27,24,44
18811,18,27,35,43
18812,18,27,38,36
18813,18,27,35,31
18814,18,27,16,41
18815,18,27,12,30
18816,18,27,31,31
18817,18,27,45,33
18818,18,27,17,41
18819,18,27,46,46
18820,18,27,48,12
18821,18,27,41,10
18822,18,27,45,25
18823,18,27,34,41
18824,18,27,29,48
18825,18,27,35,15
18826,18,27,43,18
18827,18,27,43,33
18828,18,27,40,44
18829,18,27,15,25
18830,18,27,17,37
18831,18,27,43,27
18832,18,27,26,11
18833,18,27,11,39
18834,18,27,40,34
18835,18,27,49,24
18836,18,27,25,27
18837,18,27,48,38
18838,18,27,48,13
18839,18,27,26,31
18840,18,27,35,14
18841,18,27,25,15
18842,18,27,34,46
18843,18,27,29,33
18844,18,27,11,27
18845,18,27,24,48
18846,18,27,28,48
18847,18,27,16,19
18848,18,27,34,24
18849,18,27,39,39
18850,18,27,24,18
18851,18,27,24,26
18852,18,27,31,19
18853,18,27,28,42
18854,18,27,28,16
18855,18,27,37,18
18856,18,27,43,18
18857,18,27,30,40
18858,18,27,41,10
18859,18,27,35,33
18860,18,27,34,44
18861,18,27,22,13
18862,18,27,28,15
18863,18,27,29,18
18864,18,27,15,25
18865,18,27,32,43
18866,18,27,19,22
18867,18,27,22,23
18868,18,27,46,26
18869,18,27,25,15
18870,18,27,37,48
18871,18,27,28,35
18872,18,27,38,33
18873,18,27,21,44
18874,18,27,18,13
18875,18,27,46,46
18876,18,27,28,39
18877,18,27,22,32
18878,18,27,43,17
18879,18,27,28,34
18880,18,27,15,43
18881,18,27,23,18
18882,18,27,48,48
18883,18,27,11,40
18884,18,27,49,31
18885,18,27,46,12
18886,18,27,16,49
18887,18,27,39,29
18888,18,27,13,38
18889,18,27,38,14
18890,18,27,13,17
18891,18,27,14,15
18892,18,27,27,43
18893,18,27,27,21
18894,18,27,36,26
18895,18,27,34,27
18896,18,27,17,13
18897,18,27,21,13
18898,18,27,47,15
18899,18,27,49,42
18900,18,27,32,13
18901,18,27,17,48
18902,18,27,15,44
18903,18,27,10,45
18904,18,27,20,41
18905,18,27,15,41
18906,18,27,39,33
18907,18,27,10,25
18908,18,27,42,45
18909,18,27,26,10
18910,18,27,47,18
18911,18,27,40,28
18912,18,27,12,16
18913,18,27,14,30
18914,18,27,37,19
18915,18,27,41,38
18916,18,27,26,37
18917,18,27,21,32
18918,18,27,41,10
18919,18,27,20,34
18920,18,27,10,11
18921,18,27,32,36
18922,18,27,32,48
18923,18,27,24,36
18924,18,27,30,12
18925,18,27,27,32
18926,18,27,28,26
18927,18,27,25,46
18928,18,27,26,20
18929,18,27,15,19
18930,18,27,28,26
18931,18,27,25,18
18932,18,27,48,16
18933,18,27,42,21
18934,18,27,32,17
18935,18,27,47,18
18936,18,27,38,36
18937,18,27,37,45
18938,18,27,38,20
18939,18,27,11,32
18940,18,27,12,38
18941,18,27,30,47
18942,18,27,38,44
18943,18,27,10,23
18944,18,27,16,32
18945,18,27,13,18
18946,18,27,39,22
18947,18,27,10,19
18948,18,27,39,23
18949,18,27,25,11
18950,18,27,45,17
18951,18,27,36,31
18952,18,27,48,20
18953,18,27,31,33
18954,18,27,33,41
18955,18,27,22,32
18956,18,27,44,16
18957,18,27,17,34
18958,18,27,28,15
18959,18,27,49,49
18960,18,27,22,48
18961,18,27,15,34
18962,18,27,31,34
18963,18,27,46,41
18964,18,27,34,41
18965,18,27,47,14
18966,18,27,49,35
18967,18,27,17,14
18968,18,27,43,19
18969,18,27,45,41
18970,18,27,24,10
18971,18,27,17,17
18972,18,27,17,31
18973,18,27,43,18
18974,18,27,29,21
18975,18,27,42,33
18976,18,27,39,41
18977,18,27,27,41
18978,18,27,23,20
18979,18,27,42,10
18980,18,27,17,41
18981,18,27,13,42
18982,18,27,30,19
18983,18,27,23,11
18984,18,27,41,29
18985,18,27,41,28
18986,18,27,20,13
18987,18,27,19,35
18988,18,27,21,26
18989,18,27,33,29
18990,18,27,24,30
18991,18,27,36,12
18992,18,27,35,16
18993,18,27,41,35
18994,18,27,39,28
18995,18,27,17,43
18996,18,27,23,37
18997,18,27,13,26
18998,18,27,17,14
18999,18,27,23,22
19000,18,27,27,26
19001,18,27,27,21
19002,18,27,22,48
19003,18,27,32,40
19004,18,27,17,28
19005,18,27,17,18
19006,18,27,28,27
19007,18,27,48,37
19008,18,27,24,18
19009,18,27,20,48
19010,18,27,10,10
19011,18,27,30,37
19012,18,27,16,47
19013,18,27,46,19
19014,18,27,41,39
19015,18,27,26,23
19016,18,27,25,20
19017,18,27,40,34
19018,18,27,12,34
19019,18,27,35,41
19020,18,27,23,49
19021,18,27,29,40
19022,18,27,49,48
19023,18,27,27,14
19024,18,27,29,19
19025,18,27,47,35
19026,18,27,43,38
19027,18,27,41,26
19028,18,27,38,21
19029,18,27,48,27
19030,18,27,38,29
19031,18,27,20,29
19032,18,27,23,21
19033,18,27,20,34
19034,18,27,35,10
19035,18,27,21,42
19036,18,27,40,32
19037,18,27,28,12
19038,18,27,13,14
19039,18,27,37,45
19040,18,27,40,11
19041,18,27,40,48
19042,18,27,25,20
19043,18,27,29,36
19044,18,27,39,22
19045,18,27,47,48
19046,18,27,48,22
19047,18,27,34,16
19048,18,27,23,24
19049,18,27,19,27
19050,18,27,44,30
19051,18,27,22,41
19052,18,27,27,41
19053,18,27,42,24
19054,18,27,33,48
19055,18,27,10,15
19056,18,27,25,14
19057,18,27,13,42
19058,18,27,25,19
19059,18,27,22,34
19060,18,27,45,30
19061,18,27,10,15
19062,18,27,22,17
19063,18,27,20,49
19064,18,27,33,16
19065,18,27,16,16
19066,18,27,30,39
19067,18,27,41,23
19068,18,27,47,21
19069,18,27,24,15
19070,18,27,30,27
19071,18,27,27,41
19072,18,27,24,35
19073,18,27,18,17
19074,18,27,45,31
19075,18,27,34,35
19076,18,27,12,46
19077,18,27,21,46
19078,18,27,37,48
19079,18,27,37,48
19080,18,27,13,35
19081,18,27,22,28
19082,18,27,34,37
19083,18,27,25,45
19084,18,27,32,26
19085,18,27,34,45
19086,18,27,26,25
19087,18,27,21,29
19088,18,27,16,34
19089,18,27,31,37
19090,18,27,47,23
19091,18,27,17,36
19092,18,27,22,39
19093,18,27,49,25
19094,18,27,18,15
19095,18,27,33,27
19096,18,27,19,19
19097,18,27,12,19
19098,18,27,48,46
19099,18,27,23,43
19100,18,27,29,33
19101,18,27,34,12
19102,18,27,33,39
19103,18,27,31,34
19104,18,27,13,34
19105,18,27,19,23
19106,18,27,17,47
19107,18,27,27,27
19108,18,27,36,13
19109,18,27,18,38
19110,18,27,33,22
19111,18,27,38,33
19112,18,27,40,38
19113,18,27,19,39
19114,18,27,28,17
19115,18,27,11,20
19116,18,27,34,27
19117,18,27,12,16
19118,18,27,21,16
19119,18,27,48,12
19120,18,27,17,15
19121,18,27,13,26
19122,18,27,39,31
19123,18,27,16,28
19124,18,27,49,18
19125,18,27,21,38
19126,18,27,42,18
19127,18,27,15,25
19128,18,27,37,40
19129,18,27,44,34
19130,18,27,18,10
19131,18,27,42,35
19132,18,27,41,31
19133,18,27,15,37
19134,18,27,15,38
19135,18,27,33,10
19136,18,27,12,29
19137,18,27,13,37
19138,18,27,26,12
19139,18,27,26,48
19140,18,27,36,22
19141,18,27,47,31
19142,18,27,31,27
19143,18,27,24,44
19144,18,27,30,12
19145,18,27,42,27
19146,18,27,11,16
19147,18,27,47,19
19148,18,27,40,47
19149,18,27,46,46
19150,18,27,45,39
19151,18,27,47,48
19152,18,27,25,47
19153,18,27,19,47
19154,18,27,12,28
19155,18,27,28,23
19156,18,27,46,47
19157,18,27,45,49
19158,18,27,22,38
19159,18,27,23,26
19160,18,27,18,30
19161,18,27,38,38
19162,18,27,35,34
19163,18,27,42,32
19164,18,27,22,10
19165,18,27,24,23
19166,18,27,44,36
19167,18,27,49,32
19168,18,27,44,13
19169,18,27,15,15
19170,18,27,19,27
19171,18,27,39,46
19172,18,27,24,36
19173,18,27,27,17
19174,18,27,35,19
19175,18,27,31,47
19176,18,27,25,13
19177,18,27,10,42
19178,18,27,28,49
19179,18,27,39,21
19180,18,27,45,12
19181,18,27,23,35
19182,18,27,43,38
19183,18,27,41,36
19184,18,27,28,29
19185,18,27,42,44
19186,18,27,28,40
19187,18,27,34,42
19188,18,27,12,45
19189,18,27,29,19
19190,18,27,14,15
19191,18,27,48,41
19192,18,27,40,40
19193,18,27,48,16
19194,18,27,30,47
19195,18,27,14,16
19196,18,27,19,26
19197,18,27,29,44
19198,18,27,31,45
19199,18,27,20,20
19200,18,27,42,45
19201,18,27,33,18
19202,18,27,20,14
19203,18,27,47,37
19204,18,27,29,31
19205,18,27,44,18
19206,18,27,46,11
19207,18,27,43,24
19208,18,27,39,33
19209,18,27,40,21
19210,18,27,30,39
19211,18,27,12,26
19212,18,27,20,10
19213,18,27,48,20
19214,18,27,20,18
19215,18,27,37,12
19216,18,27,19,21
19217,18,27,44,21
19218,18,27,15,47
19219,18,27,47,12
19220,18,27,36,12
19221,18,27,43,43
19222,18,27,26,19
19223,18,27,20,16
19224,18,27,48,28
19225,18,27,49,24
19226,18,27,44,25
19227,18,27,31,34
19228,18,27,24,19
19229,18,27,30,21
19230,18,27,45,33
19231,18,27,21,41
19232,18,27,10,46
19233,18,27,37,42
19234,18,27,15,40
19235,18,27,20,36
19236,18,27,37,20
19237,18,27,19,14
19238,18,27,18,25
19239,18,27,37,34
19240,18,27,40,13
19241,18,27,16,27
19242,18,27,34,36
19243,18,27,19,37
19244,18,27,39,11
19245,18,27,20,17
19246,18,27,49,37
19247,18,27,45,49
19248,18,27,19,23
19249,18,27,20,39
19250,18,27,41,36
19251,18,27,34,23
19252,18,27,42,11
19253,18,27,49,32
19254,18,27,49,31
19255,18,27,36,28
19256,18,27,42,22
19257,18,27,44,31
19258,18,27,14,46
19259,18,27,25,31
19260,18,27,42,46
19261,18,27,11,18
19262,18,27,24,16
19263,18,27,13,36
19264,18,27,33,26
19265,18,27,39,31
19266,18,27,33,41
19267,18,27,25,39
19268,18,27,10,23
19269,18,27,37,21
19270,18,27,24,17
19271,18,27,10,30
19272,18,27,19,48
19273,18,27,45,15
19274,18,27,26,11
19275,18,27,49,45
19276,18,27,22,18
19277,18,27,31,49
19278,18,27,32,18
19279,18,27,42,21
19280,18,27,45,44
19281,18,27,22,14
19282,18,27,13,38
19283,18,27,30,49
19284,18,27,20,19
19285,18,27,19,36
19286,18,27,33,46
19287,18,27,35,49
19288,18,27,11,48
19289,18,27,30,37
19290,18,27,41,46
19291,18,27,37,40
19292,18,27,22,24
19293,18,27,34,23
19294,18,27,23,45
19295,18,27,40,28
19296,18,27,36,38
19297,18,27,17,40
19298,18,27,33,31
19299,18,27,17,21
19300,18,27,45,38
19301,18,27,21,21
19302,18,27,29,34
19303,18,27,31,40
19304,18,27,49,10
19305,18,27,19,25
19306,18,27,40,37
19307,18,27,12,14
19308,18,27,17,46
19309,18,27,19,45
19310,18,27,23,22
19311,18,27,36,15
19312,18,27,45,16
19313,18,27,23,19
19314,18,27,44,14
19315,18,27,17,23
19316,18,27,27,45
19317,18,27,22,46
19318,18,27,16,36
19319,18,27,34,42
19320,18,27,21,42
19321,18,27,21,10
19322,18,27,26,38
19323,18,27,47,32
19324,18,27,19,18
19325,18,27,20,45
19326,18,27,13,47
19327,18,27,47,33
19328,18,27,49,45
19329,18,27,30,16
19330,18,27,23,30
19331,18,27,16,14
19332,18,27,31,33
19333,18,27,30,14
19334,18,27,35,13
19335,18,27,34,48
19336,18,27,24,24
19337,18,27,41,16
19338,18,27,28,31
19339,18,27,11,27
19340,18,27,20,47
19341,18,27,15,12
19342,18,27,40,48
19343,18,27,47,22
19344,18,27,37,21
19345,18,27,47,45
19346,18,27,34,36
19347,18,27,32,14
19348,18,27,34,21
19349,18,27,44,34
19350,18,27,44,20
19351,18,27,47,24
19352,18,27,49,12
19353,18,27,42,47
19354,18,27,25,41
19355,18,27,23,18
19356,18,27,46,21
19357,18,27,46,13
19358,18,27,11,27
19359,18,27,12,24
19360,18,27,38,30
19361,18,27,31,23
19362,18,27,37,48
19363,18,27,32,21
19364,18,27,13,11
19365,18,27,25,16
19366,18,27,41,37
19367,18,27,21,10
19368,18,27,39,24
19369,18,27,44,25
19370,18,27,18,18
19371,18,27,12,34
19372,18,27,49,28
19373,18,27,49,28
19374,18,27,15,49
19375,18,27,37,36
19376,18,27,30,40
19377,18,27,14,42
19378,18,27,37,26
19379,18,27,16,43
19380,18,27,34,19
19381,18,27,22,42
19382,18,27,35,18
19383,18,27,32,30
19384,18,27,17,23
19385,18,27,12,44
19386,18,27,18,49
19387,18,27,26,48
19388,18,27,19,15
19389,18,27,27,36
19390,18,27,12,46
19391,18,27,14,44
19392,18,27,41,29
19393,18,27,17,44
19394,18,27,36,47
19395,18,27,49,37
19396,18,27,14,21
19397,18,27,43,39
19398,18,27,36,32
19399,18,27,37,40
19400,18,27,39,11
19401,18,27,25,40
19402,18,27,29,34
19403,18,27,32,12
19404,18,27,16,12
19405,18,27,46,35
19406,18,27,16,16
19407,18,27,16,40
19408,18,27,33,40
19409,18,27,12,23
19410,18,27,23,30
19411,18,27,49,11
19412,18,27,32,41
19413,18,27,44,24
19414,18,27,47,45
19415,18,27,18,21
19416,18,27,46,38
19417,18,27,24,18
19418,18,27,38,43
19419,18,27,11,32
19420,18,27,49,48
19421,18,27,40,34
19422,18,27,30,44
19423,18,27,23,41
19424,18,27,19,49
19425,18,27,15,24
19426,18,27,28,11
19427,18,27,29,11
19428,18,27,44,40
19429,18,27,36,47
19430,18,27,49,40
19431,18,27,25,17
19432,18,27,25,16
19433,18,27,37,27
19434,18,27,27,27
19435,18,27,11,34
19436,18,27,38,12
19437,18,27,31,16
19438,18,27,46,36
19439,18,27,49,42
19440,18,27,32,47
19441,18,27,49,17
19442,18,27,12,34
19443,18,27,41,26
19444,18,27,24,23
19445,18,27,17,15
19446,18,27,16,36
19447,18,27,43,26
19448,18,27,39,22
19449,18,27,43,28
19450,18,27,27,22
19451,18,27,21,15
19452,18,27,13,19
19453,18,27,45,33
19454,18,27,27,17
19455,18,27,20,23
19456,18,27,14,19
19457,18,27,25,49
19458,18,27,20,32
19459,18,27,12,13
19460,18,27,26,40
19461,18,27,31,21
19462,18,27,29,19
19463,18,27,21,17
19464,18,27,18,26
19465,18,27,39,15
19466,18,27,15,31
19467,18,27,19,25
19468,18,27,23,49
19469,18,27,32,14
19470,18,27,29,30
19471,18,27,23,33
19472,18,27,14,47
19473,18,27,22,21
19474,18,27,45,13
19475,18,27,10,25
19476,18,27,19,43
19477,18,27,17,14
19478,18,27,20,35
19479,18,27,16,13
19480,18,27,33,36
19481,18,27,22,48
19482,18,27,23,37
19483,18,27,37,16
19484,18,27,10,38
19485,18,27,41,14
19486,18,27,30,38
19487,18,27,46,14
19488,18,27,48,47
19489,18,27,49,41
19490,18,27,38,33
19491,18,27,40,43
19492,18,27,33,33
19493,18,27,21,14
19494,18,27,46,39
19495,18,27,38,39
19496,18,27,42,28
19497,18,27,48,28
19498,18,27,26,11
19499,18,27,13,11
19500,18,27,36,34
19501,18,27,17,13
19502,18,27,21,13
19503,18,27,40,10
19504,18,27,44,17
19505,18,27,35,30
19506,18,27,32,23
19507,18,27,15,20
19508,18,27,34,17
19509,18,27,41,37
19510,18,27,44,41
19511,18,27,13,38
19512,18,27,36,39
19513,18,27,16,46
19514,18,27,21,26
19515,18,27,22,48
19516,18,27,49,27
19517,18,27,30,42
19518,18,27,29,10
19519,18,27,12,23
19520,18,27,35,36
19521,18,27,40,14
19522,18,27,46,29
19523,18,27,22,48
19524,18,27,48,22
19525,18,27,41,21
19526,18,27,17,11
19527,18,27,13,22
19528,18,27,14,30
19529,18,27,11,13
19530,18,27,26,32
19531,18,27,28,48
19532,18,27,13,31
19533,18,27,49,14
19534,18,27,35,44
19535,18,27,35,31
19536,18,27,31,38
19537,18,27,45,21
19538,18,27,46,36
19539,18,27,32,36
19540,18,27,30,32
19541,18,27,47,29
19542,18,27,16,46
19543,18,27,38,42
19544,18,27,44,33
19545,18,27,46,16
19546,18,27,21,47
19547,18,27,22,11
19548,18,27,45,34
19549,18,27,41,12
19550,18,27,15,35
19551,18,27,41,18
19552,18,27,15,19
19553,18,27,48,29
19554,18,27,48,44
19555,18,27,41,10
19556,18,27,45,21
19557,18,27,18,21
19558,18,27,13,14
19559,18,27,27,30
19560,18,27,24,18
19561,18,27,43,30
19562,18,27,47,10
19563,18,27,30,40
19564,18,27,14,45
19565,18,27,48,47
19566,18,27,16,18
19567,18,27,39,16
19568,18,27,47,35
19569,18,27,11,49
19570,18,27,13,35
19571,18,27,42,38
19572,18,27,25,47
19573,18,27,35,32
19574,18,27,14,13
19575,18,27,32,43
19576,18,27,47,43
19577,18,27,16,30
19578,18,27,23,35
19579,18,27,18,41
19580,18,27,49,32
19581,18,27,39,37
19582,18,27,26,23
19583,18,27,24,39
19584,18,27,10,11
19585,18,27,37,41
19586,18,27,22,33
19587,18,27,24,38
19588,18,27,20,40
19589,18,27,16,36
19590,18,27,40,49
19591,18,27,26,42
19592,18,27,12,49
19593,18,27,23,31
19594,18,27,11,42
19595,18,27,13,46
19596,18,27,22,30
19597,18,27,38,34
19598,18,27,10,10
19599,18,27,32,49
19600,18,27,13,44
19601,18,27,12,12
19602,18,27,45,29
19603,18,27,45,43
19604,18,27,46,37
19605,18,27,33,10
19606,18,27,19,19
19607,18,27,13,34
19608,18,27,42,10
19609,18,27,39,27
19610,18,27,46,24
19611,18,27,36,25
19612,18,27,15,43
19613,18,27,19,31
19614,18,27,29,29
19615,18,27,29,27
19616,18,27,32,40
19617,18,27,32,43
19618,18,27,33,40
19619,18,27,25,45
19620,18,27,17,47
19621,18,27,29,41
19622,18,27,47,33
19623,18,27,17,37
19624,18,27,18,46
19625,18,27,26,16
19626,18,27,33,47
19627,18,27,27,24
19628,18,27,26,42
19629,18,27,27,40
19630,18,27,30,26
19631,18,27,46,35
19632,18,27,27,41
19633,18,27,14,11
19634,18,27,22,14
19635,18,27,41,24
19636,18,27,29,49
19637,18,27,32,34
19638,18,27,43,41
19639,18,27,41,30
19640,18,27,31,22
19641,18,27,15,41
19642,18,27,27,14
19643,18,27,11,37
19644,18,27,29,42
19645,18,27,42,42
19646,18,27,31,29
19647,18,27,31,17
19648,18,27,34,25
19649,18,27,21,10
19650,18,27,46,12
19651,18,27,10,24
19652,18,27,36,27
19653,18,27,13,49
19654,18,27,16,33
19655,18,27,47,36
19656,18,27,45,25
19657,18,27,47,35
19658,18,27,47,35
19659,18,27,38,32
19660,18,27,37,11
19661,18,27,25,10
19662,18,27,12,40
19663,18,27,23,35
19664,18,27,44,26
19665,18,27,34,34
19666,18,27,33,41
19667,18,27,30,36
19668,18,27,44,10
19669,18,27,45,12
19670,18,27,10,10
19671,18,27,41,22
19672,18,27,16,15
19673,18,27,25,20
19674,18,27,20,36
19675,18,27,30,26
19676,18,27,22,18
19677,18,27,28,15
19678,18,27,27,35
19679,18,27,40,24
19680,18,27,16,46
19681,18,27,33,46
19682,18,27,15,13
19683,18,27,12,34
19684,18,27,27,14
19685,18,27,21,18
19686,18,27,35,18
19687,18,27,31,21
19688,18,27,27,24
19689,18,27,17,49
19690,18,27,47,24
19691,18,27,38,41
19692,18,27,11,21
19693,18,27,24,24
19694,18,27,21,18
19695,18,27,20,22
19696,18,27,40,44
19697,18,27,43,25
19698,18,27,16,44
19699,18,27,12,19
19700,18,27,34,25
19701,18,27,34,15
19702,18,27,29,27
19703,18,27,19,13
19704,18,27,22,31
19705,18,27,38,27
19706,18,27,36,34
19707,18,27,18,34
19708,18,27,13,46
19709,18,27,32,32
19710,18,27,12,26
19711,18,27,23,21
19712,18,27,20,46
19713,18,27,35,27
19714,18,27,14,42
19715,18,27,20,33
19716,18,27,24,23
19717,18,27,47,25
19718,18,27,21,35
19719,18,27,48,32
19720,18,27,44,29
19721,18,27,29,34
19722,18,27,39,45
19723,18,27,21,17
19724,18,27,12,16
19725,18,27,23,15
19726,18,27,21,48
19727,18,27,21,15
19728,18,27,18,17
19729,18,27,12,21
19730,18,27,16,31
19731,18,27,30,36
19732,18,27,14,32
19733,18,27,23,26
19734,18,27,10,19
19735,18,27,20,33
19736,18,27,33,16
19737,18,27,43,31
19738,18,27,27,27
19739,18,27,20,19
19740,18,27,31,40
19741,18,27,11,49
19742,18,27,22,23
19743,18,27,49,41
19744,18,27,42,26
19745,18,27,44,38
19746,18,27,26,21
19747,18,27,26,10
19748,18,27,33,43
19749,18,27,14,24
19750,18,27,22,15
19751,18,27,37,30
19752,18,27,35,20
19753,18,27,16,20
19754,18,27,47,31
19755,18,27,18,31
19756,18,27,27,20
19757,18,27,46,41
19758,18,27,11,10
19759,18,27,26,41
19760,18,27,45,16
19761,18,27,30,38
19762,18,27,48,27
19763,18,27,23,15
19764,18,27,18,15
19765,18,27,47,35
19766,18,27,27,38
19767,18,27,23,32
19768,18,27,18,11
19769,18,27,36,17
19770,18,27,42,24
19771,18,27,20,16
19772,18,27,17,49
19773,18,27,15,31
19774,18,27,45,16
19775,18,27,36,29
19776,18,27,48,48
19777,18,27,48,16
19778,18,27,20,17
19779,18,27,27,29
19780,18,27,36,32
19781,18,27,38,34
19782,18,27,30,22
19783,18,27,37,17
19784,18,27,14,31
19785,18,27,11,22
19786,18,27,19,49
19787,18,27,15,10
19788,18,27,43,29
19789,18,27,23,40
19790,18,27,45,23
19791,18,27,24,43
19792,18,27,11,36
19793,18,27,32,14
19794,18,27,48,36
19795,18,27,30,40
19796,18,27,24,27
19797,18,27,33,20
19798,18,27,34,10
19799,18,27,14,29
19800,18,27,37,28
19801,18,27,29,14
19802,18,27,21,40
19803,18,27,28,27
19804,18,27,20,36
19805,18,27,45,47
19806,18,27,47,29
19807,18,27,48,23
19808,18,27,43,29
19809,18,27,26,49
19810,18,27,11,11
19811,18,27,41,44
19812,18,27,39,27
19813,18,27,36,33
19814,18,27,20,28
19815,18,27,24,33
19816,18,27,33,10
19817,18,27,18,37
19818,18,27,23,48
19819,18,27,15,24
19820,18,27,48,19
19821,18,27,35,44
19822,18,27,21,35
19823,18,27,31,39
19824,18,27,11,37
19825,18,27,13,45
19826,18,27,28,49
19827,18,27,17,36
19828,18,27,35,15
19829,18,27,30,14
19830,18,27,39,24
19831,18,27,30,47
19832,18,27,12,32
19833,18,27,39,38
19834,18,27,21,30
19835,18,27,16,31
19836,18,27,22,38
19837,18,27,23,14
19838,18,27,47,10
19839,18,27,26,35
19840,18,27,32,42
19841,18,27,46,48
19842,18,27,41,24
19843,18,27,21,33
19844,18,27,33,19
19845,18,27,29,17
19846,18,27,39,49
19847,18,27,13,48
19848,18,27,42,19
19849,18,27,15,14
19850,18,27,39,14
19851,18,27,13,37
19852,18,27,40,36
19853,18,27,35,24
19854,18,27,22,36
19855,18,27,14,22
19856,18,27,26,37
19857,18,27,13,36
19858,18,27,42,21
19859,18,27,16,44
19860,18,27,24,20
19861,18,27,10,13
19862,18,27,21,23
19863,18,27,10,42
19864,18,27,12,15
19865,18,27,25,24
19866,18,27,33,15
19867,18,27,43,45
19868,18,27,28,25
19869,18,27,32,33
19870,18,27,30,19
19871,18,27,31,39
19872,18,27,19,27
19873,18,27,32,20
19874,18,27,32,48
19875,18,27,13,47
19876,18,27,23,31
19877,18,27,18,13
19878,18,27,35,16
19879,18,27,49,31
19880,18,27,27,26
19881,18,27,23,40
19882,18,27,42,30
19883,18,27,16,41
19884,18,27,16,28
19885,18,27,34,15
19886,18,27,22,33
19887,18,27,48,17
19888,18,27,43,21
19889,18,27,33,12
19890,18,27,20,21
19891,18,27,23,13
19892,18,27,16,29
19893,18,27,40,40
19894,18,27,25,45
19895,18,27,23,29
19896,18,27,22,31
19897,18,27,22,26
19898,18,27,26,42
19899,18,27,20,14
19900,18,27,38,11
19901,18,27,17,15
19902,18,27,37,32
19903,18,27,19,47
19904,18,27,40,14
19905,18,27,23,24
19906,18,27,48,27
19907,18,27,42,24
19908,18,27,20,32
19909,18,27,37,23
19910,18,27,35,45
19911,18,27,22,27
19912,18,27,28,20
19913,18,27,40,17
19914,18,27,17,10
19915,18,27,38,46
19916,18,27,17,21
19917,18,27,40,39
19918,18,27,26,20
19919,18,27,27,41
19920,18,27,19,43
19921,18,27,38,16
19922,18,27,40,41
19923,18,27,19,19
19924,18,27,48,40
19925,18,27,23,28
19926,18,27,41,36
19927,18,27,14,16
19928,18,27,36,45
19929,18,27,12,14
19930,18,27,46,48
19931,18,27,14,14
19932,18,27,12,21
19933,18,27,27,36
19934,18,27,21,21
19935,18,27,25,23
19936,18,27,25,43
19937,18,27,41,35
19938,18,27,23,47
19939,18,27,27,35
19940,18,27,10,49
19941,18,27,17,41
19942,18,27,39,30
19943,18,27,43,36
19944,18,27,22,32
19945,18,27,37,29
19946,18,27,22,37
19947,18,27,14,30
19948,18,27,10,13
19949,18,27,31,46
19950,18,27,31,18
19951,18,27,40,20
19952,18,27,10,22
19953,18,27,22,32
19954,18,27,33,41
19955,18,27,22,49
19956,18,27,38,47
19957,18,27,25,47
19958,18,27,43,15
19959,18,27,41,17
19960,18,27,13,22
19961,18,27,14,48
19962,18,27,21,12
19963,18,27,41,39
19964,18,27,37,11
19965,18,27,43,47
19966,18,27,21,14
19967,18,27,31,10
19968,18,27,19,46
19969,18,27,16,35
19970,18,27,42,23
19971,18,27,38,17
19972,18,27,27,39
19973,18,27,41,12
19974,18,27,22,34
19975,18,27,34,33
19976,18,27,29,47
19977,18,27,40,37
19978,18,27,19,38
19979,18,27,36,37
19980,18,27,47,46
19981,18,27,18,45
19982,18,27,23,25
19983,18,27,36,27
19984,18,27,14,17
19985,18,27,12,21
19986,18,27,47,14
19987,18,27,13,20
19988,18,27,11,42
19989,18,27,19,30
19990,18,27,36,29
19991,18,27,11,13
19992,18,27,23,27
19993,18,27,24,22
19994,18,27,27,46
19995,18,27,48,27
19996,18,27,43,31
19997,18,27,21,28
19998,18,27,28,12
19999,18,27,11,33
20000,18,27,15,13
20001,18,27,49,30
20002,18,27,16,15
20003,18,27,29,40
20004,18,27,27,29
20005,18,27,39,35
20006,18,27,37,49
20007,18,27,27,14
20008,18,27,47,18
20009,18,27,13,27
20010,18,27,30,21
20011,18,27,32,12
20012,18,27,16,37
20013,18,27,33,16
20014,18,27,15,43
20015,18,27,23,18
20016,18,27,14,10
20017,18,27,45,22
20018,18,27,16,16
20019,18,27,45,12
20020,18,27,46,39
20021,18,27,18,43
20022,18,27,37,39
20023,18,27,48,28
20024,18,27,41,15
20025,18,27,44,36
20026,18,27,47,41
20027,18,27,24,32
20028,18,27,28,38
20029,18,27,41,11
20030,18,27,26,26
20031,18,27,31,45
20032,18,27,46,48
20033,18,27,42,18
20034,18,27,13,42
20035,18,27,32,47
20036,18,27,23,24
20037,18,27,21,25
20038,18,27,16,24
20039,18,27,43,22
20040,18,27,45,44
20041,18,27,23,46
20042,18,27,14,16
20043,18,27,17,38
20044,18,27,11,36
20045,18,27,25,26
20046,18,27,34,45
20047,18,27,39,40
20048,18,27,28,20
20049,18,27,29,22
20050,18,27,46,35
20051,18,27,22,16
20052,18,27,28,44
20053,18,27,45,38
20054,18,27,39,12
20055,18,27,39,25
20056,18,27,18,38
20057,18,27,40,24
20058,18,27,48,33
20059,18,27,13,47
20060,18,27,21,28
20061,18,27,16,16
20062,18,27,38,31
20063,18,27,37,23
20064,18,27,41,10
20065,18,27,39,11
20066,18,27,10,28
20067,18,27,25,29
20068,18,27,10,44
20069,18,27,17,46
20070,18,27,39,10
20071,18,27,40,39
20072,18,27,43,32
20073,18,27,21,42
20074,18,27,11,36
20075,18,27,16,45
20076,18,27,48,15
20077,18,27,25,33
20078,18,27,47,33
20079,18,27,21,35
20080,18,27,26,24
20081,18,27,45,39
20082,18,27,34,48
20083,18,27,30,41
20084,18,27,40,38
20085,18,27,38,34
20086,18,27,26,30
20087,18,27,24,32
20088,18,27,26,28
20089,18,27,44,38
20090,18,27,21,25
20091,18,27,24,34
20092,18,27,47,33
20093,18,27,14,30
20094,18,27,34,47
20095,18,27,38,23
20096,18,27,19,25
20097,18,27,40,33
20098,18,27,13,33
20099,18,27,39,15
20100,18,27,32,24
20101,18,27,47,38
20102,18,27,32,36
20103,18,27,45,46
20104,18,27,13,43
20105,18,27,45,10
20106,18,27,18,13
20107,18,27,30,19
20108,18,27,36,49
20109,18,27,24,35
20110,18,27,44,16
20111,18,27,20,49
20112,18,27,45,32
20113,18,27,12,41
20114,18,27,10,10
20115,18,27,26,47
20116,18,27,28,30
20117,18,27,17,41
20118,18,27,30,22
20119,18,27,20,27
20120,18,27,46,19
20121,18,27,31,17
20122,18,27,12,25
20123,18,27,33,44
20124,18,27,32,47
20125,18,27,36,33
20126,18,27,43,15
20127,18,27,13,20
20128,18,27,38,23
20129,18,27,34,35
20130,18,27,27,26
20131,18,27,40,16
20132,18,27,23,27
20133,18,27,20,36
20134,18,27,15,16
20135,18,27,40,18
20136,18,27,22,38
20137,18,27,46,15
20138,18,27,21,35
20139,18,27,35,19
20140,18,27,39,32
20141,18,27,35,43
20142,18,27,11,43
20143,18,27,16,29
20144,18,27,16,21
20145,18,27,37,43
20146,18,27,37,12
20147,18,27,42,28
20148,18,27,35,45
20149,18,27,20,17
20150,18,27,21,45
20151,18,27,33,13
20152,18,27,28,15
20153,18,27,21,48
20154,18,27,45,38
20155,18,27,31,17
20156,18,27,38,11
20157,18,27,42,10
20158,18,27,10,17
20159,18,27,44,44
20160,18,27,36,22
20161,18,27,34,45
20162,18,27,38,19
20163,18,27,34,27
20164,18,27,17,37
20165,18,27,44,13
20166,18,27,22,33
20167,18,27,21,36
20168,18,27,45,24
20169,18,27,48,46
20170,18,27,16,26
20171,18,27,45,35
20172,18,27,23,14
20173,18,27,47,44
20174,18,27,42,21
20175,18,27,33,10
20176,18,27,17,41
20177,18,27,48,30
20178,18,27,12,46
20179,18,27,18,37
20180,18,27,19,47
20181,18,27,15,17
20182,18,27,42,10
20183,18,27,35,31
20184,18,27,16,40
20185,18,27,44,26
20186,18,27,13,16
20187,18,27,35,43
20188,18,27,36,26
20189,18,27,35,18
20190,18,27,36,11
20191,18,27,16,36
20192,18,27,14,17
20193,18,27,48,45
20194,18,27,31,43
20195,18,27,46,18
20196,18,27,16,14
20197,18,27,11,17
20198,18,27,22,32
20199,18,27,10,35
20200,18,27,41,27
20201,18,27,38,39
20202,18,27,43,19
20203,18,27,33,48
20204,18,27,43,10
20205,18,27,17,22
20206,18,27,44,14
20207,18,27,46,30
20208,18,27,13,41
20209,18,27,34,11
20210,18,27,46,44
20211,18,27,28,36
20212,18,27,32,38
20213,18,27,26,15
20214,18,27,34,48
20215,18,27,12,15
20216,18,27,34,26
20217,18,27,19,16
20218,18,27,38,27
20219,18,27,31,30
20220,18,27,44,13
20221,18,27,15,18
20222,18,27,21,49
20223,18,27,15,47
20224,18,27,38,33
20225,18,27,13,36
20226,18,27,23,46
20227,18,27,22,40
20228,18,27,47,45
20229,18,27,34,10
20230,18,27,35,35
20231,18,27,38,41
20232,18,27,13,32
20233,18,27,28,11
20234,18,27,28,10
20235,18,27,24,29
20236,18,27,19,27
20237,18,27,39,40
20238,18,27,36,10
20239,18,27,16,23
20240,18,27,37,31
20241,18,27,14,26
20242,18,27,37,13
20243,18,27,10,47
20244,18,27,12,27
20245,18,27,49,23
20246,18,27,28,36
20247,18,27,27,45
20248,18,27,14,34
20249,18,27,12,31
20250,18,27,45,28
20251,18,27,45,12
20252,18,27,16,18
20253,18,27,48,46
20254,18,27,11,32
20255,18,27,32,29
20256,18,27,23,44
20257,18,27,31,11
20258,18,27,34,17
20259,18,27,45,18
20260,18,27,14,30
20261,18,27,41,42
20262,18,27,20,38
20263,18,27,32,41
20264,18,27,12,10
20265,18,27,22,36
20266,18,27,26,28
20267,18,27,46,23
20268,18,27,32,38
20269,18,27,27,41
20270,18,27,36,23
20271,18,27,14,18
20272,18,27,48,23
20273,18,27,15,29
20274,18,27,20,29
20275,18,27,12,19
20276,18,27,16,26
20277,18,27,22,24
20278,18,27,16,48
20279,18,27,31,18
20280,18,27,47,33
20281,18,27,42,47
20282,18,27,12,40
20283,18,27,22,47
20284,18,27,31,24
20285,18,27,10,19
20286,18,27,26,40
20287,18,27,32,32
20288,18,27,11,38
20289,18,27,10,11
20290,18,27,47,42
20291,18,27,29,11
20292,18,27,11,22
20293,18,27,17,30
20294,18,27,23,31
20295,18,27,45,41
20296,18,27,34,36
20297,18,27,45,33
20298,18,27,34,41
20299,18,27,38,32
20300,18,27,33,49
20301,18,27,19,13
20302,18,27,26,17
20303,18,27,43,33
20304,18,27,17,38
20305,18,27,15,31
20306,18,27,14,13
20307,18,27,45,34
20308,18,27,21,49
20309,18,27,23,14
20310,18,27,43,39
20311,18,27,46,47
20312,18,27,29,31
20313,18,27,24,25
20314,18,27,49,16
20315,18,27,37,19
20316,18,27,35,43
20317,18,27,42,38
20318,18,27,22,31
20319,18,27,26,31
20320,18,27,22,43
20321,18,27,11,43
20322,18,27,48,26
20323,18,27,28,33
20324,18,27,23,16
20325,18,27,26,15
20326,18,27,32,15
20327,18,27,22,26
20328,18,27,40,36
20329,18,27,45,30
20330,18,27,42,23
20331,18,27,13,26
20332,18,27,45,34
20333,18,27,20,22
20334,18,27,28,27
20335,18,27,45,48
20336,18,27,47,39
20337,18,27,47,37
20338,18,27,27,22
20339,18,27,25,21
20340,18,27,15,11
20341,18,27,18,48
20342,18,27,12,46
20343,18,27,47,44
20344,18,27,14,30
20345,18,27,31,41
20346,18,27,32,25
20347,18,27,21,27
20348,18,27,28,11
20349,18,27,16,46
20350,18,27,34,28
20351,18,27,25,40
20352,18,27,21,15
20353,18,27,28,16
20354,18,27,17,33
20355,18,27,47,36
20356,18,27,26,24
20357,18,27,30,13
20358,18,27,37,17
20359,18,27,11,32
20360,18,27,42,16
20361,18,27,22,29
20362,18,27,40,15
20363,18,27,17,36
20364,18,27,11,14
20365,18,27,47,19
20366,18,27,48,44
20367,18,27,25,35
20368,18,27,40,47
20369,18,27,48,49
20370,18,27,48,17
20371,18,27,24,17
20372,18,27,33,30
20373,18,27,29,46
20374,18,27,34,42
20375,18,27,22,14
20376,18,27,37,49
20377,18,27,47,46
20378,18,27,24,13
20379,18,27,17,41
20380,18,27,41,44
20381,18,27,29,31
20382,18,27,23,44
20383,18,27,40,11
20384,18,27,36,28
20385,18,27,32,25
20386,18,27,16,16
20387,18,27,18,27
20388,18,27,36,24
20389,18,27,48,39
20390,18,27,38,47
20391,18,27,31,12
20392,18,27,26,48
20393,18,27,43,20
20394,18,27,43,37
20395,18,27,16,44
20396,18,27,49,10
20397,18,27,26,45
20398,18,27,41,38
20399,18,27,36,42
20400,18,27,44,23
20401,18,27,21,43
20402,18,27,43,12
20403,18,27,14,41
20404,18,27,49,30
20405,18,27,44,31
20406,18,27,35,34
20407,18,27,11,32
20408,18,27,10,21
20409,18,27,22,38
20410,18,27,27,18
20411,18,27,22,26
20412,18,27,28,32
20413,18,27,42,41
20414,18,27,37,17
20415,18,27,29,36
20416,18,27,17,14
20417,18,27,26,15
20418,18,27,25,44
20419,18,27,16,32
20420,18,27,22,23
20421,18,27,22,27
20422,18,27,37,49
20423,18,27,41,29
20424,18,27,27,20
20425,18,27,13,15
20426,18,27,49,11
20427,18,27,43,35
20428,18,27,35,10
20429,18,27,24,43
20430,18,27,26,28
20431,18,27,26,24
20432,18,27,17,43
20433,18,27,13,22
20434,18,27,16,20
20435,18,27,33,40
20436,18,27,47,49
20437,18,27,48,47
20438,18,27,44,36
20439,18,27,42,45
20440,18,27,16,22
20441,18,27,29,36
20442,18,27,31,47
20443,18,27,25,12
20444,18,27,39,28
20445,18,27,41,35
20446,18,27,37,26
20447,18,27,46,39
20448,18,27,13,44
20449,18,27,12,15
20450,18,27,40,26
20451,18,27,32,13
20452,18,27,28,16
20453,18,27,42,27
20454,18,27,25,15
20455,18,27,15,36
20456,18,27,11,35
20457,18,27,31,29
20458,18,27,46,45
20459,18,27,42,46
20460,18,27,39,49
20461,18,27,40,32
20462,18,27,12,14
20463,18,27,19,42
20464,18,27,46,33
20465,18,27,11,36
20466,18,27,44,25
20467,18,27,15,21
20468,18,27,30,34
20469,18,27,13,32
20470,18,27,28,31
20471,18,27,44,20
20472,18,27,49,40
20473,18,27,13,42
20474,18,27,15,40
20475,18,27,33,11
20476,18,27,35,11
20477,18,27,10,23
20478,18,27,18,20
20479,18,27,13,32
20480,18,27,32,41
20481,18,27,46,40
20482,18,27,16,24
20483,18,27,43,16
20484,18,27,34,21
20485,18,27,42,17
20486,18,27,49,27
20487,18,27,27,21
20488,18,27,36,12
20489,18,27,28,27
20490,18,27,23,24
20491,18,27,11,32
20492,18,27,37,27
20493,18,27,26,18
20494,18,27,44,10
20495,18,27,12,13
20496,18,27,36,40
20497,18,27,33,14
20498,18,27,18,40
20499,18,27,15,43
20500,18,27,38,48
20501,18,27,42,37
20502,18,27,13,18
20503,18,27,10,40
20504,18,27,12,27
20505,18,27,30,30
20506,18,27,14,21
20507,18,27,41,13
20508,18,27,21,16
20509,18,27,44,18
20510,18,27,16,41
20511,18,27,21,31
20512,18,27,26,45
20513,18,27,46,26
20514,18,27,44,26
20515,18,27,38,49
20516,18,27,38,35
20517,18,27,38,45
20518,18,27,49,44
20519,18,27,19,22
20520,18,27,25,10
20521,18,27,39,43
20522,18,27,43,49
20523,18,27,26,15
20524,18,27,11,44
20525,18,27,44,45
20526,18,27,45,39
20527,18,27,14,10
20528,18,27,40,42
20529,18,27,32,43
20530,18,27,23,18
20531,18,27,28,26
20532,18,27,15,10
20533,18,27,26,21
20534,18,27,31,20
20535,18,27,24,19
20536,18,27,38,13
20537,18,27,12,12
20538,18,27,49,35
20539,18,27,27,13
20540,18,27,20,44
20541,18,27,16,49
20542,18,27,34,45
20543,18,27,43,45
20544,18,27,31,43
20545,18,27,31,32
20546,18,27,38,42
20547,18,27,45,20
20548,18,27,38,29
20549,18,27,12,40
20550,18,27,44,11
20551,18,27,49,11
20552,18,27,19,45
20553,18,27,46,44
20554,18,27,49,30
20555,18,27,27,18
20556,18,27,14,42
20557,18,27,34,40
20558,18,27,24,47
20559,18,27,31,14
20560,18,27,32,35
20561,18,27,48,34
20562,18,27,30,21
20563,18,27,24,18
20564,18,27,29,39
20565,18,27,11,16
20566,18,27,26,30
20567,18,27,45,26
20568,18,27,49,23
20569,18,27,34,17
20570,18,27,29,42
20571,18,27,28,48
20572,18,27,42,30
20573,18,27,49,21
20574,18,27,16,42
20575,18,27,38,15
20576,18,27,47,17
20577,18,27,29,35
20578,18,27,17,12
20579,18,27,47,48
20580,18,27,16,45
20581,18,27,14,22
20582,18,27,44,32
20583,18,27,45,18
20584,18,27,26,18
20585,18,27,21,36
20586,18,27,30,42
20587,18,27,40,10
20588,18,27,21,22
20589,18,27,48,43
20590,18,27,29,24
20591,18,27,26,31
20592,18,27,14,13
20593,18,27,25,15
20594,18,27,40,30
20595,18,27,31,34
20596,18,27,46,27
20597,18,27,12,23
20598,18,27,40,26
20599,18,27,37,34
20600,18,27,22,30
20601,18,27,23,48
20602,18,27,49,34
20603,18,27,44,22
20604,18,27,20,34
20605,18,27,21,38
20606,18,27,41,18
20607,18,27,32,38
20608,18,27,29,17
20609,18,27,17,44
20610,18,27,41,11
20611,18,27,34,14
20612,18,27,47,41
20613,18,27,29,14
20614,18,27,24,32
20615,18,27,26,37
20616,18,27,31,42
20617,18,27,38,14
20618,18,27,13,23
20619,18,27,49,42
20620,18,27,45,33
20621,18,27,17,17
20622,18,27,12,16
20623,18,27,28,47
20624,18,27,48,18
20625,18,27,21,47
20626,18,27,14,19
20627,18,27,27,41
20628,18,27,41,22
20629,18,27,45,45
20630,18,27,14,32
20631,18,27,26,30
20632,18,27,18,31
20633,18,27,29,43
20634,18,27,42,38
20635,18,27,27,26
20636,18,27,34,28
20637,18,27,38,28
20638,18,27,24,21
20639,18,27,46,41
20640,18,27,16,31
20641,18,27,29,18
20642,18,27,27,27
20643,18,27,44,32
20644,18,27,22,17
20645,18,27,43,46
20646,18,27,23,16
20647,18,27,49,44
20648,18,27,48,33
20649,18,27,35,16
20650,18,27,37,20
20651,18,27,12,41
20652,18,27,41,42
20653,18,27,22,24
20654,18,27,32,20
20655,18,27,36,46
20656,18,27,32,36
20657,18,27,32,49
20658,18,27,39,26
20659,18,27,47,22
20660,18,27,10,33
20661,18,27,32,24
20662,18,27,40,17
20663,18,27,21,47
20664,18,27,46,11
20665,18,27,29,37
20666,18,27,40,31
20667,18,27,35,38
20668,18,27,33,35
20669,18,27,45,48
20670,18,27,31,19
20671,18,27,21,12
20672,18,27,40,16
20673,18,27,44,12
20674,18,27,44,49
20675,18,27,45,48
20676,18,27,24,26
20677,18,27,38,48
20678,18,27,36,17
20679,18,27,15,33
20680,18,27,28,45
20681,18,27,14,27
20682,18,27,29,42
20683,18,27,33,40
20684,18,27,28,26
20685,18,27,34,45
20686,18,27,10,40
20687,18,27,48,23
20688,18,27,25,13
20689,18,27,49,24
20690,18,27,21,22
20691,18,27,41,11
20692,18,27,36,17
20693,18,27,10,42
20694,18,27,20,20
20695,18,27,37,49
20696,18,27,36,38
20697,18,27,25,11
20698,18,27,10,17
20699,18,27,22,48
20700,18,27,28,37
20701,18,27,18,42
20702,18,27,15,44
20703,18,27,11,42
20704,18,27,35,12
20705,18,27,47,10
20706,18,27,35,38
20707,18,27,26,39
20708,18,27,24,49
20709,18,27,48,46
20710,18,27,39,11
20711,18,27,16,17
20712,18,27,46,49
20713,18,27,42,21
20714,18,27,28,14
20715,18,27,10,30
20716,18,27,40,12
20717,18,27,18,33
20718,18,27,42,25
20719,18,27,19,47
20720,18,27,11,49
20721,18,27,38,27
20722,18,27,28,44
20723,18,27,16,20
20724,18,27,27,23
20725,18,27,40,24
20726,18,27,48,21
20727,18,27,30,16
20728,18,27,39,48
20729,18,27,38,47
20730,18,27,40,43
20731,18,27,19,37
20732,18,27,46,22
20733,18,27,20,28
20734,18,27,12,37
20735,18,27,39,26
20736,18,27,47,29
20737,18,27,26,33
20738,18,27,39,34
20739,18,27,37,11
20740,18,27,24,23
20741,18,27,43,18
20742,18,27,16,12
20743,18,27,44,28
20744,18,27,20,39
20745,18,27,11,45
20746,18,27,33,11
20747,18,27,45,38
20748,18,27,26,37
20749,18,27,13,11
20750,18,27,20,13
20751,18,27,35,46
20752,18,27,19,29
20753,18,27,33,10
20754,18,27,39,14
20755,18,27,37,35
20756,18,27,32,36
20757,18,27,40,19
20758,18,27,19,12
20759,18,27,23,38
20760,18,27,42,48
20761,18,27,10,11
20762,18,27,23,48
20763,18,27,17,16
20764,18,27,10,28
20765,18,27,39,14
20766,18,27,19,11
20767,18,27,42,25
20768,18,27,23,18
20769,18,27,46,10
20770,18,27,43,41
20771,18,27,22,12
20772,18,27,40,22
20773,18,27,18,27
20774,18,27,32,31
20775,18,27,46,39
20776,18,27,40,49
20777,18,27,34,39
20778,18,27,17,45
20779,18,27,23,18
20780,18,27,25,11
20781,18,27,41,20
20782,18,27,45,17
20783,18,27,23,29
20784,18,27,46,48
20785,18,27,11,21
20786,18,27,37,17
20787,18,27,32,36
20788,18,27,17,24
20789,18,27,29,42
20790,18,27,32,45
20791,18,27,47,37
20792,18,27,16,29
20793,18,27,18,36
20794,18,27,23,20
20795,18,27,19,46
20796,18,27,37,23
20797,18,27,34,24
20798,18,27,45,35
20799,18,27,44,37
20800,18,27,24,20
20801,18,27,11,37
20802,18,27,43,31
20803,18,27,32,26
20804,18,27,46,28
20805,18,27,39,10
20806,18,27,10,36
20807,18,27,17,44
20808,18,27,30,30
20809,18,27,12,24
20810,18,27,29,49
20811,18,27,42,41
20812,18,27,17,32
20813,18,27,33,43
20814,18,27,26,26
20815,18,27,39,22
20816,18,27,20,24
20817,18,27,46,36
20818,18,27,16,26
20819,18,27,14,12
20820,18,27,22,18
20821,18,27,12,20
20822,18,27,47,34
20823,18,27,21,28
20824,18,27,10,45
20825,18,27,27,10
20826,18,27,37,26
20827,18,27,26,48
20828,18,27,41,12
20829,18,27,37,32
20830,18,27,44,20
20831,18,27,28,10
20832,18,27,11,29
20833,18,27,20,31
20834,18,27,22,49
20835,18,27,45,25
20836,18,27,17,21
20837,18,27,12,40
20838,18,27,37,15
20839,18,27,11,40
20840,18,27,33,17
20841,18,27,17,31
20842,18,27,47,30
20843,18,27,29,16
20844,18,27,34,33
20845,18,27,46,29
20846,18,27,32,16
20847,18,27,47,49
20848,18,27,44,33
20849,18,27,39,23
20850,18,27,26,36
20851,18,27,34,28
20852,18,27,42,24
20853,18,27,34,47
20854,18,27,21,16
20855,18,27,25,16
20856,18,27,42,48
20857,18,27,49,32
20858,18,27,11,17
20859,18,27,30,43
20860,18,27,35,49
20861,18,27,18,13
20862,18,27,11,48
20863,18,27,13,32
20864,18,27,45,42
20865,18,27,15,36
20866,18,27,45,46
20867,18,27,38,22
20868,18,27,29,25
20869,18,27,24,30
20870,18,27,30,13
20871,18,27,49,48
20872,18,27,30,20
20873,18,27,17,25
20874,18,27,14,42
20875,18,27,45,24
20876,18,27,45,41
20877,18,27,39,27
20878,18,27,25,30
20879,18,27,28,11
20880,18,27,31,30
20881,18,27,12,41
20882,18,27,32,12
20883,18,27,18,22
20884,18,27,45,21
20885,18,27,27,12
20886,18,27,22,49
20887,18,27,20,20
20888,18,27,16,25
20889,18,27,19,39
20890,18,27,11,11
20891,18,27,15,41
20892,18,27,41,31
20893,18,27,41,13
20894,18,27,12,48
20895,18,27,19,35
20896,18,27,49,28
20897,18,27,13,10
20898,18,27,19,49
20899,18,27,19,16
20900,18,27,30,27
20901,18,27,42,44
20902,18,27,46,12
20903,18,27,39,49
20904,18,27,34,20
20905,18,27,36,21
20906,18,27,12,48
20907,18,27,24,19
20908,18,27,14,10
20909,18,27,37,24
20910,18,27,35,26
20911,18,27,35,37
20912,18,27,49,21
20913,18,27,22,49
20914,18,27,25,17
20915,18,27,37,44
20916,18,27,29,34
20917,18,27,37,24
20918,18,27,29,13
20919,18,27,41,14
20920,18,27,45,44
20921,18,27,34,12
20922,18,27,38,16
20923,18,27,12,21
20924,18,27,23,25
20925,18,27,18,26
20926,18,27,13,25
20927,18,27,28,36
20928,18,27,31,45
20929,18,27,27,30
20930,18,27,22,29
20931,18,27,25,20
20932,18,27,49,46
20933,18,27,28,18
20934,18,27,10,38
20935,18,27,47,37
20936,18,27,45,45
20937,18,27,21,23
20938,18,27,46,18
20939,18,27,25,11
20940,18,27,19,28
20941,18,27,14,25
20942,18,27,12,20
20943,18,27,28,40
20944,18,27,39,26
20945,18,27,35,44
20946,18,27,38,22
20947,18,27,38,33
20948,18,27,24,34
20949,18,27,33,29
20950,18,27,20,21
20951,18,27,49,17
20952,18,27,48,24
20953,18,27,33,23
20954,18,27,30,42
20955,18,27,22,43
20956,18,27,21,25
20957,18,27,35,29
20958,18,27,34,39
20959,18,27,19,17
20960,18,27,34,26
20961,18,27,43,26
20962,18,27,10,15
20963,18,27,41,15
20964,18,27,18,31
20965,18,27,14,21
20966,18,27,30,15
20967,18,27,11,43
20968,18,27,10,42
20969,18,27,49,13
20970,18,27,38,22
20971,18,27,27,14
20972,18,27,15,41
20973,18,27,16,11
20974,18,27,21,26
20975,18,27,40,28
20976,18,27,39,18
20977,18,27,47,25
20978,18,27,20,14
20979,18,27,31,37
20980,18,27,31,18
20981,18,27,19,26
20982,18,27,27,41
20983,18,27,18,19
20984,18,27,13,45
20985,18,27,49,11
20986,18,27,48,49
20987,18,27,43,34
20988,18,27,19,20
20989,18,27,18,18
20990,18,27,42,42
20991,18,27,45,41
20992,18,27,20,34
20993,18,27,46,15
20994,18,27,21,32
20995,18,27,19,36
20996,18,27,21,18
20997,18,27,28,15
20998,18,27,41,17
20999,18,27,13,23
21000,18,27,35,21
21001,18,27,11,30
21002,18,27,19,22
21003,18,27,13,16
21004,18,27,41,41
21005,18,27,45,48
21006,18,27,21,20
21007,18,27,24,37
21008,18,27,48,38
21009,18,27,39,24
21010,18,27,22,44
21011,18,27,37,35
21012,18,27,24,16
21013,18,27,10,49
21014,18,27,31,37
21015,18,27,20,15
21016,18,27,28,49
21017,18,27,19,48
21018,18,27,23,45
21019,18,27,30,10
21020,18,27,37,47
21021,18,27,25,47
21022,18,27,32,38
21023,18,27,30,38
21024,18,27,26,32
21025,18,27,35,33
21026,18,27,14,39
21027,18,27,43,42
21028,18,27,40,11
21029,18,27,46,45
21030,18,27,29,22
21031,18,27,19,21
21032,18,27,44,28
21033,18,27,19,44
21034,18,27,33,31
21035,18,27,11,32
21036,18,27,13,31
21037,18,27,46,30
21038,18,27,11,17
21039,18,27,24,39
21040,18,27,32,19
21041,18,27,38,18
21042,18,27,45,13
21043,18,27,47,27
21044,18,27,27,37
21045,18,27,37,33
21046,18,27,31,31
21047,18,27,19,37
21048,18,27,30,48
21049,18,27,36,39
21050,18,27,42,46
21051,18,27,34,39
21052,18,27,11,13
21053,18,27,37,29
21054,18,27,11,30
21055,18,27,19,38
21056,18,27,25,46
21057,18,27,27,16
21058,18,27,10,46
21059,18,27,27,39
21060,18,27,15,13
21061,18,27,10,38
21062,18,27,23,44
21063,18,27,29,21
21064,18,27,40,22
21065,18,27,45,17
21066,18,27,12,24
21067,18,27,46,17
21068,18,27,26,30
21069,18,27,23,45
21070,18,27,24,38
21071,18,27,37,11
21072,18,27,19,10
21073,18,27,49,33
21074,18,27,29,22
21075,18,27,38,11
21076,18,27,17,34
21077,18,27,39,37
21078,18,27,20,21
21079,18,27,24,16
21080,18,27,10,15
21081,18,27,40,22
21082,18,27,39,45
21083,18,27,31,49
21084,18,27,40,49
21085,18,27,48,23
21086,18,27,43,25
21087,18,27,27,27
21088,18,27,10,26
21089,18,27,33,24
21090,18,27,29,11
21091,18,27,38,41
21092,18,27,15,37
21093,18,27,49,11
21094,18,27,25,49
21095,18,27,18,33
21096,18,27,39,49
21097,18,27,32,26
21098,18,27,28,19
21099,18,27,46,33
21100,18,27,30,24
21101,18,27,41,44
21102,18,27,45,23
21103,18,27,40,24
21104,18,27,47,32
21105,18,27,48,23
21106,18,27,27,33
21107,18,27,17,36
21108,18,27,13,22
21109,18,27,47,35
21110,18,27,28,39
21111,18,27,36,28
21112,18,27,42,25
21113,18,27,24,43
21114,18,27,29,47
21115,18,27,22,46
21116,18,27,46,32
21117,18,27,28,14
21118,18,27,31,36
21119,18,27,29,43
21120,18,27,23,27
21121,18,27,15,12
21122,18,27,30,43
21123,18,27,12,15
21124,18,27,40,45
21125,18,27,21,28
21126,18,27,37,31
21127,18,27,26,24
21128,18,27,11,30
21129,18,27,30,43
21130,18,27,35,42
21131,18,27,10,17
21132,18,27,27,16
21133,18,27,32,12
21134,18,27,33,46
21135,18,27,11,11
21136,18,27,21,30
21137,18,27,41,43
21138,18,27,10,11
21139,18,27,48,33
21140,18,27,35,14
21141,18,27,16,25
21142,18,27,47,31
21143,18,27,17,14
21144,18,27,17,21
21145,18,27,15,32
21146,18,27,46,23
21147,18,27,16,39
21148,18,27,12,38
21149,18,27,21,49
21150,18,27,12,46
21151,18,27,23,26
21152,18,27,33,15
21153,18,27,37,34
21154,18,27,34,31
21155,18,27,31,21
21156,18,27,14,25
21157,18,27,12,20
21158,18,27,37,28
21159,18,27,44,45
21160,18,27,13,22
21161,18,27,19,37
21162,18,27,42,34
21163,18,27,38,36
21164,18,27,10,23
21165,18,27,27,38
21166,18,27,49,45
21167,18,27,20,30
21168,18,27,45,32
21169,18,27,28,34
21170,18,27,16,11
21171,18,27,41,11
21172,18,27,17,41
21173,18,27,44,48
21174,18,27,45,12
21175,18,27,24,15
21176,18,27,21,22
21177,18,27,15,48
21178,18,27,48,41
21179,18,27,20,32
21180,18,27,48,29
21181,18,27,12,37
21182,18,27,42,15
21183,18,27,38,27
21184,18,27,35,29
21185,18,27,49,41
21186,18,27,28,26
21187,18,27,49,23
21188,18,27,26,17
21189,18,27,28,14
21190,18,27,37,11
21191,18,27,45,49
21192,18,27,18,38
21193,18,27,41,22
21194,18,27,14,15
21195,18,27,14,49
21196,18,27,29,35
21197,18,27,49,10
21198,18,27,18,23
21199,18,27,25,47
21200,18,27,13,44
21201,18,27,41,36
21202,18,27,34,17
21203,18,27,34,12
21204,18,27,43,17
21205,18,27,22,12
21206,18,27,29,35
21207,18,27,15,24
21208,18,27,42,33
21209,18,27,18,45
21210,18,27,14,46
21211,18,27,40,27
21212,18,27,16,37
21213,18,27,25,10
21214,18,27,46,37
21215,18,27,36,28
21216,18,27,21,39
21217,18,27,49,16
21218,18,27,19,28
21219,18,27,36,14
21220,18,27,36,35
21221,18,27,25,34
21222,18,27,26,41
21223,18,27,39,27
21224,18,27,38,43
21225,18,27,41,21
21226,18,27,18,47
21227,18,27,26,24
21228,18,27,38,38
21229,18,27,17,47
21230,18,27,26,48
21231,18,27,27,31
21232,18,27,44,24
21233,18,27,41,32
21234,18,27,37,20
21235,18,27,20,26
21236,18,27,42,33
21237,18,27,35,15
21238,18,27,43,43
21239,18,27,33,24
21240,18,27,42,15
21241,18,27,13,14
21242,18,27,41,13
21243,18,27,37,43
21244,18,27,12,23
21245,18,27,35,24
21246,18,27,20,11
21247,18,27,22,12
21248,18,27,39,26
21249,18,27,31,47
21250,18,27,29,13
21251,18,27,40,34
21252,18,27,27,42
21253,18,27,15,22
21254,18,27,40,13
21255,18,27,35,47
21256,18,27,30,34
21257,18,27,34,21
21258,18,27,43,15
21259,18,27,49,15
21260,18,27,23,26
21261,18,27,18,17
21262,18,27,34,25
21263,18,27,27,16
21264,18,27,12,46
21265,18,27,41,20
21266,18,27,42,13
21267,18,27,42,35
21268,18,27,39,12
21269,18,27,31,39
21270,18,27,48,20
21271,18,27,32,16
21272,18,27,21,45
21273,18,27,24,13
21274,18,27,31,13
21275,18,27,21,43
21276,18,27,17,29
21277,18,27,34,46
21278,18,27,14,39
21279,18,27,10,46
21280,18,27,32,11
21281,18,27,25,48
21282,18,27,14,29
21283,18,27,37,26
21284,18,27,12,37
21285,18,27,49,36
21286,18,27,39,18
21287,18,27,44,30
21288,18,27,48,39
21289,18,27,21,18
21290,18,27,40,37
21291,18,27,18,10
21292,18,27,28,26
21293,18,27,47,11
21294,18,27,27,32
21295,18,27,33,28
21296,18,27,36,49
21297,18,27,23,17
21298,18,27,18,36
21299,18,27,40,40
21300,18,27,28,28
21301,18,27,15,20
21302,18,27,39,11
21303,18,27,49,23
21304,18,27,15,13
21305,18,27,26,44
21306,18,27,28,44
21307,18,27,39,19
21308,18,27,44,34
21309,18,27,30,41
21310,18,27,37,28
21311,18,27,45,15
21312,18,27,28,19
21313,18,27,30,21
21314,18,27,10,25
21315,18,27,37,49
21316,18,27,39,29
21317,18,27,31,48
21318,18,27,38,19
21319,18,27,32,21
21320,18,27,15,21
21321,18,27,27,44
21322,18,27,44,19
21323,18,27,30,46
21324,18,27,13,17
21325,18,27,31,31
21326,18,27,39,48
21327,18,27,37,45
21328,18,27,18,34
21329,18,27,33,49
21330,18,27,30,43
21331,18,27,29,49
21332,18,27,25,11
21333,18,27,49,40
21334,18,27,48,25
21335,18,27,26,44
21336,18,27,40,31
21337,18,27,30,21
21338,18,27,36,29
21339,18,27,46,45
21340,18,27,28,25
21341,18,27,35,30
21342,18,27,11,42
21343,18,27,40,14
21344,18,27,38,41
21345,18,27,17,27
21346,18,27,44,13
21347,18,27,36,17
21348,18,27,33,42
21349,18,27,49,40
21350,18,27,16,33
21351,18,27,45,39
21352,18,27,14,46
21353,18,27,39,40
21354,18,27,28,12
21355,18,27,39,17
21356,18,27,26,36
21357,18,27,12,25
21358,18,27,38,41
21359,18,27,45,45
21360,18,27,16,48
21361,18,27,24,27
21362,18,27,36,16
21363,18,27,45,27
21364,18,27,48,47
21365,18,27,25,36
21366,18,27,39,10
21367,18,27,44,26
21368,18,27,32,29
21369,18,27,36,38
21370,18,27,49,19
21371,18,27,30,41
21372,18,27,19,24
21373,18,27,34,46
21374,18,27,37,13
21375,18,27,16,45
21376,18,27,12,11
21377,18,27,30,30
21378,18,27,11,32
21379,18,27,13,21
21380,18,27,34,49
21381,18,27,35,38
21382,18,27,41,29
21383,18,27,24,29
21384,18,27,48,26
21385,18,27,33,45
21386,18,27,43,18
21387,18,27,42,35
21388,18,27,47,37
21389,18,27,45,39
21390,18,27,43,45
21391,18,27,33,23
21392,18,27,49,39
21393,18,27,28,12
21394,18,27,27,31
21395,18,27,24,35
21396,18,27,10,36
21397,18,27,38,45
21398,18,27,29,42
21399,18,27,49,34
21400,18,27,23,42
21401,18,27,17,30
21402,18,27,38,41
21403,18,27,38,43
21404,18,27,49,13
21405,18,27,26,47
21406,18,27,21,19
21407,18,27,17,16
21408,18,27,44,46
21409,18,27,45,42
21410,18,27,28,45
21411,18,27,21,23
21412,18,27,14,21
21413,18,27,14,46
21414,18,27,43,27
21415,18,27,34,43
21416,18,27,13,30
21417,18,27,25,24
21418,18,27,23,33
21419,18,27,10,36
21420,18,27,24,41
21421,18,27,33,38
21422,18,27,21,12
21423,18,27,40,20
21424,18,27,43,24
21425,18,27,11,35
21426,18,27,24,28
21427,18,27,29,49
21428,18,27,35,12
21429,18,27,22,40
21430,18,27,18,44
21431,18,27,42,21
21432,18,27,35,11
21433,18,27,16,31
21434,18,27,49,36
21435,18,27,31,21
21436,18,27,38,49
21437,18,27,30,47
21438,18,27,31,34
21439,18,27,41,45
21440,18,27,27,21
21441,18,27,17,14
21442,18,27,32,44
21443,18,27,46,16
21444,18,27,15,36
21445,18,27,37,13
21446,18,27,13,32
21447,18,27,33,13
21448,18,27,34,39
21449,18,27,25,16
21450,18,27,18,24
21451,18,27,29,42
21452,18,27,10,30
21453,18,27,12,37
21454,18,27,12,47
21455,18,27,48,49
21456,18,27,10,16
21457,18,27,48,28
21458,18,27,44,32
21459,18,27,15,41
21460,18,27,41,17
21461,18,27,22,47
21462,18,27,18,49
21463,18,27,43,27
21464,18,27,20,29
21465,18,27,26,13
21466,18,27,46,41
21467,18,27,20,47
21468,18,27,40,35
21469,18,27,28,17
21470,18,27,24,13
21471,18,27,19,23
21472,18,27,38,29
21473,18,27,20,24
21474,18,27,19,18
21475,18,27,12,19
21476,18,27,41,22
21477,18,27,48,25
21478,18,27,38,43
21479,18,27,47,42
21480,18,27,47,10
21481,18,27,35,47
21482,18,27,36,22
21483,18,27,30,14
21484,18,27,30,30
21485,18,27,49,29
21486,18,27,25,38
21487,18,27,11,42
21488,18,27,36,29
21489,18,27,37,37
21490,18,27,47,30
21491,18,27,30,38
21492,18,27,26,16
21493,18,27,46,41
21494,18,27,43,13
21495,18,27,32,25
21496,18,27,32,33
21497,18,27,39,42
21498,18,27,37,25
21499,18,27,36,25
21500,18,27,23,45
21501,18,27,41,45
21502,18,27,48,25
21503,18,27,30,29
21504,18,27,42,37
21505,18,27,36,19
21506,18,27,25,34
21507,18,27,11,18
21508,18,27,44,26
21509,18,27,33,15
21510,18,27,48,17
21511,18,27,49,31
21512,18,27,11,47
21513,18,27,43,37
21514,18,27,26,12
21515,18,27,10,42
21516,18,27,16,35
21517,18,27,48,34
21518,18,27,40,44
21519,18,27,28,13
21520,18,27,25,32
21521,18,27,28,36
21522,18,27,36,40
21523,18,27,38,16
21524,18,27,27,33
21525,18,27,43,34
21526,18,27,17,42
21527,18,27,27,16
21528,18,27,43,16
21529,18,27,28,31
21530,18,27,49,20
21531,18,27,11,39
21532,18,27,18,29
21533,18,27,10,23
21534,18,27,44,15
21535,18,27,44,45
21536,18,27,10,11
21537,18,27,20,32
21538,18,27,28,35
21539,18,27,47,31
21540,18,27,24,17
21541,18,27,32,46
21542,18,27,32,16
21543,18,27,18,18
21544,18,27,41,36
21545,18,27,37,30
21546,18,27,12,33
21547,18,27,44,31
21548,18,27,14,19
21549,18,27,12,46
21550,18,27,42,47
21551,18,27,14,32
21552,18,27,24,21
21553,18,27,10,13
21554,18,27,33,29
21555,18,27,22,35
21556,18,27,18,33
21557,18,27,27,32
21558,18,27,13,34
21559,18,27,47,16
21560,18,27,45,42
21561,18,27,43,45
21562,18,27,16,14
21563,18,27,20,37
21564,18,27,14,25
21565,18,27,29,35
21566,18,27,26,43
21567,18,27,21,47
21568,18,27,27,27
21569,18,27,41,38
21570,18,27,36,18
21571,18,27,41,16
21572,18,27,43,13
21573,18,27,49,23
21574,18,27,40,16
21575,18,27,14,38
21576,18,27,27,22
21577,18,27,24,27
21578,18,27,49,43
21579,18,27,12,23
21580,18,27,20,18
21581,18,27,39,17
21582,18,27,33,32
21583,18,27,36,36
21584,18,27,14,14
21585,18,27,29,37
21586,18,27,33,30
21587,18,27,25,29
21588,18,27,19,11
21589,18,27,17,32
21590,18,27,35,41
21591,18,27,14,17
21592,18,27,17,14
21593,18,27,23,44
21594,18,27,24,12
21595,18,27,45,17
21596,18,27,37,27
21597,18,27,16,44
21598,18,27,35,21
21599,18,27,49,45
21600,18,27,37,33
21601,18,27,31,36
21602,18,27,31,21
21603,18,27,32,33
21604,18,27,42,21
21605,18,27,33,31
21606,18,27,20,33
21607,18,27,37,33
21608,18,27,16,32
21609,18,27,13,24
21610,18,27,19,11
21611,18,27,33,34
21612,18,27,49,11
21613,18,27,23,13
21614,18,27,16,30
21615,18,27,24,40
21616,18,27,28,27
21617,18,27,27,11
21618,18,27,33,38
21619,18,27,21,30
21620,18,27,43,17
21621,18,27,22,29
21622,18,27,49,27
21623,18,27,33,36
21624,18,27,15,12
21625,18,27,31,45
21626,18,27,49,38
21627,18,27,36,43
21628,18,27,45,27
21629,18,27,39,16
21630,18,27,29,49
21631,18,27,29,30
21632,18,27,21,45
21633,18,27,42,38
21634,18,27,41,35
21635,18,27,34,25
21636,18,27,49,31
21637,18,27,36,23
21638,18,27,23,20
21639,18,27,30,23
21640,18,27,39,21
21641,18,27,11,12
21642,18,27,26,37
21643,18,27,30,11
21644,18,27,44,32
21645,18,27,31,30
21646,18,27,45,12
21647,18,27,41,17
21648,18,27,25,15
21649,18,27,26,19
21650,18,27,28,23
21651,18,27,49,46
21652,18,27,46,14
21653,18,27,15,18
21654,18,27,13,47
21655,18,27,13,25
21656,18,27,11,30
21657,18,27,48,10
21658,18,27,44,46
21659,18,27,48,17
21660,18,27,41,24
21661,18,27,14,37
21662,18,27,18,27
21663,18,27,36,34
21664,18,27,10,26
21665,18,27,44,21
21666,18,27,24,26
21667,18,27,18,34
21668,18,27,43,47
21669,18,27,13,48
21670,18,27,31,29
21671,18,27,23,42
21672,18,27,37,37
21673,18,27,27,27
21674,18,27,29,47
21675,18,27,41,27
21676,18,27,42,48
21677,18,27,34,35
21678,18,27,38,28
21679,18,27,49,45
21680,18,27,15,15
21681,18,27,45,30
21682,18,27,26,36
21683,18,27,22,36
21684,18,27,14,20
21685,18,27,38,13
21686,18,27,14,33
21687,18,27,34,17
21688,18,27,38,47
21689,18,27,31,31
21690,18,27,27,29
21691,18,27,28,22
21692,18,27,12,28
21693,18,27,30,26
21694,18,27,37,30
21695,18,27,16,13
21696,18,27,48,27
21697,18,27,34,37
21698,18,27,25,38
21699,18,27,41,13
21700,18,27,37,26
21701,18,27,34,15
21702,18,27,36,30
21703,18,27,49,29
21704,18,27,19,39
21705,18,27,15,48
21706,18,27,34,28
21707,18,27,24,44
21708,18,27,34,23
21709,18,27,21,20
21710,18,27,41,40
21711,18,27,48,17
21712,18,27,34,39
21713,18,27,33,47
21714,18,27,37,39
21715,18,27,31,22
21716,18,27,26,27
21717,18,27,17,24
21718,18,27,48,25
21719,18,27,34,37
21720,18,27,37,19
21721,18,27,13,42
21722,18,27,40,19
21723,18,27,47,33
21724,18,27,17,34
21725,18,27,36,28
21726,18,27,31,48
21727,18,27,35,38
21728,18,27,40,13
21729,18,27,42,14
21730,18,27,49,25
21731,18,27,32,16
21732,18,27,24,34
21733,18,27,36,48
21734,18,27,19,31
21735,18,27,15,42
21736,18,27,38,35
21737,18,27,34,36
21738,18,27,25,15
21739,18,27,14,34
21740,18,27,16,49
21741,18,27,45,49
21742,18,27,47,19
21743,18,27,23,33
21744,18,27,43,30
21745,18,27,35,18
21746,18,27,22,39
21747,18,27,14,33
21748,18,27,30,40
21749,18,27,17,30
21750,18,27,11,40
21751,18,27,46,23
21752,18,27,35,18
21753,18,27,14,14
21754,18,27,36,35
21755,18,27,26,27
21756,18,27,40,40
21757,18,27,18,30
21758,18,27,15,11
21759,18,27,12,33
21760,18,27,37,24
21761,18,27,42,32
21762,18,27,27,11
21763,18,27,33,23
21764,18,27,29,21
21765,18,27,33,40
21766,18,27,25,21
21767,18,27,42,41
21768,18,27,46,23
21769,18,27,20,46
21770,18,27,26,24
21771,18,27,23,22
21772,18,27,10,41
21773,18,27,11,10
21774,18,27,44,43
21775,18,27,39,24
21776,18,27,33,47
21777,18,27,16,24
21778,18,27,37,44
21779,18,27,41,34
21780,18,27,34,34
21781,18,27,16,11
21782,18,27,39,37
21783,18,27,25,24
21784,18,27,20,42
21785,18,27,36,48
21786,18,27,28,42
21787,18,27,11,28
21788,18,27,15,47
21789,18,27,39,31
21790,18,27,38,31
21791,18,27,26,28
21792,18,27,11,12
21793,18,27,16,31
21794,18,27,23,41
21795,18,27,24,27
21796,18,27,21,39
21797,18,27,38,32
21798,18,27,28,25
21799,18,27,34,49
21800,18,27,47,31
21801,18,27,14,22
21802,18,27,30,42
21803,18,27,19,49
21804,18,27,39,13
21805,18,27,38,30
21806,18,27,47,46
21807,18,27,35,36
21808,18,27,14,11
21809,18,27,36,13
21810,18,27,33,30
21811,18,27,48,22
21812,18,27,14,41
21813,18,27,13,26
21814,18,27,43,38
21815,18,27,23,44
21816,18,27,49,34
21817,18,27,14,44
21818,18,27,39,24
21819,18,27,24,35
21820,18,27,45,32
21821,18,27,43,27
21822,18,27,11,43
21823,18,27,16,42
21824,18,27,18,48
21825,18,27,20,16
21826,18,27,14,39
21827,18,27,28,23
21828,18,27,32,20
21829,18,27,32,21
21830,18,27,40,19
21831,18,27,40,24
21832,18,27,49,32
21833,18,27,37,23
21834,18,27,24,30
21835,18,27,28,48
21836,18,27,32,39
21837,18,27,24,28
21838,18,27,41,20
21839,18,27,30,32
21840,18,27,31,21
21841,18,27,28,17
21842,18,27,26,44
21843,18,27,11,32
21844,18,27,24,47
21845,18,27,32,11
21846,18,27,17,45
21847,18,27,39,40
21848,18,27,21,31
21849,18,27,35,11
21850,18,27,41,42
21851,18,27,13,49
21852,18,27,35,45
21853,18,27,14,49
21854,18,27,45,21
21855,18,27,28,31
21856,18,27,19,44
21857,18,27,34,32
21858,18,27,27,40
21859,18,27,30,36
21860,18,27,27,44
21861,18,27,46,46
21862,18,27,20,12
21863,18,27,43,46
21864,18,27,10,43
21865,18,27,49,39
21866,18,27,37,12
21867,18,27,36,42
21868,18,27,16,14
21869,18,27,49,12
21870,18,27,37,40
21871,18,27,11,38
21872,18,27,27,48
21873,18,27,41,32
21874,18,27,18,40
21875,18,27,31,26
21876,18,27,23,34
21877,18,27,13,24
21878,18,27,45,28
21879,18,27,11,24
21880,18,27,38,35
21881,18,27,28,14
21882,18,27,40,44
21883,18,27,19,45
21884,18,27,44,26
21885,18,27,26,26
21886,18,27,18,14
21887,18,27,10,29
21888,18,27,39,18
21889,18,27,31,41
21890,18,27,13,31
21891,18,27,12,24
21892,18,27,43,49
21893,18,27,22,37
21894,18,27,44,12
21895,18,27,48,21
21896,18,27,45,34
21897,18,27,31,34
21898,18,27,11,34
21899,18,27,47,29
21900,18,27,43,36
21901,18,27,34,33
21902,18,27,10,24
21903,18,27,21,46
21904,18,27,33,25
21905,18,27,17,37
21906,18,27,11,28
21907,18,27,16,16
21908,18,27,49,21
21909,18,27,24,34
21910,18,27,11,31
21911,18,27,12,21
21912,18,27,43,22
21913,18,27,24,21
21914,18,27,28,30
21915,18,27,20,29
21916,18,27,15,46
21917,18,27,14,36
21918,18,27,39,16
21919,18,27,37,43
21920,18,27,46,39
21921,18,27,30,20
21922,18,27,16,42
21923,18,27,40,42
21924,18,27,38,48
21925,18,27,41,42
21926,18,27,12,31
21927,18,27,38,13
21928,18,27,41,40
21929,18,27,45,36
21930,18,27,17,34
21931,18,27,36,14
21932,18,27,41,13
21933,18,27,22,43
21934,18,27,45,42
21935,18,27,17,30
21936,18,27,14,28
21937,18,27,23,46
21938,18,27,34,49
21939,18,27,43,11
21940,18,27,12,22
21941,18,27,33,17
21942,18,27,41,27
21943,18,27,49,37
21944,18,27,48,44
21945,18,27,43,42
21946,18,27,49,43
21947,18,27,45,19
21948,18,27,26,45
21949,18,27,27,18
21950,18,27,30,32
21951,18,27,22,36
21952,18,27,23,44
21953,18,27,10,41
21954,18,27,11,32
21955,18,27,22,42
21956,18,27,44,49
21957,18,27,33,20
21958,18,27,46,39
21959,18,27,15,18
21960,18,27,41,19
21961,18,27,44,17
21962,18,27,43,27
21963,18,27,11,47
21964,18,27,19,13
21965,18,27,44,17
21966,18,27,29,42
21967,18,27,35,47
21968,18,27,11,23
21969,18,27,35,38
21970,18,27,34,28
21971,18,27,27,10
21972,18,27,22,17
21973,18,27,49,28
21974,18,27,29,31
21975,18,27,15,28
21976,18,27,29,49
21977,18,27,39,31
21978,18,27,35,47
21979,18,27,23,16
21980,18,27,11,28
21981,18,27,46,16
21982,18,27,45,18
21983,18,27,49,36
21984,18,27,27,19
21985,18,27,12,31
21986,18,27,19,23
21987,18,27,23,22
21988,18,27,34,44
21989,18,27,41,34
21990,18,27,36,19
21991,18,27,40,39
21992,18,27,14,30
21993,18,27,46,38
21994,18,27,38,40
21995,18,27,20,38
21996,18,27,34,31
21997,18,27,23,15
21998,18,27,19,15
21999,18,27,11,43
22000,18,27,29,33
22001,18,27,33,29
22002,18,27,42,16
22003,18,27,17,16
22004,18,27,19,21
22005,18,27,24,17
22006,18,27,48,46
22007,18,27,26,17
22008,18,27,24,15
22009,18,27,32,39
22010,18,27,49,38
22011,18,27,13,36
22012,18,27,38,11
22013,18,27,17,16
22014,18,27,46,33
22015,18,27,23,10
22016,18,27,39,48
22017,18,27,25,44
22018,18,27,16,39
22019,18,27,27,16
22020,18,27,28,25
22021,18,27,34,15
22022,18,27,12,42
22023,18,27,39,34
22024,18,27,29,27
22025,18,27,46,35
22026,18,27,25,37
22027,18,27,31,35
22028,18,27,24,24
22029,18,27,33,29
22030,18,27,23,19
22031,18,27,32,46
22032,18,27,45,35
22033,18,27,46,18
22034,18,27,23,24
22035,18,27,27,37
22036,18,27,46,38
22037,18,27,48,23
22038,18,27,41,21
22039,18,27,19,36
22040,18,27,31,26
22041,18,27,49,48
22042,18,27,32,23
22043,18,27,42,22
22044,18,27,34,30
22045,18,27,46,13
22046,18,27,41,10
22047,18,27,32,16
22048,18,27,10,16
22049,18,27,15,18
22050,18,27,29,25
22051,18,27,49,35
22052,18,27,24,42
22053,18,27,17,10
22054,18,27,36,49
22055,18,27,19,24
22056,18,27,49,46
22057,18,27,13,13
22058,18,27,17,38
22059,18,27,14,30
22060,18,27,28,37
22061,18,27,47,32
22062,18,27,43,20
22063,18,27,24,11
22064,18,27,34,28
22065,18,27,43,30
22066,18,27,23,39
22067,18,27,41,39
22068,18,27,37,37
22069,18,27,39,45
22070,18,27,49,48
22071,18,27,31,36
22072,18,27,37,23
22073,18,27,41,16
22074,18,27,39,36
22075,18,27,32,36
22076,18,27,49,37
22077,18,27,33,30
22078,18,27,20,39
22079,18,27,37,28
22080,18,27,37,21
22081,18,27,29,49
22082,18,27,34,29
22083,18,27,48,26
22084,18,27,25,48
22085,18,27,38,40
22086,18,27,32,25
22087,18,27,19,40
22088,18,27,26,10
22089,18,27,36,36
22090,18,27,22,36
22091,18,27,22,48
22092,18,27,15,46
22093,18,27,27,14
22094,18,27,43,43
22095,18,27,35,34
22096,18,27,41,41
22097,18,27,40,26
22098,18,27,42,12
22099,18,27,30,19
22100,18,27,34,28
22101,18,27,16,47
22102,18,27,33,31
22103,18,27,17,18
22104,18,27,20,18
22105,18,27,21,12
22106,18,27,29,37
22107,18,27,38,28
22108,18,27,46,42
22109,18,27,27,33
22110,18,27,15,39
22111,18,27,36,43
22112,18,27,38,21
22113,18,27,33,45
22114,18,27,36,14
22115,18,27,37,34
22116,18,27,11,48
22117,18,27,19,24
22118,18,27,10,13
22119,18,27,32,31
22120,18,27,17,24
22121,18,27,21,15
22122,18,27,16,33
22123,18,27,32,34
22124,18,27,19,35
22125,18,27,46,10
22126,18,27,39,31
22127,18,27,34,25
22128,18,27,13,48
22129,18,27,21,31
22130,18,27,25,36
22131,18,27,19,43
22132,18,27,30,29
22133,18,27,28,47
22134,18,27,47,24
22135,18,27,26,27
22136,18,27,19,38
22137,18,27,38,48
22138,18,27,18,10
22139,18,27,41,10
22140,18,27,11,16
22141,18,27,27,17
22142,18,27,44,15
22143,18,27,26,17
22144,18,27,12,39
22145,18,27,24,22
22146,18,27,40,29
22147,18,27,39,46
22148,18,27,37,30
22149,18,27,37,31
22150,18,27,19,40
22151,18,27,20,19
22152,18,27,42,13
22153,18,27,49,13
22154,18,27,19,35
22155,18,27,23,44
22156,18,27,12,37
22157,18,27,45,44
22158,18,27,40,23
22159,18,27,41,24
22160,18,27,44,26
22161,18,27,21,28
22162,18,27,23,26
22163,18,27,16,14
22164,18,27,37,15
22165,18,27,47,40
22166,18,27,14,27
22167,18,27,20,43
22168,18,27,29,29
22169,18,27,38,20
22170,18,27,34,37
22171,18,27,23,29
22172,18,27,27,16
22173,18,27,26,24
22174,18,27,43,34
22175,18,27,31,23
22176,18,27,36,14
22177,18,27,48,13
22178,18,27,24,28
22179,18,27,27,43
22180,18,27,48,10
22181,18,27,41,15
22182,18,27,26,39
22183,18,27,30,32
22184,18,27,19,11
22185,18,27,31,30
22186,18,27,26,10
22187,18,27,15,29
22188,18,27,14,38
22189,18,27,12,20
22190,18,27,47,35
22191,18,27,23,19
22192,18,27,11,12
22193,18,27,11,11
22194,18,27,36,46
22195,18,27,46,23
22196,18,27,21,32
22197,18,27,33,22
22198,18,27,36,39
22199,18,27,29,39
22200,18,27,31,47
22201,18,27,18,22
22202,18,27,31,15
22203,18,27,37,19
22204,18,27,40,19
22205,18,27,28,41
22206,18,27,12,47
22207,18,27,49,15
22208,18,27,32,38
22209,18,27,15,45
22210,18,27,35,44
22211,18,27,14,46
22212,18,27,25,37
22213,18,27,15,45
22214,18,27,20,46
22215,18,27,23,37
22216,18,27,30,17
22217,18,27,31,27
22218,18,27,39,28
22219,18,27,45,18
22220,18,27,27,31
22221,18,27,11,13
22222,18,27,14,49
22223,18,27,14,39
22224,18,27,38,17
22225,18,27,22,36
22226,18,27,36,16
22227,18,27,33,12
22228,18,27,39,42
22229,18,27,25,39
22230,18,27,49,17
22231,18,27,22,19
22232,18,27,19,33
22233,18,27,15,26
22234,18,27,21,19
22235,18,27,23,34
22236,18,27,27,48
22237,18,27,16,14
22238,18,27,29,41
22239,18,27,31,38
22240,18,27,40,39
22241,18,27,44,32
22242,18,27,43,24
22243,18,27,20,14
22244,18,27,19,44
22245,18,27,27,29
22246,18,27,21,46
22247,18,27,13,28
22248,18,27,40,44
22249,18,27,30,35
22250,18,27,37,35
22251,18,27,14,43
22252,18,27,10,19
22253,18,27,29,16
22254,18,27,37,32
22255,18,27,29,10
22256,18,27,19,48
22257,18,27,20,21
22258,18,27,42,28
22259,18,27,30,31
22260,18,27,20,13
22261,18,27,35,40
22262,18,27,43,44
22263,18,27,39,14
22264,18,27,48,29
22265,18,27,39,47
22266,18,27,22,24
22267,18,27,20,42
22268,18,27,28,35
22269,18,27,47,23
22270,18,27,13,42
22271,18,27,30,18
22272,18,27,20,37
22273,18,27,27,33
22274,18,27,39,31
22275,18,27,24,38
22276,18,27,17,21
22277,18,27,34,23
22278,18,27,20,45
22279,18,27,12,35
22280,18,27,35,11
22281,18,27,39,10
22282,18,27,37,39
22283,18,27,42,25
22284,18,27,25,46
22285,18,27,14,37
22286,18,27,41,25
22287,18,27,36,41
22288,18,27,25,18
22289,18,27,24,32
22290,18,27,43,16
22291,18,27,47,45
22292,18,27,28,39
22293,18,27,29,38
22294,18,27,48,21
22295,18,27,46,31
22296,18,27,20,43
22297,18,27,25,32
22298,18,27,24,36
22299,18,27,23,24
22300,18,27,23,32
22301,18,27,42,20
22302,18,27,25,48
22303,18,27,12,46
22304,18,27,12,14
22305,18,27,33,29
22306,18,27,27,19
22307,18,27,10,12
22308,18,27,10,39
22309,18,27,37,12
22310,18,27,49,11
22311,18,27,11,22
22312,18,27,16,16
22313,18,27,28,34
22314,18,27,16,34
22315,18,27,25,31
22316,18,27,26,22
22317,18,27,26,25
22318,18,27,22,13
22319,18,27,28,28
22320,18,27,39,20
22321,18,27,45,19
22322,18,27,11,46
22323,18,27,29,37
22324,18,27,28,32
22325,18,27,10,39
22326,18,27,39,31
22327,18,27,18,14
22328,18,27,20,27
22329,18,27,27,11
22330,18,27,20,28
22331,18,27,29,38
22332,18,27,24,18
22333,18,27,25,38
22334,18,27,39,27
22335,18,27,44,40
22336,18,27,29,41
22337,18,27,21,49
22338,18,27,17,26
22339,18,27,32,29
22340,18,27,19,31
22341,18,27,23,44
22342,18,27,32,14
22343,18,27,18,16
22344,18,27,13,40
22345,18,27,29,31
22346,18,27,18,47
22347,18,27,40,28
22348,18,27,34,21
22349,18,27,17,25
22350,18,27,17,22
22351,18,27,29,12
22352,18,27,28,29
22353,18,27,28,45
22354,18,27,31,16
22355,18,27,31,26
22356,18,27,15,16
22357,18,27,40,29
22358,18,27,24,38
22359,18,27,37,14
22360,18,27,14,12
22361,18,27,11,35
22362,18,27,41,28
22363,18,27,26,36
22364,18,27,36,49
22365,18,27,47,10
22366,18,27,14,31
22367,18,27,43,19
22368,18,27,41,49
22369,18,27,17,32
22370,18,27,45,11
22371,18,27,34,23
22372,18,27,11,44
22373,18,27,21,29
22374,18,27,37,27
22375,18,27,21,31
22376,18,27,20,39
22377,18,27,30,12
22378,18,27,21,22
22379,18,27,41,42
22380,18,27,34,17
22381,18,27,35,22
22382,18,27,38,23
22383,18,27,48,13
22384,18,27,10,23
22385,18,27,35,11
22386,18,27,22,28
22387,18,27,45,46
22388,18,27,19,12
22389,18,27,25,21
22390,18,27,15,46
22391,18,27,24,24
22392,18,27,30,24
22393,18,27,46,23
22394,18,27,11,29
22395,18,27,11,20
22396,18,27,16,41
22397,18,27,29,10
22398,18,27,16,16
22399,18,27,20,17
22400,18,27,17,33
22401,18,27,17,17
22402,18,27,22,15
22403,18,27,48,27
22404,18,27,20,18
22405,18,27,31,29
22406,18,27,27,18
22407,18,27,26,42
22408,18,27,28,17
22409,18,27,38,13
22410,18,27,31,41
22411,18,27,10,12
22412,18,27,32,32
22413,18,27,26,34
22414,18,27,46,45
22415,18,27,26,25
22416,18,27,36,34
22417,18,27,44,30
22418,18,27,12,43
22419,18,27,45,12
22420,18,27,45,33
22421,18,27,14,12
22422,18,27,49,34
22423,18,27,44,42
22424,18,27,38,40
22425,18,27,40,14
22426,18,27,36,49
22427,18,27,36,24
22428,18,27,10,14
22429,18,27,47,37
22430,18,27,11,33
22431,18,27,35,15
22432,18,27,42,17
22433,18,27,27,26
22434,18,27,42,41
22435,18,27,12,48
22436,18,27,34,11
22437,18,27,31,45
22438,18,27,49,18
22439,18,27,15,48
22440,18,27,31,28
22441,18,27,14,23
22442,18,27,15,26
22443,18,27,22,48
22444,18,27,20,11
22445,18,27,26,15
22446,18,27,15,30
22447,18,27,17,10
22448,18,27,31,23
22449,18,27,33,17
22450,18,27,34,49
22451,18,27,40,29
22452,18,27,15,16
22453,18,27,38,15
22454,18,27,11,39
22455,18,27,25,45
22456,18,27,46,39
22457,18,27,44,19
22458,18,27,14,46
22459,18,27,17,36
22460,18,27,44,33
22461,18,27,35,13
22462,18,27,37,24
22463,18,27,35,13
22464,18,27,49,26
22465,18,27,47,35
22466,18,27,20,14
22467,18,27,48,30
22468,18,27,32,27
22469,18,27,27,11
22470,18,27,23,29
22471,18,27,39,42
22472,18,27,16,24
22473,18,27,14,49
22474,18,27,36,47
22475,18,27,35,12
22476,18,27,21,15
22477,18,27,27,36
22478,18,27,48,48
22479,18,27,22,24
22480,18,27,49,39
22481,18,27,42,42
22482,18,27,28,49
22483,18,27,39,14
22484,18,27,24,41
22485,18,27,16,28
22486,18,27,12,11
22487,18,27,10,27
22488,18,27,11,27
22489,18,27,27,27
22490,18,27,44,21
22491,18,27,13,29
22492,18,27,11,13
22493,18,27,21,49
22494,18,27,42,42
22495,18,27,37,41
22496,18,27,35,47
22497,18,27,13,27
22498,18,27,25,25
22499,18,27,41,41
22500,18,27,14,30
22501,18,27,12,24
22502,18,27,13,14
22503,18,27,41,49
22504,18,27,11,46
22505,18,27,23,19
22506,18,27,17,32
22507,18,27,33,19
22508,18,27,33,36
22509,18,27,37,25
22510,18,27,17,49
22511,18,27,35,18
22512,18,27,13,15
22513,18,27,19,49
22514,18,27,38,49
22515,18,27,13,32
22516,18,27,17,48
22517,18,27,21,12
22518,18,27,16,10
22519,18,27,37,35
22520,18,27,12,43
22521,18,27,28,46
22522,18,27,26,29
22523,18,27,45,27
22524,18,27,44,15
22525,18,27,35,14
22526,18,27,16,16
22527,18,27,13,37
