,PANAS.Positive_Predicted,PANAS.Negative_Predicted,PANAS.Positive_Actual,PANAS.Negative_Actual
0,31.0,10.0,31.0,10.0
1,31.0,10.0,31.0,10.0
2,31.0,10.0,30.0,13.0
3,31.0,10.0,31.0,10.0
4,31.0,10.0,32.0,10.0
5,31.0,10.0,31.0,11.0
6,31.0,10.0,30.0,13.0
7,31.0,10.0,31.0,11.0
8,31.0,10.0,31.0,10.0
9,31.0,10.0,32.0,10.0
10,31.0,10.0,30.0,13.0
11,31.0,10.0,31.0,10.0
12,31.0,10.0,28.0,14.0
13,31.0,10.0,30.0,13.0
14,31.0,10.0,27.0,17.0
15,31.0,10.0,31.0,10.0
16,31.0,10.0,31.0,11.0
17,31.0,10.0,32.0,10.0
18,31.0,10.0,27.0,17.0
19,31.0,10.0,27.0,17.0
20,31.0,10.0,30.0,13.0
21,31.0,10.0,26.0,12.0
22,31.0,10.0,31.0,10.0
23,31.0,10.0,32.0,10.0
24,31.0,10.0,28.0,14.0
25,31.0,10.0,31.0,11.0
26,31.0,10.0,31.0,10.0
27,31.0,10.0,26.0,12.0
28,31.0,10.0,28.0,14.0
29,31.0,10.0,28.0,14.0
30,31.0,10.0,31.0,10.0
31,31.0,10.0,31.0,10.0
32,31.0,10.0,31.0,11.0
33,31.0,10.0,30.0,13.0
34,31.0,10.0,28.0,14.0
35,31.0,10.0,28.0,14.0
36,31.0,10.0,26.0,12.0
37,31.0,10.0,28.0,14.0
38,31.0,10.0,28.0,14.0
39,31.0,10.0,31.0,11.0
40,31.0,10.0,26.0,12.0
41,31.0,10.0,28.0,14.0
42,31.0,10.0,30.0,13.0
43,31.0,10.0,31.0,10.0
44,31.0,10.0,31.0,11.0
45,31.0,10.0,31.0,11.0
46,31.0,10.0,31.0,11.0
47,31.0,10.0,28.0,14.0
48,31.0,10.0,31.0,10.0
49,31.0,10.0,31.0,10.0
50,31.0,10.0,30.0,13.0
51,31.0,10.0,30.0,13.0
52,31.0,10.0,26.0,12.0
53,31.0,10.0,26.0,12.0
54,31.0,10.0,31.0,10.0
55,31.0,10.0,30.0,13.0
56,31.0,10.0,28.0,14.0
57,31.0,10.0,26.0,12.0
58,31.0,10.0,27.0,17.0
59,31.0,10.0,26.0,12.0
60,31.0,10.0,31.0,10.0
61,31.0,10.0,31.0,10.0
62,31.0,10.0,31.0,10.0
63,31.0,10.0,32.0,10.0
64,31.0,10.0,31.0,10.0
65,31.0,10.0,31.0,10.0
66,31.0,10.0,30.0,13.0
67,31.0,10.0,31.0,10.0
68,31.0,10.0,30.0,13.0
69,31.0,10.0,31.0,10.0
70,31.0,10.0,31.0,10.0
71,31.0,10.0,28.0,14.0
72,31.0,10.0,30.0,13.0
73,31.0,10.0,31.0,10.0
74,31.0,10.0,32.0,10.0
75,31.0,10.0,26.0,12.0
76,31.0,10.0,32.0,10.0
77,31.0,10.0,31.0,10.0
78,31.0,10.0,30.0,13.0
79,31.0,10.0,30.0,13.0
80,31.0,10.0,26.0,12.0
81,31.0,10.0,26.0,12.0
82,31.0,10.0,31.0,10.0
83,31.0,10.0,32.0,10.0
84,31.0,10.0,31.0,11.0
85,31.0,10.0,31.0,10.0
86,31.0,10.0,30.0,13.0
87,31.0,10.0,27.0,17.0
88,31.0,10.0,30.0,13.0
89,31.0,10.0,30.0,13.0
90,31.0,10.0,31.0,10.0
91,31.0,10.0,26.0,12.0
92,31.0,10.0,31.0,10.0
93,31.0,10.0,26.0,12.0
94,31.0,10.0,28.0,14.0
95,31.0,10.0,26.0,12.0
96,31.0,10.0,30.0,13.0
97,31.0,10.0,31.0,10.0
98,31.0,10.0,28.0,14.0
99,31.0,10.0,26.0,12.0
100,31.0,10.0,31.0,10.0
101,31.0,10.0,31.0,10.0
102,31.0,10.0,31.0,10.0
103,31.0,10.0,31.0,10.0
104,31.0,10.0,31.0,11.0
105,31.0,10.0,28.0,14.0
106,31.0,10.0,31.0,10.0
107,31.0,10.0,30.0,13.0
108,31.0,10.0,31.0,10.0
109,31.0,10.0,31.0,10.0
110,31.0,10.0,26.0,12.0
111,31.0,10.0,28.0,14.0
112,31.0,10.0,27.0,17.0
113,31.0,10.0,32.0,10.0
114,31.0,10.0,31.0,10.0
115,31.0,10.0,31.0,10.0
116,31.0,10.0,31.0,10.0
117,31.0,10.0,31.0,10.0
118,31.0,10.0,28.0,14.0
119,31.0,10.0,31.0,10.0
120,31.0,10.0,30.0,13.0
121,31.0,10.0,30.0,13.0
122,31.0,10.0,30.0,13.0
123,31.0,10.0,31.0,11.0
124,31.0,10.0,31.0,10.0
125,31.0,10.0,31.0,11.0
126,31.0,10.0,26.0,12.0
127,31.0,10.0,31.0,10.0
128,31.0,10.0,31.0,10.0
129,31.0,10.0,32.0,10.0
130,31.0,10.0,31.0,10.0
131,31.0,10.0,32.0,10.0
132,31.0,10.0,32.0,10.0
133,31.0,10.0,30.0,13.0
134,31.0,10.0,28.0,14.0
135,31.0,10.0,32.0,10.0
136,31.0,10.0,31.0,10.0
137,31.0,10.0,31.0,10.0
138,31.0,10.0,31.0,10.0
139,31.0,10.0,30.0,13.0
140,31.0,10.0,31.0,10.0
141,31.0,10.0,28.0,14.0
142,31.0,10.0,27.0,17.0
143,31.0,10.0,32.0,10.0
144,31.0,10.0,27.0,17.0
145,31.0,10.0,32.0,10.0
146,31.0,10.0,32.0,10.0
147,31.0,10.0,31.0,11.0
148,31.0,10.0,31.0,10.0
149,31.0,10.0,31.0,10.0
150,31.0,10.0,31.0,10.0
151,31.0,10.0,31.0,10.0
152,31.0,10.0,26.0,12.0
153,31.0,10.0,32.0,10.0
154,31.0,10.0,31.0,10.0
155,31.0,10.0,31.0,11.0
156,31.0,10.0,32.0,10.0
157,31.0,10.0,28.0,14.0
158,31.0,10.0,31.0,11.0
159,31.0,10.0,27.0,17.0
160,31.0,10.0,28.0,14.0
161,31.0,10.0,30.0,13.0
162,31.0,10.0,32.0,10.0
163,31.0,10.0,26.0,12.0
164,31.0,10.0,31.0,10.0
165,31.0,10.0,30.0,13.0
166,31.0,10.0,27.0,17.0
167,31.0,10.0,31.0,11.0
168,31.0,10.0,31.0,10.0
169,31.0,10.0,32.0,10.0
170,31.0,10.0,28.0,14.0
171,31.0,10.0,31.0,10.0
172,31.0,10.0,28.0,14.0
173,31.0,10.0,28.0,14.0
174,31.0,10.0,28.0,14.0
175,31.0,10.0,31.0,10.0
176,31.0,10.0,31.0,10.0
177,31.0,10.0,28.0,14.0
178,31.0,10.0,27.0,17.0
179,31.0,10.0,31.0,11.0
180,31.0,10.0,31.0,10.0
181,31.0,10.0,28.0,14.0
182,31.0,10.0,31.0,10.0
183,31.0,10.0,31.0,10.0
184,31.0,10.0,27.0,17.0
185,31.0,10.0,30.0,13.0
186,31.0,10.0,31.0,11.0
187,31.0,10.0,31.0,10.0
188,31.0,10.0,32.0,10.0
189,31.0,10.0,32.0,10.0
190,31.0,10.0,27.0,17.0
191,31.0,10.0,31.0,10.0
192,31.0,10.0,31.0,10.0
193,31.0,10.0,30.0,13.0
194,31.0,10.0,26.0,12.0
195,31.0,10.0,31.0,10.0
196,31.0,10.0,31.0,10.0
197,31.0,10.0,32.0,10.0
198,31.0,10.0,30.0,13.0
199,31.0,10.0,27.0,17.0
200,31.0,10.0,31.0,10.0
201,31.0,10.0,27.0,17.0
202,31.0,10.0,31.0,10.0
203,31.0,10.0,26.0,12.0
204,31.0,10.0,26.0,12.0
205,31.0,10.0,31.0,10.0
206,31.0,10.0,32.0,10.0
207,31.0,10.0,28.0,14.0
208,31.0,10.0,31.0,10.0
209,31.0,10.0,31.0,10.0
210,31.0,10.0,31.0,11.0
211,31.0,10.0,31.0,10.0
212,31.0,10.0,32.0,10.0
213,31.0,10.0,31.0,11.0
214,31.0,10.0,31.0,10.0
215,31.0,10.0,31.0,10.0
216,31.0,10.0,31.0,10.0
217,31.0,10.0,28.0,14.0
218,31.0,10.0,27.0,17.0
219,31.0,10.0,31.0,11.0
220,31.0,10.0,26.0,12.0
221,31.0,10.0,31.0,10.0
222,31.0,10.0,26.0,12.0
223,31.0,10.0,31.0,11.0
224,31.0,10.0,31.0,11.0
225,31.0,10.0,31.0,10.0
226,31.0,10.0,32.0,10.0
227,31.0,10.0,31.0,10.0
228,31.0,10.0,26.0,12.0
229,31.0,10.0,27.0,17.0
230,31.0,10.0,30.0,13.0
231,31.0,10.0,28.0,14.0
232,31.0,10.0,31.0,10.0
233,31.0,10.0,31.0,11.0
234,31.0,10.0,31.0,10.0
235,31.0,10.0,28.0,14.0
236,31.0,10.0,26.0,12.0
237,31.0,10.0,28.0,14.0
238,31.0,10.0,31.0,10.0
239,31.0,10.0,30.0,13.0
240,31.0,10.0,28.0,14.0
241,31.0,10.0,31.0,11.0
242,31.0,10.0,28.0,14.0
243,31.0,10.0,31.0,10.0
244,31.0,10.0,26.0,12.0
245,31.0,10.0,27.0,17.0
246,31.0,10.0,32.0,10.0
247,31.0,10.0,28.0,14.0
248,31.0,10.0,32.0,10.0
249,31.0,10.0,26.0,12.0
250,31.0,10.0,31.0,10.0
251,31.0,10.0,27.0,17.0
252,31.0,10.0,31.0,10.0
253,31.0,10.0,32.0,10.0
254,31.0,10.0,31.0,11.0
255,31.0,10.0,26.0,12.0
256,31.0,10.0,28.0,14.0
257,31.0,10.0,31.0,10.0
258,31.0,10.0,31.0,10.0
259,31.0,10.0,31.0,10.0
260,31.0,10.0,26.0,12.0
261,31.0,10.0,31.0,10.0
262,31.0,10.0,30.0,13.0
263,31.0,10.0,31.0,11.0
264,31.0,10.0,30.0,13.0
265,31.0,10.0,31.0,10.0
266,31.0,10.0,32.0,10.0
267,31.0,10.0,31.0,10.0
268,31.0,10.0,26.0,12.0
269,31.0,10.0,30.0,13.0
270,31.0,10.0,30.0,13.0
271,31.0,10.0,27.0,17.0
272,31.0,10.0,26.0,12.0
273,31.0,10.0,31.0,10.0
274,31.0,10.0,31.0,10.0
275,31.0,10.0,31.0,11.0
276,31.0,10.0,31.0,10.0
277,31.0,10.0,28.0,14.0
278,31.0,10.0,31.0,10.0
279,31.0,10.0,31.0,10.0
280,31.0,10.0,28.0,14.0
281,31.0,10.0,26.0,12.0
282,31.0,10.0,31.0,11.0
283,31.0,10.0,31.0,10.0
284,31.0,10.0,26.0,12.0
285,31.0,10.0,32.0,10.0
286,31.0,10.0,31.0,10.0
287,31.0,10.0,30.0,13.0
288,31.0,10.0,28.0,14.0
289,31.0,10.0,31.0,10.0
290,31.0,10.0,26.0,12.0
291,31.0,10.0,28.0,14.0
292,31.0,10.0,31.0,11.0
293,31.0,10.0,31.0,10.0
294,31.0,10.0,30.0,13.0
295,31.0,10.0,31.0,11.0
296,31.0,10.0,32.0,10.0
297,31.0,10.0,31.0,10.0
298,31.0,10.0,28.0,14.0
299,31.0,10.0,27.0,17.0
300,31.0,10.0,28.0,14.0
301,31.0,10.0,27.0,17.0
302,31.0,10.0,32.0,10.0
303,31.0,10.0,28.0,14.0
304,31.0,10.0,26.0,12.0
305,31.0,10.0,31.0,11.0
306,31.0,10.0,31.0,10.0
307,31.0,10.0,30.0,13.0
308,31.0,10.0,30.0,13.0
309,31.0,10.0,31.0,10.0
310,31.0,10.0,30.0,13.0
311,31.0,10.0,31.0,10.0
312,31.0,10.0,30.0,13.0
313,31.0,10.0,31.0,11.0
314,31.0,10.0,31.0,10.0
315,31.0,10.0,31.0,11.0
316,31.0,10.0,32.0,10.0
317,31.0,10.0,27.0,17.0
318,31.0,10.0,28.0,14.0
319,31.0,10.0,31.0,10.0
320,31.0,10.0,26.0,12.0
321,31.0,10.0,31.0,10.0
322,31.0,10.0,31.0,11.0
323,31.0,10.0,28.0,14.0
324,31.0,10.0,27.0,17.0
325,31.0,10.0,31.0,10.0
326,31.0,10.0,31.0,10.0
327,31.0,10.0,27.0,17.0
328,31.0,10.0,27.0,17.0
329,31.0,10.0,31.0,11.0
330,31.0,10.0,26.0,12.0
331,31.0,10.0,31.0,10.0
332,31.0,10.0,31.0,10.0
333,31.0,10.0,28.0,14.0
334,31.0,10.0,27.0,17.0
335,31.0,10.0,27.0,17.0
336,31.0,10.0,31.0,10.0
337,31.0,10.0,31.0,10.0
338,31.0,10.0,30.0,13.0
339,31.0,10.0,31.0,11.0
340,31.0,10.0,31.0,11.0
341,31.0,10.0,32.0,10.0
342,31.0,10.0,27.0,17.0
343,31.0,10.0,28.0,14.0
344,31.0,10.0,28.0,14.0
345,31.0,10.0,31.0,10.0
346,31.0,10.0,26.0,12.0
347,31.0,10.0,31.0,11.0
348,31.0,10.0,26.0,12.0
349,31.0,10.0,31.0,10.0
350,31.0,10.0,26.0,12.0
351,31.0,10.0,31.0,10.0
352,31.0,10.0,30.0,13.0
353,31.0,10.0,28.0,14.0
354,31.0,10.0,31.0,10.0
355,31.0,10.0,31.0,10.0
356,31.0,10.0,26.0,12.0
357,31.0,10.0,26.0,12.0
358,31.0,10.0,26.0,12.0
359,31.0,10.0,28.0,14.0
360,31.0,10.0,30.0,13.0
361,31.0,10.0,32.0,10.0
362,31.0,10.0,26.0,12.0
363,31.0,10.0,31.0,10.0
364,31.0,10.0,27.0,17.0
365,31.0,10.0,28.0,14.0
366,31.0,10.0,27.0,17.0
367,31.0,10.0,31.0,10.0
368,31.0,10.0,31.0,10.0
369,31.0,10.0,31.0,10.0
370,31.0,10.0,31.0,11.0
371,31.0,10.0,27.0,17.0
372,31.0,10.0,31.0,10.0
373,31.0,10.0,31.0,10.0
374,31.0,10.0,31.0,11.0
375,31.0,10.0,31.0,11.0
376,31.0,10.0,30.0,13.0
377,31.0,10.0,30.0,13.0
378,31.0,10.0,28.0,14.0
379,31.0,10.0,27.0,17.0
380,31.0,10.0,31.0,10.0
381,31.0,10.0,27.0,17.0
382,31.0,10.0,26.0,12.0
383,31.0,10.0,31.0,10.0
384,31.0,10.0,31.0,10.0
385,31.0,10.0,28.0,14.0
386,31.0,10.0,31.0,10.0
387,31.0,10.0,31.0,11.0
388,31.0,10.0,31.0,10.0
389,31.0,10.0,32.0,10.0
390,31.0,10.0,28.0,14.0
391,31.0,10.0,28.0,14.0
392,31.0,10.0,32.0,10.0
393,31.0,10.0,28.0,14.0
394,31.0,10.0,31.0,10.0
395,31.0,10.0,31.0,10.0
396,31.0,10.0,31.0,11.0
397,31.0,10.0,31.0,11.0
398,31.0,10.0,31.0,10.0
399,31.0,10.0,31.0,10.0
400,31.0,10.0,32.0,10.0
401,31.0,10.0,27.0,17.0
402,31.0,10.0,31.0,10.0
403,31.0,10.0,30.0,13.0
404,31.0,10.0,28.0,14.0
405,31.0,10.0,26.0,12.0
406,31.0,10.0,30.0,13.0
407,31.0,10.0,28.0,14.0
408,31.0,10.0,31.0,10.0
409,31.0,10.0,31.0,10.0
410,31.0,10.0,31.0,10.0
411,31.0,10.0,27.0,17.0
412,31.0,10.0,31.0,10.0
413,31.0,10.0,30.0,13.0
414,31.0,10.0,31.0,10.0
415,31.0,10.0,30.0,13.0
416,31.0,10.0,32.0,10.0
417,31.0,10.0,32.0,10.0
418,31.0,10.0,32.0,10.0
419,31.0,10.0,26.0,12.0
420,31.0,10.0,32.0,10.0
421,31.0,10.0,31.0,11.0
422,31.0,10.0,31.0,11.0
423,31.0,10.0,31.0,10.0
424,31.0,10.0,31.0,10.0
425,31.0,10.0,31.0,10.0
426,31.0,10.0,32.0,10.0
427,31.0,10.0,27.0,17.0
428,31.0,10.0,32.0,10.0
429,31.0,10.0,26.0,12.0
430,31.0,10.0,28.0,14.0
431,31.0,10.0,32.0,10.0
432,31.0,10.0,30.0,13.0
433,31.0,10.0,31.0,11.0
434,31.0,10.0,32.0,10.0
435,31.0,10.0,32.0,10.0
436,31.0,10.0,26.0,12.0
437,31.0,10.0,28.0,14.0
438,31.0,10.0,28.0,14.0
439,31.0,10.0,31.0,10.0
440,31.0,10.0,30.0,13.0
441,31.0,10.0,32.0,10.0
442,31.0,10.0,30.0,13.0
443,31.0,10.0,31.0,10.0
444,31.0,10.0,28.0,14.0
445,31.0,10.0,31.0,10.0
446,31.0,10.0,26.0,12.0
447,31.0,10.0,31.0,10.0
448,31.0,10.0,32.0,10.0
449,31.0,10.0,28.0,14.0
450,31.0,10.0,32.0,10.0
451,31.0,10.0,32.0,10.0
452,31.0,10.0,28.0,14.0
453,31.0,10.0,31.0,11.0
454,31.0,10.0,31.0,10.0
455,31.0,10.0,31.0,10.0
456,31.0,10.0,31.0,11.0
457,31.0,10.0,31.0,10.0
458,31.0,10.0,31.0,10.0
459,31.0,10.0,26.0,12.0
460,31.0,10.0,31.0,10.0
461,31.0,10.0,30.0,13.0
462,31.0,10.0,32.0,10.0
463,31.0,10.0,31.0,10.0
464,31.0,10.0,31.0,10.0
465,31.0,10.0,31.0,10.0
466,31.0,10.0,26.0,12.0
467,31.0,10.0,28.0,14.0
468,31.0,10.0,26.0,12.0
469,31.0,10.0,31.0,10.0
470,31.0,10.0,28.0,14.0
471,31.0,10.0,26.0,12.0
472,31.0,10.0,31.0,10.0
473,31.0,10.0,28.0,14.0
474,31.0,10.0,31.0,10.0
475,31.0,10.0,31.0,10.0
476,31.0,10.0,28.0,14.0
477,31.0,10.0,27.0,17.0
478,31.0,10.0,31.0,10.0
479,31.0,10.0,30.0,13.0
480,31.0,10.0,31.0,11.0
481,31.0,10.0,30.0,13.0
482,31.0,10.0,27.0,17.0
483,31.0,10.0,32.0,10.0
484,31.0,10.0,26.0,12.0
485,31.0,10.0,32.0,10.0
486,31.0,10.0,31.0,10.0
487,31.0,10.0,26.0,12.0
488,31.0,10.0,28.0,14.0
489,31.0,10.0,26.0,12.0
490,31.0,10.0,32.0,10.0
491,31.0,10.0,26.0,12.0
492,31.0,10.0,28.0,14.0
493,31.0,10.0,31.0,10.0
494,31.0,10.0,27.0,17.0
495,31.0,10.0,30.0,13.0
496,31.0,10.0,31.0,10.0
497,31.0,10.0,31.0,10.0
498,31.0,10.0,26.0,12.0
499,31.0,10.0,28.0,14.0
500,31.0,10.0,26.0,12.0
501,31.0,10.0,32.0,10.0
502,31.0,10.0,32.0,10.0
503,31.0,10.0,31.0,11.0
504,31.0,10.0,31.0,10.0
505,31.0,10.0,28.0,14.0
506,31.0,10.0,32.0,10.0
507,31.0,10.0,31.0,11.0
508,31.0,10.0,31.0,10.0
509,31.0,10.0,31.0,10.0
510,31.0,10.0,27.0,17.0
511,31.0,10.0,28.0,14.0
512,31.0,10.0,28.0,14.0
513,31.0,10.0,30.0,13.0
514,31.0,10.0,26.0,12.0
515,31.0,10.0,27.0,17.0
516,31.0,10.0,32.0,10.0
517,31.0,10.0,30.0,13.0
518,31.0,10.0,27.0,17.0
519,31.0,10.0,26.0,12.0
520,31.0,10.0,28.0,14.0
521,31.0,10.0,26.0,12.0
522,31.0,10.0,31.0,10.0
523,31.0,10.0,30.0,13.0
524,31.0,10.0,31.0,11.0
525,31.0,10.0,30.0,13.0
526,31.0,10.0,31.0,11.0
527,31.0,10.0,31.0,10.0
528,31.0,10.0,31.0,10.0
529,31.0,10.0,27.0,17.0
530,31.0,10.0,31.0,10.0
531,31.0,10.0,32.0,10.0
532,31.0,10.0,32.0,10.0
533,31.0,10.0,26.0,12.0
534,31.0,10.0,32.0,10.0
535,31.0,10.0,31.0,10.0
536,31.0,10.0,32.0,10.0
537,31.0,10.0,32.0,10.0
538,31.0,10.0,27.0,17.0
539,31.0,10.0,26.0,12.0
540,31.0,10.0,31.0,11.0
541,31.0,10.0,31.0,10.0
542,31.0,10.0,32.0,10.0
543,31.0,10.0,32.0,10.0
544,31.0,10.0,30.0,13.0
545,31.0,10.0,28.0,14.0
546,31.0,10.0,31.0,11.0
547,31.0,10.0,31.0,11.0
548,31.0,10.0,31.0,10.0
549,31.0,10.0,31.0,10.0
550,31.0,10.0,26.0,12.0
551,31.0,10.0,27.0,17.0
552,31.0,10.0,28.0,14.0
553,31.0,10.0,30.0,13.0
554,31.0,10.0,31.0,11.0
555,31.0,10.0,26.0,12.0
556,31.0,10.0,31.0,10.0
557,31.0,10.0,30.0,13.0
558,31.0,10.0,32.0,10.0
559,31.0,10.0,31.0,10.0
560,31.0,10.0,28.0,14.0
561,31.0,10.0,30.0,13.0
562,31.0,10.0,31.0,11.0
563,31.0,10.0,27.0,17.0
564,31.0,10.0,30.0,13.0
565,31.0,10.0,31.0,11.0
566,31.0,10.0,30.0,13.0
567,31.0,10.0,27.0,17.0
568,31.0,10.0,31.0,10.0
569,31.0,10.0,32.0,10.0
570,31.0,10.0,31.0,10.0
571,31.0,10.0,31.0,10.0
572,31.0,10.0,30.0,13.0
573,31.0,10.0,26.0,12.0
574,31.0,10.0,26.0,12.0
575,31.0,10.0,28.0,14.0
576,31.0,10.0,26.0,12.0
577,31.0,10.0,26.0,12.0
578,31.0,10.0,31.0,10.0
579,31.0,10.0,32.0,10.0
580,31.0,10.0,30.0,13.0
581,31.0,10.0,32.0,10.0
582,31.0,10.0,30.0,13.0
583,31.0,10.0,26.0,12.0
584,31.0,10.0,27.0,17.0
585,31.0,10.0,31.0,10.0
586,31.0,10.0,32.0,10.0
587,31.0,10.0,26.0,12.0
588,31.0,10.0,31.0,10.0
589,31.0,10.0,26.0,12.0
590,31.0,10.0,30.0,13.0
591,31.0,10.0,32.0,10.0
592,31.0,10.0,27.0,17.0
593,31.0,10.0,27.0,17.0
594,31.0,10.0,31.0,11.0
595,31.0,10.0,32.0,10.0
596,31.0,10.0,30.0,13.0
597,31.0,10.0,31.0,11.0
598,31.0,10.0,32.0,10.0
599,31.0,10.0,31.0,10.0
600,31.0,10.0,31.0,10.0
601,31.0,10.0,28.0,14.0
602,31.0,10.0,26.0,12.0
603,31.0,10.0,31.0,10.0
604,31.0,10.0,31.0,11.0
605,31.0,10.0,31.0,10.0
606,31.0,10.0,30.0,13.0
607,31.0,10.0,31.0,10.0
608,31.0,10.0,27.0,17.0
609,31.0,10.0,32.0,10.0
610,31.0,10.0,31.0,10.0
611,31.0,10.0,26.0,12.0
612,31.0,10.0,26.0,12.0
613,31.0,10.0,30.0,13.0
614,31.0,10.0,31.0,10.0
615,31.0,10.0,30.0,13.0
616,31.0,10.0,26.0,12.0
617,31.0,10.0,28.0,14.0
618,31.0,10.0,31.0,10.0
619,31.0,10.0,32.0,10.0
620,31.0,10.0,31.0,11.0
621,31.0,10.0,27.0,17.0
622,31.0,10.0,31.0,10.0
623,31.0,10.0,31.0,10.0
624,31.0,10.0,28.0,14.0
625,31.0,10.0,30.0,13.0
626,31.0,10.0,31.0,10.0
627,31.0,10.0,32.0,10.0
628,31.0,10.0,31.0,10.0
629,31.0,10.0,26.0,12.0
630,31.0,10.0,31.0,10.0
631,31.0,10.0,26.0,12.0
632,31.0,10.0,30.0,13.0
633,31.0,10.0,31.0,11.0
634,31.0,10.0,31.0,11.0
635,31.0,10.0,31.0,10.0
636,31.0,10.0,27.0,17.0
637,31.0,10.0,31.0,10.0
638,31.0,10.0,31.0,10.0
639,31.0,10.0,28.0,14.0
640,31.0,10.0,31.0,11.0
641,31.0,10.0,32.0,10.0
642,31.0,10.0,30.0,13.0
643,31.0,10.0,31.0,10.0
644,31.0,10.0,31.0,10.0
645,31.0,10.0,31.0,10.0
646,31.0,10.0,26.0,12.0
647,31.0,10.0,28.0,14.0
648,31.0,10.0,32.0,10.0
649,31.0,10.0,26.0,12.0
650,31.0,10.0,31.0,10.0
651,31.0,10.0,31.0,10.0
652,31.0,10.0,31.0,10.0
653,31.0,10.0,26.0,12.0
654,31.0,10.0,31.0,10.0
655,31.0,10.0,31.0,10.0
656,31.0,10.0,31.0,10.0
657,31.0,10.0,27.0,17.0
658,31.0,10.0,26.0,12.0
659,31.0,10.0,31.0,10.0
660,31.0,10.0,28.0,14.0
661,31.0,10.0,31.0,10.0
662,31.0,10.0,28.0,14.0
663,31.0,10.0,31.0,11.0
664,31.0,10.0,31.0,10.0
665,31.0,10.0,27.0,17.0
666,31.0,10.0,27.0,17.0
667,31.0,10.0,32.0,10.0
668,31.0,10.0,26.0,12.0
669,31.0,10.0,30.0,13.0
670,31.0,10.0,31.0,11.0
671,31.0,10.0,27.0,17.0
672,31.0,10.0,32.0,10.0
673,31.0,10.0,31.0,10.0
674,31.0,10.0,32.0,10.0
675,31.0,10.0,32.0,10.0
676,31.0,10.0,31.0,11.0
677,31.0,10.0,27.0,17.0
678,31.0,10.0,31.0,10.0
679,31.0,10.0,28.0,14.0
680,31.0,10.0,27.0,17.0
681,31.0,10.0,31.0,10.0
682,31.0,10.0,31.0,10.0
683,31.0,10.0,31.0,10.0
684,31.0,10.0,31.0,10.0
685,31.0,10.0,30.0,13.0
686,31.0,10.0,30.0,13.0
687,31.0,10.0,27.0,17.0
688,31.0,10.0,31.0,10.0
689,31.0,10.0,32.0,10.0
690,31.0,10.0,26.0,12.0
691,31.0,10.0,31.0,10.0
692,31.0,10.0,31.0,11.0
693,31.0,10.0,28.0,14.0
694,31.0,10.0,27.0,17.0
695,31.0,10.0,28.0,14.0
696,31.0,10.0,31.0,10.0
697,31.0,10.0,31.0,10.0
698,31.0,10.0,31.0,11.0
699,31.0,10.0,30.0,13.0
700,31.0,10.0,32.0,10.0
701,31.0,10.0,31.0,10.0
702,31.0,10.0,31.0,11.0
703,31.0,10.0,31.0,11.0
704,31.0,10.0,32.0,10.0
705,31.0,10.0,28.0,14.0
706,31.0,10.0,28.0,14.0
707,31.0,10.0,31.0,10.0
708,31.0,10.0,27.0,17.0
709,31.0,10.0,26.0,12.0
710,31.0,10.0,28.0,14.0
711,31.0,10.0,27.0,17.0
712,31.0,10.0,31.0,10.0
713,31.0,10.0,31.0,10.0
714,31.0,10.0,31.0,11.0
715,31.0,10.0,28.0,14.0
716,31.0,10.0,27.0,17.0
717,31.0,10.0,31.0,10.0
718,31.0,10.0,31.0,10.0
719,31.0,10.0,27.0,17.0
720,31.0,10.0,26.0,12.0
721,31.0,10.0,31.0,10.0
722,31.0,10.0,32.0,10.0
723,31.0,10.0,28.0,14.0
724,31.0,10.0,31.0,10.0
725,31.0,10.0,31.0,11.0
726,31.0,10.0,30.0,13.0
727,31.0,10.0,31.0,10.0
728,31.0,10.0,31.0,11.0
729,31.0,10.0,31.0,11.0
730,31.0,10.0,32.0,10.0
731,31.0,10.0,27.0,17.0
732,31.0,10.0,31.0,11.0
733,31.0,10.0,27.0,17.0
734,31.0,10.0,31.0,10.0
735,31.0,10.0,27.0,17.0
736,31.0,10.0,27.0,17.0
737,31.0,10.0,31.0,10.0
738,31.0,10.0,28.0,14.0
739,31.0,10.0,26.0,12.0
740,31.0,10.0,32.0,10.0
741,31.0,10.0,26.0,12.0
742,31.0,10.0,26.0,12.0
743,31.0,10.0,28.0,14.0
744,31.0,10.0,31.0,11.0
745,31.0,10.0,27.0,17.0
746,31.0,10.0,31.0,10.0
747,31.0,10.0,26.0,12.0
748,31.0,10.0,30.0,13.0
749,31.0,10.0,31.0,10.0
750,31.0,10.0,31.0,11.0
751,31.0,10.0,31.0,10.0
752,31.0,10.0,31.0,10.0
753,31.0,10.0,31.0,10.0
754,31.0,10.0,32.0,10.0
755,31.0,10.0,31.0,10.0
756,31.0,10.0,28.0,14.0
757,31.0,10.0,28.0,14.0
758,31.0,10.0,28.0,14.0
759,31.0,10.0,32.0,10.0
760,31.0,10.0,26.0,12.0
761,31.0,10.0,32.0,10.0
762,31.0,10.0,31.0,10.0
763,31.0,10.0,31.0,10.0
764,31.0,10.0,31.0,10.0
765,31.0,10.0,30.0,13.0
766,31.0,10.0,26.0,12.0
767,31.0,10.0,31.0,11.0
768,31.0,10.0,30.0,13.0
769,31.0,10.0,28.0,14.0
770,31.0,10.0,31.0,11.0
771,31.0,10.0,31.0,10.0
772,31.0,10.0,31.0,10.0
773,31.0,10.0,26.0,12.0
774,31.0,10.0,30.0,13.0
775,31.0,10.0,31.0,10.0
776,31.0,10.0,31.0,11.0
777,31.0,10.0,28.0,14.0
778,31.0,10.0,32.0,10.0
779,31.0,10.0,32.0,10.0
780,31.0,10.0,27.0,17.0
781,31.0,10.0,27.0,17.0
782,31.0,10.0,31.0,10.0
783,31.0,10.0,31.0,11.0
784,31.0,10.0,26.0,12.0
785,31.0,10.0,31.0,10.0
786,31.0,10.0,28.0,14.0
787,31.0,10.0,32.0,10.0
788,31.0,10.0,31.0,10.0
789,31.0,10.0,32.0,10.0
790,31.0,10.0,31.0,10.0
791,31.0,10.0,31.0,10.0
792,31.0,10.0,28.0,14.0
793,31.0,10.0,26.0,12.0
794,31.0,10.0,31.0,10.0
795,31.0,10.0,28.0,14.0
796,31.0,10.0,28.0,14.0
797,31.0,10.0,31.0,10.0
798,31.0,10.0,28.0,14.0
799,31.0,10.0,27.0,17.0
800,31.0,10.0,30.0,13.0
801,31.0,10.0,32.0,10.0
802,31.0,10.0,31.0,10.0
803,31.0,10.0,31.0,10.0
804,31.0,10.0,28.0,14.0
805,31.0,10.0,26.0,12.0
806,31.0,10.0,31.0,11.0
807,31.0,10.0,31.0,10.0
808,31.0,10.0,31.0,10.0
809,31.0,10.0,31.0,11.0
810,31.0,10.0,31.0,10.0
811,31.0,10.0,31.0,10.0
812,31.0,10.0,30.0,13.0
813,31.0,10.0,28.0,14.0
814,31.0,10.0,26.0,12.0
815,31.0,10.0,27.0,17.0
816,31.0,10.0,27.0,17.0
817,31.0,10.0,31.0,11.0
818,31.0,10.0,26.0,12.0
819,31.0,10.0,31.0,10.0
820,31.0,10.0,30.0,13.0
821,31.0,10.0,28.0,14.0
822,31.0,10.0,31.0,11.0
823,31.0,10.0,31.0,11.0
824,31.0,10.0,31.0,11.0
825,31.0,10.0,31.0,10.0
826,31.0,10.0,28.0,14.0
827,31.0,10.0,31.0,10.0
828,31.0,10.0,30.0,13.0
829,31.0,10.0,31.0,10.0
830,31.0,10.0,30.0,13.0
831,31.0,10.0,31.0,11.0
832,31.0,10.0,28.0,14.0
833,31.0,10.0,27.0,17.0
834,31.0,10.0,30.0,13.0
835,31.0,10.0,31.0,10.0
836,31.0,10.0,31.0,11.0
837,31.0,10.0,30.0,13.0
838,31.0,10.0,31.0,10.0
839,31.0,10.0,31.0,10.0
840,31.0,10.0,30.0,13.0
841,31.0,10.0,28.0,14.0
842,31.0,10.0,31.0,10.0
843,31.0,10.0,31.0,10.0
844,31.0,10.0,30.0,13.0
845,31.0,10.0,27.0,17.0
846,31.0,10.0,31.0,10.0
847,31.0,10.0,32.0,10.0
848,31.0,10.0,27.0,17.0
849,31.0,10.0,28.0,14.0
850,31.0,10.0,32.0,10.0
851,31.0,10.0,28.0,14.0
852,31.0,10.0,31.0,10.0
853,31.0,10.0,27.0,17.0
854,31.0,10.0,30.0,13.0
855,31.0,10.0,28.0,14.0
856,31.0,10.0,31.0,10.0
857,31.0,10.0,31.0,10.0
858,31.0,10.0,31.0,11.0
859,31.0,10.0,30.0,13.0
860,31.0,10.0,32.0,10.0
861,31.0,10.0,26.0,12.0
862,31.0,10.0,32.0,10.0
863,31.0,10.0,31.0,10.0
864,31.0,10.0,31.0,10.0
865,31.0,10.0,28.0,14.0
866,31.0,10.0,32.0,10.0
867,31.0,10.0,30.0,13.0
868,31.0,10.0,27.0,17.0
869,31.0,10.0,31.0,10.0
870,31.0,10.0,27.0,17.0
871,31.0,10.0,28.0,14.0
872,31.0,10.0,30.0,13.0
873,31.0,10.0,31.0,10.0
874,31.0,10.0,32.0,10.0
875,31.0,10.0,31.0,10.0
876,31.0,10.0,26.0,12.0
877,31.0,10.0,30.0,13.0
878,31.0,10.0,28.0,14.0
879,31.0,10.0,28.0,14.0
880,31.0,10.0,26.0,12.0
881,31.0,10.0,30.0,13.0
882,31.0,10.0,31.0,11.0
883,31.0,10.0,31.0,11.0
884,31.0,10.0,26.0,12.0
885,31.0,10.0,28.0,14.0
886,31.0,10.0,32.0,10.0
887,31.0,10.0,26.0,12.0
888,31.0,10.0,27.0,17.0
889,31.0,10.0,26.0,12.0
890,31.0,10.0,31.0,10.0
891,31.0,10.0,31.0,10.0
892,31.0,10.0,32.0,10.0
893,31.0,10.0,26.0,12.0
894,31.0,10.0,27.0,17.0
895,31.0,10.0,30.0,13.0
896,31.0,10.0,31.0,11.0
897,31.0,10.0,31.0,11.0
898,31.0,10.0,26.0,12.0
899,31.0,10.0,27.0,17.0
900,31.0,10.0,31.0,10.0
901,31.0,10.0,26.0,12.0
902,31.0,10.0,30.0,13.0
903,31.0,10.0,28.0,14.0
904,31.0,10.0,30.0,13.0
905,31.0,10.0,30.0,13.0
906,31.0,10.0,26.0,12.0
907,31.0,10.0,26.0,12.0
908,31.0,10.0,27.0,17.0
909,31.0,10.0,28.0,14.0
910,31.0,10.0,30.0,13.0
911,31.0,10.0,27.0,17.0
912,31.0,10.0,31.0,11.0
913,31.0,10.0,31.0,11.0
914,31.0,10.0,26.0,12.0
915,31.0,10.0,31.0,10.0
916,31.0,10.0,31.0,10.0
917,31.0,10.0,27.0,17.0
918,31.0,10.0,30.0,13.0
919,31.0,10.0,26.0,12.0
920,31.0,10.0,31.0,10.0
921,31.0,10.0,31.0,10.0
922,31.0,10.0,31.0,11.0
923,31.0,10.0,31.0,10.0
924,31.0,10.0,26.0,12.0
925,31.0,10.0,26.0,12.0
926,31.0,10.0,27.0,17.0
927,31.0,10.0,27.0,17.0
928,31.0,10.0,28.0,14.0
929,31.0,10.0,28.0,14.0
930,31.0,10.0,30.0,13.0
931,31.0,10.0,31.0,11.0
932,31.0,10.0,31.0,10.0
933,31.0,10.0,31.0,10.0
934,31.0,10.0,27.0,17.0
935,31.0,10.0,31.0,11.0
936,31.0,10.0,28.0,14.0
937,31.0,10.0,32.0,10.0
938,31.0,10.0,31.0,11.0
939,31.0,10.0,31.0,10.0
940,31.0,10.0,28.0,14.0
941,31.0,10.0,31.0,11.0
942,31.0,10.0,27.0,17.0
943,31.0,10.0,28.0,14.0
944,31.0,10.0,30.0,13.0
945,31.0,10.0,31.0,11.0
946,31.0,10.0,28.0,14.0
947,31.0,10.0,32.0,10.0
948,31.0,10.0,31.0,10.0
949,31.0,10.0,30.0,13.0
950,31.0,10.0,31.0,10.0
951,31.0,10.0,26.0,12.0
952,31.0,10.0,28.0,14.0
953,31.0,10.0,31.0,11.0
954,31.0,10.0,31.0,10.0
955,31.0,10.0,31.0,11.0
956,31.0,10.0,30.0,13.0
957,31.0,10.0,28.0,14.0
958,31.0,10.0,31.0,10.0
959,31.0,10.0,32.0,10.0
960,31.0,10.0,28.0,14.0
961,31.0,10.0,26.0,12.0
962,31.0,10.0,31.0,11.0
963,31.0,10.0,28.0,14.0
964,31.0,10.0,27.0,17.0
965,31.0,10.0,31.0,10.0
966,31.0,10.0,31.0,10.0
967,31.0,10.0,30.0,13.0
968,31.0,10.0,26.0,12.0
969,31.0,10.0,31.0,11.0
970,31.0,10.0,28.0,14.0
971,31.0,10.0,28.0,14.0
972,31.0,10.0,31.0,11.0
973,31.0,10.0,30.0,13.0
974,31.0,10.0,31.0,10.0
975,31.0,10.0,31.0,11.0
976,31.0,10.0,31.0,10.0
977,31.0,10.0,31.0,11.0
978,31.0,10.0,31.0,10.0
979,31.0,10.0,31.0,10.0
980,31.0,10.0,27.0,17.0
981,31.0,10.0,28.0,14.0
982,31.0,10.0,30.0,13.0
983,31.0,10.0,26.0,12.0
984,31.0,10.0,31.0,10.0
985,31.0,10.0,32.0,10.0
986,31.0,10.0,26.0,12.0
987,31.0,10.0,26.0,12.0
988,31.0,10.0,31.0,10.0
989,31.0,10.0,26.0,12.0
990,31.0,10.0,30.0,13.0
991,31.0,10.0,31.0,10.0
992,31.0,10.0,31.0,10.0
993,31.0,10.0,31.0,10.0
994,31.0,10.0,31.0,10.0
995,31.0,10.0,26.0,12.0
996,31.0,10.0,26.0,12.0
997,31.0,10.0,28.0,14.0
998,31.0,10.0,31.0,11.0
999,31.0,10.0,26.0,12.0
1000,31.0,10.0,31.0,10.0
1001,31.0,10.0,31.0,10.0
1002,31.0,10.0,31.0,10.0
1003,31.0,10.0,31.0,10.0
1004,31.0,10.0,31.0,10.0
1005,31.0,10.0,26.0,12.0
1006,31.0,10.0,30.0,13.0
1007,31.0,10.0,31.0,10.0
1008,31.0,10.0,31.0,10.0
1009,31.0,10.0,28.0,14.0
1010,31.0,10.0,26.0,12.0
1011,31.0,10.0,31.0,10.0
1012,31.0,10.0,27.0,17.0
1013,31.0,10.0,31.0,10.0
1014,31.0,10.0,31.0,10.0
1015,31.0,10.0,26.0,12.0
1016,31.0,10.0,28.0,14.0
1017,31.0,10.0,31.0,10.0
1018,31.0,10.0,28.0,14.0
1019,31.0,10.0,31.0,10.0
1020,31.0,10.0,26.0,12.0
1021,31.0,10.0,28.0,14.0
1022,31.0,10.0,28.0,14.0
1023,31.0,10.0,31.0,11.0
1024,31.0,10.0,31.0,11.0
1025,31.0,10.0,26.0,12.0
1026,31.0,10.0,31.0,10.0
1027,31.0,10.0,26.0,12.0
1028,31.0,10.0,26.0,12.0
1029,31.0,10.0,31.0,10.0
1030,31.0,10.0,30.0,13.0
1031,31.0,10.0,30.0,13.0
1032,31.0,10.0,26.0,12.0
1033,31.0,10.0,31.0,10.0
1034,31.0,10.0,26.0,12.0
1035,31.0,10.0,32.0,10.0
1036,31.0,10.0,31.0,10.0
1037,31.0,10.0,28.0,14.0
1038,31.0,10.0,31.0,10.0
1039,31.0,10.0,28.0,14.0
1040,31.0,10.0,31.0,10.0
1041,31.0,10.0,27.0,17.0
1042,31.0,10.0,31.0,10.0
1043,31.0,10.0,31.0,10.0
1044,31.0,10.0,32.0,10.0
1045,31.0,10.0,31.0,11.0
1046,31.0,10.0,31.0,10.0
1047,31.0,10.0,31.0,11.0
1048,31.0,10.0,28.0,14.0
1049,31.0,10.0,32.0,10.0
1050,31.0,10.0,31.0,11.0
1051,31.0,10.0,30.0,13.0
1052,31.0,10.0,27.0,17.0
1053,31.0,10.0,31.0,11.0
1054,31.0,10.0,31.0,10.0
1055,31.0,10.0,30.0,13.0
1056,31.0,10.0,31.0,10.0
1057,31.0,10.0,27.0,17.0
1058,31.0,10.0,30.0,13.0
1059,31.0,10.0,28.0,14.0
1060,31.0,10.0,28.0,14.0
1061,31.0,10.0,31.0,10.0
1062,31.0,10.0,30.0,13.0
1063,31.0,10.0,32.0,10.0
1064,31.0,10.0,26.0,12.0
1065,31.0,10.0,31.0,10.0
1066,31.0,10.0,28.0,14.0
1067,31.0,10.0,31.0,10.0
1068,31.0,10.0,28.0,14.0
1069,31.0,10.0,31.0,10.0
1070,31.0,10.0,32.0,10.0
1071,31.0,10.0,30.0,13.0
1072,31.0,10.0,31.0,10.0
1073,31.0,10.0,27.0,17.0
1074,31.0,10.0,30.0,13.0
1075,31.0,10.0,26.0,12.0
1076,31.0,10.0,27.0,17.0
1077,31.0,10.0,26.0,12.0
1078,31.0,10.0,30.0,13.0
1079,31.0,10.0,31.0,11.0
1080,31.0,10.0,31.0,10.0
1081,31.0,10.0,32.0,10.0
1082,31.0,10.0,31.0,10.0
1083,31.0,10.0,27.0,17.0
1084,31.0,10.0,31.0,10.0
1085,31.0,10.0,30.0,13.0
1086,31.0,10.0,32.0,10.0
1087,31.0,10.0,30.0,13.0
1088,31.0,10.0,31.0,10.0
1089,31.0,10.0,31.0,10.0
1090,31.0,10.0,30.0,13.0
1091,31.0,10.0,28.0,14.0
1092,31.0,10.0,32.0,10.0
1093,31.0,10.0,32.0,10.0
1094,31.0,10.0,27.0,17.0
1095,31.0,10.0,31.0,10.0
1096,31.0,10.0,28.0,14.0
1097,31.0,10.0,28.0,14.0
1098,31.0,10.0,32.0,10.0
1099,31.0,10.0,27.0,17.0
1100,31.0,10.0,31.0,10.0
1101,31.0,10.0,30.0,13.0
1102,31.0,10.0,31.0,10.0
1103,31.0,10.0,32.0,10.0
1104,31.0,10.0,28.0,14.0
1105,31.0,10.0,31.0,10.0
1106,31.0,10.0,27.0,17.0
1107,31.0,10.0,30.0,13.0
1108,31.0,10.0,32.0,10.0
1109,31.0,10.0,31.0,10.0
1110,31.0,10.0,32.0,10.0
1111,31.0,10.0,31.0,10.0
1112,31.0,10.0,31.0,10.0
1113,31.0,10.0,31.0,11.0
1114,31.0,10.0,31.0,10.0
1115,31.0,10.0,28.0,14.0
1116,31.0,10.0,28.0,14.0
1117,31.0,10.0,31.0,10.0
1118,31.0,10.0,31.0,11.0
1119,31.0,10.0,31.0,11.0
1120,31.0,10.0,32.0,10.0
1121,31.0,10.0,27.0,17.0
1122,31.0,10.0,27.0,17.0
1123,31.0,10.0,26.0,12.0
1124,31.0,10.0,30.0,13.0
1125,31.0,10.0,26.0,12.0
1126,31.0,10.0,31.0,11.0
1127,31.0,10.0,32.0,10.0
1128,31.0,10.0,26.0,12.0
1129,31.0,10.0,32.0,10.0
1130,31.0,10.0,26.0,12.0
1131,31.0,10.0,31.0,11.0
1132,31.0,10.0,30.0,13.0
1133,31.0,10.0,31.0,10.0
1134,31.0,10.0,30.0,13.0
1135,31.0,10.0,27.0,17.0
1136,31.0,10.0,31.0,10.0
1137,31.0,10.0,27.0,17.0
1138,31.0,10.0,30.0,13.0
1139,31.0,10.0,31.0,11.0
1140,31.0,10.0,30.0,13.0
1141,31.0,10.0,31.0,10.0
1142,31.0,10.0,26.0,12.0
1143,31.0,10.0,28.0,14.0
1144,31.0,10.0,31.0,10.0
1145,31.0,10.0,28.0,14.0
1146,31.0,10.0,31.0,10.0
1147,31.0,10.0,31.0,10.0
1148,31.0,10.0,27.0,17.0
1149,31.0,10.0,28.0,14.0
1150,31.0,10.0,30.0,13.0
1151,31.0,10.0,31.0,10.0
1152,31.0,10.0,27.0,17.0
1153,31.0,10.0,31.0,10.0
1154,31.0,10.0,30.0,13.0
1155,31.0,10.0,31.0,11.0
1156,31.0,10.0,26.0,12.0
1157,31.0,10.0,27.0,17.0
1158,31.0,10.0,26.0,12.0
1159,31.0,10.0,28.0,14.0
1160,31.0,10.0,31.0,11.0
1161,31.0,10.0,26.0,12.0
1162,31.0,10.0,26.0,12.0
1163,31.0,10.0,32.0,10.0
1164,31.0,10.0,32.0,10.0
1165,31.0,10.0,28.0,14.0
1166,31.0,10.0,31.0,10.0
1167,31.0,10.0,31.0,10.0
1168,31.0,10.0,31.0,10.0
1169,31.0,10.0,28.0,14.0
1170,31.0,10.0,30.0,13.0
1171,31.0,10.0,32.0,10.0
1172,31.0,10.0,30.0,13.0
1173,31.0,10.0,31.0,10.0
1174,31.0,10.0,28.0,14.0
1175,31.0,10.0,31.0,10.0
1176,31.0,10.0,28.0,14.0
1177,31.0,10.0,31.0,11.0
1178,31.0,10.0,26.0,12.0
1179,31.0,10.0,31.0,10.0
1180,31.0,10.0,30.0,13.0
1181,31.0,10.0,26.0,12.0
1182,31.0,10.0,27.0,17.0
1183,31.0,10.0,27.0,17.0
1184,31.0,10.0,28.0,14.0
1185,31.0,10.0,32.0,10.0
1186,31.0,10.0,30.0,13.0
1187,31.0,10.0,28.0,14.0
1188,31.0,10.0,31.0,10.0
1189,31.0,10.0,31.0,10.0
1190,31.0,10.0,27.0,17.0
1191,31.0,10.0,26.0,12.0
1192,31.0,10.0,31.0,10.0
1193,31.0,10.0,30.0,13.0
1194,31.0,10.0,28.0,14.0
1195,31.0,10.0,31.0,10.0
1196,31.0,10.0,27.0,17.0
1197,31.0,10.0,31.0,10.0
1198,31.0,10.0,31.0,11.0
1199,31.0,10.0,26.0,12.0
1200,31.0,10.0,27.0,17.0
1201,31.0,10.0,31.0,10.0
1202,31.0,10.0,28.0,14.0
1203,31.0,10.0,26.0,12.0
1204,31.0,10.0,28.0,14.0
1205,31.0,10.0,32.0,10.0
1206,31.0,10.0,26.0,12.0
1207,31.0,10.0,28.0,14.0
1208,31.0,10.0,27.0,17.0
1209,31.0,10.0,31.0,10.0
1210,31.0,10.0,31.0,10.0
1211,31.0,10.0,30.0,13.0
1212,31.0,10.0,30.0,13.0
1213,31.0,10.0,31.0,10.0
1214,31.0,10.0,27.0,17.0
1215,31.0,10.0,31.0,10.0
1216,31.0,10.0,31.0,11.0
1217,31.0,10.0,27.0,17.0
1218,31.0,10.0,31.0,10.0
1219,31.0,10.0,27.0,17.0
1220,31.0,10.0,32.0,10.0
1221,31.0,10.0,31.0,11.0
1222,31.0,10.0,32.0,10.0
1223,31.0,10.0,32.0,10.0
1224,31.0,10.0,28.0,14.0
1225,31.0,10.0,28.0,14.0
1226,31.0,10.0,27.0,17.0
1227,31.0,10.0,30.0,13.0
1228,31.0,10.0,32.0,10.0
1229,31.0,10.0,30.0,13.0
1230,31.0,10.0,26.0,12.0
1231,31.0,10.0,31.0,10.0
1232,31.0,10.0,31.0,10.0
1233,31.0,10.0,32.0,10.0
1234,31.0,10.0,32.0,10.0
1235,31.0,10.0,32.0,10.0
1236,31.0,10.0,31.0,10.0
1237,31.0,10.0,27.0,17.0
1238,31.0,10.0,27.0,17.0
1239,31.0,10.0,26.0,12.0
1240,31.0,10.0,28.0,14.0
1241,31.0,10.0,26.0,12.0
1242,31.0,10.0,31.0,10.0
1243,31.0,10.0,32.0,10.0
1244,31.0,10.0,30.0,13.0
1245,31.0,10.0,26.0,12.0
1246,31.0,10.0,26.0,12.0
1247,31.0,10.0,28.0,14.0
1248,31.0,10.0,31.0,10.0
1249,31.0,10.0,31.0,11.0
1250,31.0,10.0,31.0,10.0
1251,31.0,10.0,31.0,10.0
1252,31.0,10.0,27.0,17.0
1253,31.0,10.0,31.0,10.0
1254,31.0,10.0,31.0,10.0
1255,31.0,10.0,31.0,11.0
1256,31.0,10.0,31.0,10.0
1257,31.0,10.0,31.0,10.0
1258,31.0,10.0,26.0,12.0
1259,31.0,10.0,30.0,13.0
1260,31.0,10.0,31.0,10.0
1261,31.0,10.0,31.0,11.0
1262,31.0,10.0,26.0,12.0
1263,31.0,10.0,31.0,11.0
1264,31.0,10.0,26.0,12.0
1265,31.0,10.0,31.0,11.0
1266,31.0,10.0,30.0,13.0
1267,31.0,10.0,28.0,14.0
1268,31.0,10.0,26.0,12.0
1269,31.0,10.0,31.0,10.0
1270,31.0,10.0,26.0,12.0
1271,31.0,10.0,28.0,14.0
1272,31.0,10.0,31.0,10.0
1273,31.0,10.0,31.0,11.0
1274,31.0,10.0,30.0,13.0
1275,31.0,10.0,31.0,10.0
1276,31.0,10.0,30.0,13.0
1277,31.0,10.0,26.0,12.0
1278,31.0,10.0,28.0,14.0
1279,31.0,10.0,31.0,11.0
1280,31.0,10.0,27.0,17.0
1281,31.0,10.0,31.0,11.0
1282,31.0,10.0,32.0,10.0
1283,31.0,10.0,32.0,10.0
1284,31.0,10.0,32.0,10.0
1285,31.0,10.0,31.0,10.0
1286,31.0,10.0,26.0,12.0
1287,31.0,10.0,26.0,12.0
1288,31.0,10.0,31.0,10.0
1289,31.0,10.0,28.0,14.0
1290,31.0,10.0,30.0,13.0
1291,31.0,10.0,31.0,10.0
1292,31.0,10.0,31.0,10.0
1293,31.0,10.0,32.0,10.0
1294,31.0,10.0,28.0,14.0
1295,31.0,10.0,31.0,10.0
1296,31.0,10.0,27.0,17.0
1297,31.0,10.0,31.0,10.0
1298,31.0,10.0,32.0,10.0
1299,31.0,10.0,27.0,17.0
1300,31.0,10.0,30.0,13.0
1301,31.0,10.0,28.0,14.0
1302,31.0,10.0,31.0,11.0
1303,31.0,10.0,26.0,12.0
1304,31.0,10.0,26.0,12.0
1305,31.0,10.0,28.0,14.0
1306,31.0,10.0,30.0,13.0
1307,31.0,10.0,31.0,11.0
1308,31.0,10.0,26.0,12.0
1309,31.0,10.0,27.0,17.0
1310,31.0,10.0,30.0,13.0
1311,31.0,10.0,31.0,10.0
1312,31.0,10.0,31.0,11.0
1313,31.0,10.0,28.0,14.0
1314,31.0,10.0,31.0,10.0
1315,31.0,10.0,26.0,12.0
1316,31.0,10.0,31.0,10.0
1317,31.0,10.0,32.0,10.0
1318,31.0,10.0,31.0,10.0
1319,31.0,10.0,32.0,10.0
1320,31.0,10.0,28.0,14.0
1321,31.0,10.0,26.0,12.0
1322,31.0,10.0,30.0,13.0
1323,31.0,10.0,31.0,10.0
1324,31.0,10.0,26.0,12.0
1325,31.0,10.0,27.0,17.0
1326,31.0,10.0,32.0,10.0
1327,31.0,10.0,31.0,11.0
1328,31.0,10.0,27.0,17.0
1329,31.0,10.0,27.0,17.0
1330,31.0,10.0,28.0,14.0
1331,31.0,10.0,31.0,10.0
1332,31.0,10.0,31.0,11.0
1333,31.0,10.0,31.0,10.0
1334,31.0,10.0,26.0,12.0
1335,31.0,10.0,27.0,17.0
1336,31.0,10.0,27.0,17.0
1337,31.0,10.0,31.0,10.0
1338,31.0,10.0,31.0,10.0
1339,31.0,10.0,27.0,17.0
1340,31.0,10.0,28.0,14.0
1341,31.0,10.0,28.0,14.0
1342,31.0,10.0,30.0,13.0
1343,31.0,10.0,31.0,10.0
1344,31.0,10.0,31.0,11.0
1345,31.0,10.0,31.0,10.0
1346,31.0,10.0,30.0,13.0
1347,31.0,10.0,28.0,14.0
1348,31.0,10.0,26.0,12.0
1349,31.0,10.0,31.0,10.0
1350,31.0,10.0,28.0,14.0
1351,31.0,10.0,31.0,11.0
1352,31.0,10.0,31.0,10.0
1353,31.0,10.0,31.0,11.0
1354,31.0,10.0,31.0,10.0
1355,31.0,10.0,31.0,10.0
1356,31.0,10.0,30.0,13.0
1357,31.0,10.0,31.0,10.0
1358,31.0,10.0,27.0,17.0
1359,31.0,10.0,26.0,12.0
1360,31.0,10.0,27.0,17.0
1361,31.0,10.0,31.0,10.0
1362,31.0,10.0,26.0,12.0
1363,31.0,10.0,26.0,12.0
1364,31.0,10.0,27.0,17.0
1365,31.0,10.0,26.0,12.0
1366,31.0,10.0,31.0,10.0
1367,31.0,10.0,28.0,14.0
1368,31.0,10.0,28.0,14.0
1369,31.0,10.0,30.0,13.0
1370,31.0,10.0,28.0,14.0
1371,31.0,10.0,26.0,12.0
1372,31.0,10.0,27.0,17.0
1373,31.0,10.0,27.0,17.0
1374,31.0,10.0,27.0,17.0
1375,31.0,10.0,31.0,11.0
1376,31.0,10.0,28.0,14.0
1377,31.0,10.0,30.0,13.0
1378,31.0,10.0,32.0,10.0
1379,31.0,10.0,31.0,11.0
1380,31.0,10.0,27.0,17.0
1381,31.0,10.0,30.0,13.0
1382,31.0,10.0,26.0,12.0
1383,31.0,10.0,31.0,10.0
1384,31.0,10.0,30.0,13.0
1385,31.0,10.0,32.0,10.0
1386,31.0,10.0,28.0,14.0
1387,31.0,10.0,28.0,14.0
1388,31.0,10.0,31.0,10.0
1389,31.0,10.0,31.0,10.0
1390,31.0,10.0,28.0,14.0
1391,31.0,10.0,27.0,17.0
1392,31.0,10.0,27.0,17.0
1393,31.0,10.0,27.0,17.0
1394,31.0,10.0,27.0,17.0
1395,31.0,10.0,27.0,17.0
1396,31.0,10.0,31.0,10.0
1397,31.0,10.0,27.0,17.0
1398,31.0,10.0,31.0,10.0
1399,31.0,10.0,26.0,12.0
1400,31.0,10.0,27.0,17.0
1401,31.0,10.0,31.0,10.0
1402,31.0,10.0,32.0,10.0
1403,31.0,10.0,28.0,14.0
1404,31.0,10.0,28.0,14.0
1405,31.0,10.0,31.0,10.0
1406,31.0,10.0,31.0,10.0
1407,31.0,10.0,27.0,17.0
1408,31.0,10.0,28.0,14.0
1409,31.0,10.0,31.0,10.0
1410,31.0,10.0,31.0,11.0
1411,31.0,10.0,31.0,10.0
1412,31.0,10.0,31.0,11.0
1413,31.0,10.0,26.0,12.0
1414,31.0,10.0,30.0,13.0
1415,31.0,10.0,31.0,10.0
1416,31.0,10.0,30.0,13.0
1417,31.0,10.0,31.0,10.0
1418,31.0,10.0,32.0,10.0
1419,31.0,10.0,31.0,11.0
1420,31.0,10.0,31.0,10.0
1421,31.0,10.0,31.0,11.0
1422,31.0,10.0,26.0,12.0
1423,31.0,10.0,28.0,14.0
1424,31.0,10.0,31.0,10.0
1425,31.0,10.0,31.0,11.0
1426,31.0,10.0,26.0,12.0
1427,31.0,10.0,28.0,14.0
1428,31.0,10.0,26.0,12.0
1429,31.0,10.0,31.0,11.0
1430,31.0,10.0,26.0,12.0
1431,31.0,10.0,32.0,10.0
1432,31.0,10.0,31.0,10.0
1433,31.0,10.0,31.0,10.0
1434,31.0,10.0,28.0,14.0
1435,31.0,10.0,26.0,12.0
1436,31.0,10.0,31.0,10.0
1437,31.0,10.0,27.0,17.0
1438,31.0,10.0,26.0,12.0
1439,31.0,10.0,31.0,10.0
1440,31.0,10.0,31.0,10.0
1441,31.0,10.0,27.0,17.0
1442,31.0,10.0,26.0,12.0
1443,31.0,10.0,32.0,10.0
1444,31.0,10.0,31.0,11.0
1445,31.0,10.0,28.0,14.0
1446,31.0,10.0,28.0,14.0
1447,31.0,10.0,31.0,10.0
1448,31.0,10.0,27.0,17.0
1449,31.0,10.0,27.0,17.0
1450,31.0,10.0,31.0,11.0
1451,31.0,10.0,28.0,14.0
1452,31.0,10.0,31.0,10.0
1453,31.0,10.0,31.0,10.0
1454,31.0,10.0,32.0,10.0
1455,31.0,10.0,28.0,14.0
1456,31.0,10.0,26.0,12.0
1457,31.0,10.0,31.0,11.0
1458,31.0,10.0,31.0,10.0
1459,31.0,10.0,26.0,12.0
1460,31.0,10.0,26.0,12.0
1461,31.0,10.0,28.0,14.0
1462,31.0,10.0,31.0,10.0
1463,31.0,10.0,26.0,12.0
1464,31.0,10.0,31.0,10.0
1465,31.0,10.0,32.0,10.0
1466,31.0,10.0,31.0,11.0
1467,31.0,10.0,28.0,14.0
1468,31.0,10.0,28.0,14.0
1469,31.0,10.0,32.0,10.0
1470,31.0,10.0,31.0,10.0
1471,31.0,10.0,30.0,13.0
1472,31.0,10.0,27.0,17.0
1473,31.0,10.0,31.0,10.0
1474,31.0,10.0,31.0,10.0
1475,31.0,10.0,31.0,10.0
1476,31.0,10.0,31.0,10.0
1477,31.0,10.0,31.0,10.0
1478,31.0,10.0,31.0,10.0
1479,31.0,10.0,32.0,10.0
1480,31.0,10.0,27.0,17.0
1481,31.0,10.0,30.0,13.0
1482,31.0,10.0,27.0,17.0
1483,31.0,10.0,30.0,13.0
1484,31.0,10.0,31.0,10.0
1485,31.0,10.0,31.0,10.0
1486,31.0,10.0,26.0,12.0
1487,31.0,10.0,27.0,17.0
1488,31.0,10.0,31.0,10.0
1489,31.0,10.0,28.0,14.0
1490,31.0,10.0,28.0,14.0
1491,31.0,10.0,27.0,17.0
1492,31.0,10.0,26.0,12.0
1493,31.0,10.0,31.0,10.0
1494,31.0,10.0,26.0,12.0
1495,31.0,10.0,31.0,11.0
1496,31.0,10.0,31.0,11.0
1497,31.0,10.0,28.0,14.0
1498,31.0,10.0,28.0,14.0
1499,31.0,10.0,32.0,10.0
1500,31.0,10.0,31.0,10.0
1501,31.0,10.0,30.0,13.0
1502,31.0,10.0,30.0,13.0
1503,31.0,10.0,26.0,12.0
1504,31.0,10.0,30.0,13.0
1505,31.0,10.0,31.0,10.0
1506,31.0,10.0,31.0,11.0
1507,31.0,10.0,30.0,13.0
1508,31.0,10.0,31.0,10.0
1509,31.0,10.0,31.0,10.0
1510,31.0,10.0,31.0,10.0
1511,31.0,10.0,31.0,10.0
1512,31.0,10.0,31.0,11.0
1513,31.0,10.0,31.0,10.0
1514,31.0,10.0,26.0,12.0
1515,31.0,10.0,28.0,14.0
1516,31.0,10.0,31.0,10.0
1517,31.0,10.0,32.0,10.0
1518,31.0,10.0,31.0,10.0
1519,31.0,10.0,31.0,10.0
1520,31.0,10.0,31.0,10.0
1521,31.0,10.0,28.0,14.0
1522,31.0,10.0,31.0,10.0
1523,31.0,10.0,31.0,10.0
1524,31.0,10.0,27.0,17.0
1525,31.0,10.0,31.0,11.0
1526,31.0,10.0,27.0,17.0
1527,31.0,10.0,27.0,17.0
1528,31.0,10.0,30.0,13.0
1529,31.0,10.0,31.0,11.0
1530,31.0,10.0,31.0,10.0
1531,31.0,10.0,28.0,14.0
1532,31.0,10.0,31.0,10.0
1533,31.0,10.0,28.0,14.0
1534,31.0,10.0,28.0,14.0
1535,31.0,10.0,32.0,10.0
1536,31.0,10.0,31.0,10.0
1537,31.0,10.0,31.0,10.0
1538,31.0,10.0,30.0,13.0
1539,31.0,10.0,26.0,12.0
1540,31.0,10.0,30.0,13.0
1541,31.0,10.0,26.0,12.0
1542,31.0,10.0,31.0,10.0
1543,31.0,10.0,26.0,12.0
1544,31.0,10.0,27.0,17.0
1545,31.0,10.0,31.0,10.0
1546,31.0,10.0,31.0,10.0
1547,31.0,10.0,30.0,13.0
1548,31.0,10.0,31.0,10.0
1549,31.0,10.0,31.0,10.0
1550,31.0,10.0,27.0,17.0
1551,31.0,10.0,31.0,10.0
1552,31.0,10.0,28.0,14.0
1553,31.0,10.0,31.0,10.0
1554,31.0,10.0,31.0,10.0
1555,31.0,10.0,27.0,17.0
1556,31.0,10.0,27.0,17.0
1557,31.0,10.0,31.0,10.0
1558,31.0,10.0,32.0,10.0
1559,31.0,10.0,31.0,10.0
1560,31.0,10.0,31.0,10.0
1561,31.0,10.0,28.0,14.0
1562,31.0,10.0,28.0,14.0
1563,31.0,10.0,31.0,11.0
1564,31.0,10.0,32.0,10.0
1565,31.0,10.0,27.0,17.0
1566,31.0,10.0,27.0,17.0
1567,31.0,10.0,31.0,11.0
1568,31.0,10.0,32.0,10.0
1569,31.0,10.0,31.0,10.0
1570,31.0,10.0,28.0,14.0
1571,31.0,10.0,26.0,12.0
1572,31.0,10.0,32.0,10.0
1573,31.0,10.0,31.0,10.0
1574,31.0,10.0,32.0,10.0
1575,31.0,10.0,31.0,11.0
1576,31.0,10.0,32.0,10.0
1577,31.0,10.0,31.0,10.0
1578,31.0,10.0,31.0,11.0
1579,31.0,10.0,31.0,11.0
1580,31.0,10.0,26.0,12.0
1581,31.0,10.0,31.0,10.0
1582,31.0,10.0,31.0,10.0
1583,31.0,10.0,32.0,10.0
1584,31.0,10.0,30.0,13.0
1585,31.0,10.0,28.0,14.0
1586,31.0,10.0,31.0,10.0
1587,31.0,10.0,28.0,14.0
1588,31.0,10.0,28.0,14.0
1589,31.0,10.0,28.0,14.0
1590,31.0,10.0,31.0,10.0
1591,31.0,10.0,26.0,12.0
1592,31.0,10.0,31.0,10.0
1593,31.0,10.0,28.0,14.0
1594,31.0,10.0,27.0,17.0
1595,31.0,10.0,31.0,11.0
1596,31.0,10.0,28.0,14.0
1597,31.0,10.0,27.0,17.0
1598,31.0,10.0,28.0,14.0
1599,31.0,10.0,28.0,14.0
1600,31.0,10.0,32.0,10.0
1601,31.0,10.0,27.0,17.0
1602,31.0,10.0,31.0,10.0
1603,31.0,10.0,31.0,11.0
1604,31.0,10.0,31.0,10.0
1605,31.0,10.0,27.0,17.0
1606,31.0,10.0,31.0,10.0
1607,31.0,10.0,30.0,13.0
1608,31.0,10.0,27.0,17.0
1609,31.0,10.0,28.0,14.0
1610,31.0,10.0,28.0,14.0
1611,31.0,10.0,26.0,12.0
1612,31.0,10.0,27.0,17.0
1613,31.0,10.0,26.0,12.0
1614,31.0,10.0,28.0,14.0
1615,31.0,10.0,30.0,13.0
1616,31.0,10.0,27.0,17.0
1617,31.0,10.0,31.0,10.0
1618,31.0,10.0,31.0,11.0
1619,31.0,10.0,31.0,10.0
1620,31.0,10.0,31.0,10.0
1621,31.0,10.0,31.0,10.0
1622,31.0,10.0,31.0,10.0
1623,31.0,10.0,31.0,11.0
1624,31.0,10.0,30.0,13.0
1625,31.0,10.0,27.0,17.0
1626,31.0,10.0,28.0,14.0
1627,31.0,10.0,30.0,13.0
1628,31.0,10.0,31.0,10.0
1629,31.0,10.0,27.0,17.0
1630,31.0,10.0,31.0,11.0
1631,31.0,10.0,32.0,10.0
1632,31.0,10.0,26.0,12.0
1633,31.0,10.0,31.0,10.0
1634,31.0,10.0,30.0,13.0
1635,31.0,10.0,31.0,10.0
1636,31.0,10.0,27.0,17.0
1637,31.0,10.0,30.0,13.0
1638,31.0,10.0,31.0,10.0
1639,31.0,10.0,28.0,14.0
1640,31.0,10.0,28.0,14.0
1641,31.0,10.0,32.0,10.0
1642,31.0,10.0,26.0,12.0
1643,31.0,10.0,26.0,12.0
1644,31.0,10.0,31.0,10.0
1645,31.0,10.0,32.0,10.0
1646,31.0,10.0,30.0,13.0
1647,31.0,10.0,31.0,10.0
1648,31.0,10.0,31.0,10.0
1649,31.0,10.0,31.0,11.0
1650,31.0,10.0,26.0,12.0
1651,31.0,10.0,26.0,12.0
1652,31.0,10.0,28.0,14.0
1653,31.0,10.0,31.0,10.0
1654,31.0,10.0,30.0,13.0
1655,31.0,10.0,31.0,11.0
1656,31.0,10.0,26.0,12.0
1657,31.0,10.0,31.0,11.0
1658,31.0,10.0,30.0,13.0
1659,31.0,10.0,31.0,10.0
1660,31.0,10.0,27.0,17.0
1661,31.0,10.0,26.0,12.0
1662,31.0,10.0,31.0,10.0
1663,31.0,10.0,30.0,13.0
1664,31.0,10.0,28.0,14.0
1665,31.0,10.0,26.0,12.0
1666,31.0,10.0,31.0,10.0
1667,31.0,10.0,32.0,10.0
1668,31.0,10.0,26.0,12.0
1669,31.0,10.0,31.0,11.0
1670,31.0,10.0,28.0,14.0
1671,31.0,10.0,26.0,12.0
1672,31.0,10.0,31.0,10.0
1673,31.0,10.0,32.0,10.0
1674,31.0,10.0,28.0,14.0
1675,31.0,10.0,27.0,17.0
1676,31.0,10.0,31.0,10.0
1677,31.0,10.0,31.0,10.0
1678,31.0,10.0,31.0,11.0
1679,31.0,10.0,26.0,12.0
1680,31.0,10.0,31.0,10.0
1681,31.0,10.0,26.0,12.0
1682,31.0,10.0,28.0,14.0
1683,31.0,10.0,28.0,14.0
1684,31.0,10.0,27.0,17.0
1685,31.0,10.0,30.0,13.0
1686,31.0,10.0,31.0,10.0
1687,31.0,10.0,31.0,10.0
1688,31.0,10.0,28.0,14.0
1689,31.0,10.0,31.0,10.0
1690,31.0,10.0,26.0,12.0
1691,31.0,10.0,31.0,10.0
1692,31.0,10.0,32.0,10.0
1693,31.0,10.0,31.0,11.0
1694,31.0,10.0,26.0,12.0
1695,31.0,10.0,31.0,10.0
1696,31.0,10.0,28.0,14.0
1697,31.0,10.0,31.0,11.0
1698,31.0,10.0,26.0,12.0
1699,31.0,10.0,30.0,13.0
1700,31.0,10.0,28.0,14.0
1701,31.0,10.0,27.0,17.0
1702,31.0,10.0,27.0,17.0
1703,31.0,10.0,32.0,10.0
1704,31.0,10.0,32.0,10.0
1705,31.0,10.0,31.0,10.0
1706,31.0,10.0,30.0,13.0
1707,31.0,10.0,31.0,10.0
1708,31.0,10.0,31.0,10.0
1709,31.0,10.0,31.0,10.0
1710,31.0,10.0,28.0,14.0
1711,31.0,10.0,32.0,10.0
1712,31.0,10.0,30.0,13.0
1713,31.0,10.0,30.0,13.0
1714,31.0,10.0,27.0,17.0
1715,31.0,10.0,28.0,14.0
1716,31.0,10.0,31.0,10.0
1717,31.0,10.0,26.0,12.0
1718,31.0,10.0,31.0,10.0
1719,31.0,10.0,28.0,14.0
1720,31.0,10.0,30.0,13.0
1721,31.0,10.0,31.0,11.0
1722,31.0,10.0,31.0,10.0
1723,31.0,10.0,30.0,13.0
1724,31.0,10.0,31.0,10.0
1725,31.0,10.0,31.0,11.0
1726,31.0,10.0,31.0,11.0
1727,31.0,10.0,31.0,11.0
1728,31.0,10.0,27.0,17.0
1729,31.0,10.0,31.0,10.0
1730,31.0,10.0,31.0,11.0
1731,31.0,10.0,31.0,10.0
1732,31.0,10.0,31.0,10.0
1733,31.0,10.0,31.0,11.0
1734,31.0,10.0,31.0,10.0
1735,31.0,10.0,30.0,13.0
1736,31.0,10.0,26.0,12.0
1737,31.0,10.0,31.0,10.0
1738,31.0,10.0,27.0,17.0
1739,31.0,10.0,28.0,14.0
1740,31.0,10.0,31.0,10.0
1741,31.0,10.0,31.0,10.0
1742,31.0,10.0,32.0,10.0
1743,31.0,10.0,32.0,10.0
1744,31.0,10.0,27.0,17.0
1745,31.0,10.0,28.0,14.0
1746,31.0,10.0,27.0,17.0
1747,31.0,10.0,26.0,12.0
1748,31.0,10.0,32.0,10.0
1749,31.0,10.0,28.0,14.0
1750,31.0,10.0,26.0,12.0
1751,31.0,10.0,26.0,12.0
1752,31.0,10.0,31.0,10.0
1753,31.0,10.0,30.0,13.0
1754,31.0,10.0,30.0,13.0
1755,31.0,10.0,31.0,10.0
1756,31.0,10.0,28.0,14.0
1757,31.0,10.0,28.0,14.0
1758,31.0,10.0,31.0,11.0
1759,31.0,10.0,26.0,12.0
1760,31.0,10.0,31.0,10.0
1761,31.0,10.0,32.0,10.0
1762,31.0,10.0,30.0,13.0
1763,31.0,10.0,32.0,10.0
1764,31.0,10.0,31.0,10.0
1765,31.0,10.0,26.0,12.0
1766,31.0,10.0,27.0,17.0
1767,31.0,10.0,32.0,10.0
1768,31.0,10.0,30.0,13.0
1769,31.0,10.0,28.0,14.0
1770,31.0,10.0,32.0,10.0
1771,31.0,10.0,30.0,13.0
1772,31.0,10.0,26.0,12.0
1773,31.0,10.0,32.0,10.0
1774,31.0,10.0,32.0,10.0
1775,31.0,10.0,26.0,12.0
1776,31.0,10.0,31.0,10.0
1777,31.0,10.0,31.0,10.0
1778,31.0,10.0,32.0,10.0
1779,31.0,10.0,30.0,13.0
1780,31.0,10.0,28.0,14.0
1781,31.0,10.0,26.0,12.0
1782,31.0,10.0,31.0,10.0
1783,31.0,10.0,31.0,11.0
1784,31.0,10.0,28.0,14.0
1785,31.0,10.0,31.0,10.0
1786,31.0,10.0,31.0,10.0
1787,31.0,10.0,32.0,10.0
1788,31.0,10.0,28.0,14.0
1789,31.0,10.0,32.0,10.0
1790,31.0,10.0,28.0,14.0
1791,31.0,10.0,32.0,10.0
1792,31.0,10.0,32.0,10.0
1793,31.0,10.0,30.0,13.0
1794,31.0,10.0,28.0,14.0
1795,31.0,10.0,31.0,10.0
1796,31.0,10.0,26.0,12.0
1797,31.0,10.0,31.0,11.0
1798,31.0,10.0,27.0,17.0
1799,31.0,10.0,31.0,10.0
1800,31.0,10.0,31.0,11.0
1801,31.0,10.0,26.0,12.0
1802,31.0,10.0,28.0,14.0
1803,31.0,10.0,27.0,17.0
1804,31.0,10.0,30.0,13.0
1805,31.0,10.0,31.0,10.0
1806,31.0,10.0,28.0,14.0
1807,31.0,10.0,31.0,10.0
1808,31.0,10.0,31.0,10.0
1809,31.0,10.0,31.0,11.0
1810,31.0,10.0,27.0,17.0
1811,31.0,10.0,27.0,17.0
1812,31.0,10.0,30.0,13.0
1813,31.0,10.0,28.0,14.0
1814,31.0,10.0,26.0,12.0
1815,31.0,10.0,31.0,11.0
1816,31.0,10.0,31.0,10.0
1817,31.0,10.0,28.0,14.0
1818,31.0,10.0,31.0,11.0
1819,31.0,10.0,26.0,12.0
1820,31.0,10.0,31.0,10.0
1821,31.0,10.0,31.0,10.0
1822,31.0,10.0,30.0,13.0
1823,31.0,10.0,32.0,10.0
1824,31.0,10.0,31.0,11.0
1825,31.0,10.0,31.0,10.0
1826,31.0,10.0,27.0,17.0
1827,31.0,10.0,26.0,12.0
1828,31.0,10.0,32.0,10.0
1829,31.0,10.0,32.0,10.0
1830,31.0,10.0,31.0,10.0
1831,31.0,10.0,28.0,14.0
1832,31.0,10.0,28.0,14.0
1833,31.0,10.0,32.0,10.0
1834,31.0,10.0,31.0,11.0
1835,31.0,10.0,31.0,10.0
1836,31.0,10.0,27.0,17.0
1837,31.0,10.0,26.0,12.0
1838,31.0,10.0,31.0,10.0
1839,31.0,10.0,31.0,10.0
1840,31.0,10.0,28.0,14.0
1841,31.0,10.0,31.0,11.0
1842,31.0,10.0,26.0,12.0
1843,31.0,10.0,26.0,12.0
1844,31.0,10.0,31.0,10.0
1845,31.0,10.0,31.0,11.0
1846,31.0,10.0,28.0,14.0
1847,31.0,10.0,27.0,17.0
1848,31.0,10.0,31.0,10.0
1849,31.0,10.0,31.0,10.0
1850,31.0,10.0,30.0,13.0
1851,31.0,10.0,31.0,10.0
1852,31.0,10.0,26.0,12.0
1853,31.0,10.0,31.0,11.0
1854,31.0,10.0,27.0,17.0
1855,31.0,10.0,30.0,13.0
1856,31.0,10.0,28.0,14.0
1857,31.0,10.0,31.0,10.0
1858,31.0,10.0,31.0,11.0
1859,31.0,10.0,28.0,14.0
1860,31.0,10.0,26.0,12.0
1861,31.0,10.0,31.0,10.0
1862,31.0,10.0,31.0,10.0
1863,31.0,10.0,26.0,12.0
1864,31.0,10.0,27.0,17.0
1865,31.0,10.0,28.0,14.0
1866,31.0,10.0,28.0,14.0
1867,31.0,10.0,30.0,13.0
1868,31.0,10.0,31.0,10.0
1869,31.0,10.0,31.0,11.0
1870,31.0,10.0,31.0,10.0
1871,31.0,10.0,31.0,10.0
1872,31.0,10.0,31.0,10.0
1873,31.0,10.0,26.0,12.0
1874,31.0,10.0,30.0,13.0
1875,31.0,10.0,27.0,17.0
1876,31.0,10.0,31.0,10.0
1877,31.0,10.0,28.0,14.0
1878,31.0,10.0,28.0,14.0
1879,31.0,10.0,30.0,13.0
1880,31.0,10.0,31.0,10.0
1881,31.0,10.0,30.0,13.0
1882,31.0,10.0,26.0,12.0
1883,31.0,10.0,31.0,10.0
1884,31.0,10.0,31.0,10.0
1885,31.0,10.0,28.0,14.0
1886,31.0,10.0,30.0,13.0
1887,31.0,10.0,31.0,11.0
1888,31.0,10.0,26.0,12.0
1889,31.0,10.0,28.0,14.0
1890,31.0,10.0,31.0,10.0
1891,31.0,10.0,31.0,10.0
1892,31.0,10.0,31.0,10.0
1893,31.0,10.0,28.0,14.0
1894,31.0,10.0,31.0,10.0
1895,31.0,10.0,31.0,10.0
1896,31.0,10.0,30.0,13.0
1897,31.0,10.0,27.0,17.0
1898,31.0,10.0,27.0,17.0
1899,31.0,10.0,31.0,10.0
1900,31.0,10.0,28.0,14.0
1901,31.0,10.0,27.0,17.0
1902,31.0,10.0,31.0,10.0
1903,31.0,10.0,30.0,13.0
1904,31.0,10.0,31.0,10.0
1905,31.0,10.0,31.0,10.0
1906,31.0,10.0,28.0,14.0
1907,31.0,10.0,31.0,10.0
1908,31.0,10.0,32.0,10.0
1909,31.0,10.0,31.0,10.0
1910,31.0,10.0,28.0,14.0
1911,31.0,10.0,28.0,14.0
1912,31.0,10.0,31.0,11.0
1913,31.0,10.0,26.0,12.0
1914,31.0,10.0,31.0,10.0
1915,31.0,10.0,26.0,12.0
1916,31.0,10.0,31.0,10.0
1917,31.0,10.0,32.0,10.0
1918,31.0,10.0,31.0,10.0
1919,31.0,10.0,27.0,17.0
1920,31.0,10.0,26.0,12.0
1921,31.0,10.0,28.0,14.0
1922,31.0,10.0,26.0,12.0
1923,31.0,10.0,31.0,11.0
1924,31.0,10.0,32.0,10.0
1925,31.0,10.0,27.0,17.0
1926,31.0,10.0,28.0,14.0
1927,31.0,10.0,28.0,14.0
1928,31.0,10.0,27.0,17.0
1929,31.0,10.0,31.0,10.0
1930,31.0,10.0,28.0,14.0
1931,31.0,10.0,27.0,17.0
1932,31.0,10.0,31.0,10.0
1933,31.0,10.0,31.0,11.0
1934,31.0,10.0,27.0,17.0
1935,31.0,10.0,27.0,17.0
1936,31.0,10.0,31.0,10.0
1937,31.0,10.0,31.0,10.0
1938,31.0,10.0,32.0,10.0
1939,31.0,10.0,31.0,10.0
1940,31.0,10.0,32.0,10.0
1941,31.0,10.0,31.0,10.0
1942,31.0,10.0,30.0,13.0
1943,31.0,10.0,32.0,10.0
1944,31.0,10.0,26.0,12.0
1945,31.0,10.0,31.0,10.0
1946,31.0,10.0,28.0,14.0
1947,31.0,10.0,30.0,13.0
1948,31.0,10.0,28.0,14.0
1949,31.0,10.0,31.0,10.0
1950,31.0,10.0,27.0,17.0
1951,31.0,10.0,31.0,10.0
1952,31.0,10.0,28.0,14.0
1953,31.0,10.0,27.0,17.0
1954,31.0,10.0,31.0,10.0
1955,31.0,10.0,28.0,14.0
1956,31.0,10.0,32.0,10.0
1957,31.0,10.0,32.0,10.0
1958,31.0,10.0,30.0,13.0
1959,31.0,10.0,28.0,14.0
1960,31.0,10.0,28.0,14.0
1961,31.0,10.0,31.0,10.0
1962,31.0,10.0,31.0,10.0
1963,31.0,10.0,32.0,10.0
1964,31.0,10.0,27.0,17.0
1965,31.0,10.0,27.0,17.0
1966,31.0,10.0,26.0,12.0
1967,31.0,10.0,31.0,10.0
1968,31.0,10.0,31.0,10.0
1969,31.0,10.0,30.0,13.0
1970,31.0,10.0,31.0,10.0
1971,31.0,10.0,31.0,11.0
1972,31.0,10.0,31.0,10.0
1973,31.0,10.0,27.0,17.0
1974,31.0,10.0,31.0,11.0
1975,31.0,10.0,28.0,14.0
1976,31.0,10.0,31.0,10.0
1977,31.0,10.0,31.0,10.0
1978,31.0,10.0,28.0,14.0
1979,31.0,10.0,26.0,12.0
1980,31.0,10.0,32.0,10.0
1981,31.0,10.0,31.0,10.0
1982,31.0,10.0,31.0,10.0
1983,31.0,10.0,31.0,10.0
1984,31.0,10.0,26.0,12.0
1985,31.0,10.0,31.0,11.0
1986,31.0,10.0,28.0,14.0
1987,31.0,10.0,27.0,17.0
1988,31.0,10.0,31.0,11.0
1989,31.0,10.0,30.0,13.0
1990,31.0,10.0,26.0,12.0
1991,31.0,10.0,28.0,14.0
1992,31.0,10.0,26.0,12.0
1993,31.0,10.0,30.0,13.0
1994,31.0,10.0,31.0,11.0
1995,31.0,10.0,31.0,10.0
1996,31.0,10.0,26.0,12.0
1997,31.0,10.0,31.0,10.0
1998,31.0,10.0,32.0,10.0
1999,31.0,10.0,32.0,10.0
2000,31.0,10.0,31.0,10.0
2001,31.0,10.0,30.0,13.0
2002,31.0,10.0,30.0,13.0
2003,31.0,10.0,31.0,10.0
2004,31.0,10.0,26.0,12.0
2005,31.0,10.0,31.0,10.0
2006,31.0,10.0,27.0,17.0
2007,31.0,10.0,32.0,10.0
2008,31.0,10.0,31.0,10.0
2009,31.0,10.0,31.0,10.0
2010,31.0,10.0,31.0,11.0
2011,31.0,10.0,31.0,10.0
2012,31.0,10.0,27.0,17.0
2013,31.0,10.0,31.0,10.0
2014,31.0,10.0,26.0,12.0
2015,31.0,10.0,26.0,12.0
2016,31.0,10.0,26.0,12.0
2017,31.0,10.0,31.0,10.0
2018,31.0,10.0,26.0,12.0
2019,31.0,10.0,31.0,11.0
2020,31.0,10.0,27.0,17.0
2021,31.0,10.0,32.0,10.0
2022,31.0,10.0,27.0,17.0
2023,31.0,10.0,31.0,10.0
2024,31.0,10.0,32.0,10.0
2025,31.0,10.0,28.0,14.0
2026,31.0,10.0,27.0,17.0
2027,31.0,10.0,31.0,10.0
2028,31.0,10.0,26.0,12.0
2029,31.0,10.0,30.0,13.0
2030,31.0,10.0,26.0,12.0
2031,31.0,10.0,31.0,10.0
2032,31.0,10.0,26.0,12.0
2033,31.0,10.0,27.0,17.0
2034,31.0,10.0,31.0,10.0
2035,31.0,10.0,28.0,14.0
2036,31.0,10.0,26.0,12.0
2037,31.0,10.0,27.0,17.0
2038,31.0,10.0,31.0,10.0
2039,31.0,10.0,31.0,11.0
2040,31.0,10.0,28.0,14.0
2041,31.0,10.0,26.0,12.0
2042,31.0,10.0,27.0,17.0
2043,31.0,10.0,31.0,10.0
2044,31.0,10.0,26.0,12.0
2045,31.0,10.0,32.0,10.0
2046,31.0,10.0,27.0,17.0
2047,31.0,10.0,30.0,13.0
2048,31.0,10.0,32.0,10.0
2049,31.0,10.0,28.0,14.0
2050,31.0,10.0,31.0,11.0
2051,31.0,10.0,31.0,10.0
2052,31.0,10.0,31.0,11.0
2053,31.0,10.0,32.0,10.0
2054,31.0,10.0,28.0,14.0
2055,31.0,10.0,28.0,14.0
2056,31.0,10.0,26.0,12.0
2057,31.0,10.0,30.0,13.0
2058,31.0,10.0,27.0,17.0
2059,31.0,10.0,28.0,14.0
2060,31.0,10.0,31.0,10.0
2061,31.0,10.0,31.0,10.0
2062,31.0,10.0,27.0,17.0
2063,31.0,10.0,32.0,10.0
2064,31.0,10.0,32.0,10.0
2065,31.0,10.0,26.0,12.0
2066,31.0,10.0,28.0,14.0
2067,31.0,10.0,32.0,10.0
2068,31.0,10.0,28.0,14.0
2069,31.0,10.0,31.0,10.0
2070,31.0,10.0,32.0,10.0
2071,31.0,10.0,32.0,10.0
2072,31.0,10.0,31.0,10.0
2073,31.0,10.0,32.0,10.0
2074,31.0,10.0,28.0,14.0
2075,31.0,10.0,31.0,10.0
2076,31.0,10.0,30.0,13.0
2077,31.0,10.0,27.0,17.0
2078,31.0,10.0,28.0,14.0
2079,31.0,10.0,32.0,10.0
2080,31.0,10.0,28.0,14.0
2081,31.0,10.0,32.0,10.0
2082,31.0,10.0,26.0,12.0
2083,31.0,10.0,26.0,12.0
2084,31.0,10.0,31.0,10.0
2085,31.0,10.0,31.0,10.0
2086,31.0,10.0,32.0,10.0
2087,31.0,10.0,26.0,12.0
2088,31.0,10.0,26.0,12.0
2089,31.0,10.0,32.0,10.0
2090,31.0,10.0,31.0,10.0
2091,31.0,10.0,31.0,10.0
2092,31.0,10.0,32.0,10.0
2093,31.0,10.0,32.0,10.0
2094,31.0,10.0,28.0,14.0
2095,31.0,10.0,31.0,10.0
2096,31.0,10.0,28.0,14.0
2097,31.0,10.0,31.0,10.0
2098,31.0,10.0,31.0,10.0
2099,31.0,10.0,28.0,14.0
2100,31.0,10.0,31.0,10.0
2101,31.0,10.0,28.0,14.0
2102,31.0,10.0,31.0,11.0
2103,31.0,10.0,32.0,10.0
2104,31.0,10.0,31.0,10.0
2105,31.0,10.0,28.0,14.0
2106,31.0,10.0,31.0,10.0
2107,31.0,10.0,26.0,12.0
2108,31.0,10.0,31.0,11.0
2109,31.0,10.0,27.0,17.0
2110,31.0,10.0,31.0,10.0
2111,31.0,10.0,27.0,17.0
2112,31.0,10.0,27.0,17.0
2113,31.0,10.0,32.0,10.0
2114,31.0,10.0,28.0,14.0
2115,31.0,10.0,32.0,10.0
2116,31.0,10.0,31.0,10.0
2117,31.0,10.0,32.0,10.0
2118,31.0,10.0,31.0,10.0
2119,31.0,10.0,31.0,10.0
2120,31.0,10.0,27.0,17.0
2121,31.0,10.0,28.0,14.0
2122,31.0,10.0,31.0,10.0
2123,31.0,10.0,31.0,10.0
2124,31.0,10.0,31.0,10.0
2125,31.0,10.0,26.0,12.0
2126,31.0,10.0,31.0,11.0
2127,31.0,10.0,32.0,10.0
2128,31.0,10.0,28.0,14.0
2129,31.0,10.0,28.0,14.0
2130,31.0,10.0,26.0,12.0
2131,31.0,10.0,30.0,13.0
2132,31.0,10.0,27.0,17.0
2133,31.0,10.0,28.0,14.0
2134,31.0,10.0,31.0,10.0
2135,31.0,10.0,32.0,10.0
2136,31.0,10.0,31.0,10.0
2137,31.0,10.0,27.0,17.0
2138,31.0,10.0,26.0,12.0
2139,31.0,10.0,31.0,11.0
2140,31.0,10.0,31.0,10.0
2141,31.0,10.0,32.0,10.0
2142,31.0,10.0,31.0,10.0
2143,31.0,10.0,28.0,14.0
2144,31.0,10.0,31.0,10.0
2145,31.0,10.0,30.0,13.0
2146,31.0,10.0,31.0,10.0
2147,31.0,10.0,31.0,10.0
2148,31.0,10.0,31.0,11.0
2149,31.0,10.0,31.0,10.0
2150,31.0,10.0,28.0,14.0
2151,31.0,10.0,31.0,10.0
2152,31.0,10.0,26.0,12.0
2153,31.0,10.0,31.0,10.0
2154,31.0,10.0,28.0,14.0
2155,31.0,10.0,26.0,12.0
2156,31.0,10.0,31.0,10.0
2157,31.0,10.0,30.0,13.0
2158,31.0,10.0,32.0,10.0
2159,31.0,10.0,31.0,10.0
2160,31.0,10.0,31.0,10.0
2161,31.0,10.0,31.0,10.0
2162,31.0,10.0,31.0,10.0
2163,31.0,10.0,31.0,10.0
2164,31.0,10.0,31.0,11.0
2165,31.0,10.0,31.0,10.0
2166,31.0,10.0,31.0,11.0
2167,31.0,10.0,26.0,12.0
2168,31.0,10.0,28.0,14.0
2169,31.0,10.0,26.0,12.0
2170,31.0,10.0,26.0,12.0
2171,31.0,10.0,28.0,14.0
2172,31.0,10.0,32.0,10.0
2173,31.0,10.0,26.0,12.0
2174,31.0,10.0,31.0,10.0
2175,31.0,10.0,27.0,17.0
2176,31.0,10.0,27.0,17.0
2177,31.0,10.0,26.0,12.0
2178,31.0,10.0,31.0,11.0
2179,31.0,10.0,26.0,12.0
2180,31.0,10.0,31.0,10.0
2181,31.0,10.0,31.0,11.0
2182,31.0,10.0,31.0,11.0
2183,31.0,10.0,32.0,10.0
2184,31.0,10.0,28.0,14.0
2185,31.0,10.0,28.0,14.0
2186,31.0,10.0,26.0,12.0
2187,31.0,10.0,28.0,14.0
2188,31.0,10.0,31.0,10.0
2189,31.0,10.0,32.0,10.0
2190,31.0,10.0,31.0,11.0
2191,31.0,10.0,31.0,10.0
2192,31.0,10.0,30.0,13.0
2193,31.0,10.0,26.0,12.0
2194,31.0,10.0,31.0,11.0
2195,31.0,10.0,32.0,10.0
2196,31.0,10.0,27.0,17.0
2197,31.0,10.0,28.0,14.0
2198,31.0,10.0,26.0,12.0
2199,31.0,10.0,28.0,14.0
2200,31.0,10.0,27.0,17.0
2201,31.0,10.0,31.0,10.0
2202,31.0,10.0,30.0,13.0
2203,31.0,10.0,31.0,11.0
2204,31.0,10.0,32.0,10.0
2205,31.0,10.0,27.0,17.0
2206,31.0,10.0,26.0,12.0
2207,31.0,10.0,26.0,12.0
2208,31.0,10.0,32.0,10.0
2209,31.0,10.0,31.0,10.0
2210,31.0,10.0,28.0,14.0
2211,31.0,10.0,28.0,14.0
2212,31.0,10.0,27.0,17.0
2213,31.0,10.0,26.0,12.0
2214,31.0,10.0,28.0,14.0
2215,31.0,10.0,31.0,11.0
2216,31.0,10.0,30.0,13.0
2217,31.0,10.0,28.0,14.0
2218,31.0,10.0,27.0,17.0
2219,31.0,10.0,32.0,10.0
2220,31.0,10.0,28.0,14.0
2221,31.0,10.0,32.0,10.0
2222,31.0,10.0,31.0,11.0
2223,31.0,10.0,28.0,14.0
2224,31.0,10.0,31.0,10.0
2225,31.0,10.0,32.0,10.0
2226,31.0,10.0,26.0,12.0
2227,31.0,10.0,28.0,14.0
2228,31.0,10.0,31.0,11.0
2229,31.0,10.0,27.0,17.0
2230,31.0,10.0,31.0,10.0
2231,31.0,10.0,32.0,10.0
2232,31.0,10.0,30.0,13.0
2233,31.0,10.0,30.0,13.0
2234,31.0,10.0,30.0,13.0
2235,31.0,10.0,31.0,10.0
2236,31.0,10.0,31.0,11.0
2237,31.0,10.0,27.0,17.0
2238,31.0,10.0,31.0,11.0
2239,31.0,10.0,27.0,17.0
2240,31.0,10.0,31.0,10.0
2241,31.0,10.0,31.0,10.0
2242,31.0,10.0,27.0,17.0
2243,31.0,10.0,27.0,17.0
2244,31.0,10.0,32.0,10.0
2245,31.0,10.0,26.0,12.0
2246,31.0,10.0,31.0,10.0
2247,31.0,10.0,31.0,10.0
2248,31.0,10.0,27.0,17.0
2249,31.0,10.0,31.0,10.0
2250,31.0,10.0,28.0,14.0
2251,31.0,10.0,31.0,10.0
2252,31.0,10.0,32.0,10.0
2253,31.0,10.0,28.0,14.0
2254,31.0,10.0,31.0,11.0
2255,31.0,10.0,27.0,17.0
2256,31.0,10.0,26.0,12.0
2257,31.0,10.0,27.0,17.0
2258,31.0,10.0,31.0,10.0
2259,31.0,10.0,30.0,13.0
2260,31.0,10.0,26.0,12.0
2261,31.0,10.0,28.0,14.0
2262,31.0,10.0,31.0,11.0
2263,31.0,10.0,26.0,12.0
2264,31.0,10.0,27.0,17.0
2265,31.0,10.0,31.0,10.0
2266,31.0,10.0,32.0,10.0
2267,31.0,10.0,26.0,12.0
2268,31.0,10.0,32.0,10.0
2269,31.0,10.0,28.0,14.0
2270,31.0,10.0,31.0,10.0
2271,31.0,10.0,31.0,11.0
2272,31.0,10.0,31.0,10.0
2273,31.0,10.0,30.0,13.0
2274,31.0,10.0,28.0,14.0
2275,31.0,10.0,26.0,12.0
2276,31.0,10.0,31.0,11.0
2277,31.0,10.0,26.0,12.0
2278,31.0,10.0,31.0,10.0
2279,31.0,10.0,32.0,10.0
2280,31.0,10.0,31.0,10.0
2281,31.0,10.0,31.0,10.0
2282,31.0,10.0,32.0,10.0
2283,31.0,10.0,32.0,10.0
2284,31.0,10.0,31.0,10.0
2285,31.0,10.0,32.0,10.0
2286,31.0,10.0,31.0,10.0
2287,31.0,10.0,31.0,10.0
2288,31.0,10.0,31.0,10.0
2289,31.0,10.0,27.0,17.0
2290,31.0,10.0,26.0,12.0
2291,31.0,10.0,28.0,14.0
2292,31.0,10.0,28.0,14.0
2293,31.0,10.0,30.0,13.0
2294,31.0,10.0,28.0,14.0
2295,31.0,10.0,28.0,14.0
2296,31.0,10.0,26.0,12.0
2297,31.0,10.0,28.0,14.0
2298,31.0,10.0,31.0,11.0
2299,31.0,10.0,31.0,10.0
2300,31.0,10.0,31.0,10.0
2301,31.0,10.0,27.0,17.0
2302,31.0,10.0,31.0,10.0
2303,31.0,10.0,31.0,10.0
2304,31.0,10.0,26.0,12.0
2305,31.0,10.0,28.0,14.0
2306,31.0,10.0,27.0,17.0
2307,31.0,10.0,31.0,10.0
2308,31.0,10.0,31.0,11.0
2309,31.0,10.0,28.0,14.0
2310,31.0,10.0,31.0,11.0
2311,31.0,10.0,31.0,10.0
2312,31.0,10.0,31.0,10.0
2313,31.0,10.0,27.0,17.0
2314,31.0,10.0,30.0,13.0
2315,31.0,10.0,30.0,13.0
2316,31.0,10.0,31.0,10.0
2317,31.0,10.0,26.0,12.0
2318,31.0,10.0,31.0,11.0
2319,31.0,10.0,32.0,10.0
2320,31.0,10.0,31.0,10.0
2321,31.0,10.0,32.0,10.0
2322,31.0,10.0,28.0,14.0
2323,31.0,10.0,27.0,17.0
2324,31.0,10.0,27.0,17.0
2325,31.0,10.0,26.0,12.0
2326,31.0,10.0,32.0,10.0
2327,31.0,10.0,30.0,13.0
2328,31.0,10.0,32.0,10.0
2329,31.0,10.0,28.0,14.0
2330,31.0,10.0,31.0,10.0
2331,31.0,10.0,28.0,14.0
2332,31.0,10.0,32.0,10.0
2333,31.0,10.0,32.0,10.0
2334,31.0,10.0,28.0,14.0
2335,31.0,10.0,31.0,10.0
2336,31.0,10.0,31.0,11.0
2337,31.0,10.0,31.0,11.0
2338,31.0,10.0,27.0,17.0
2339,31.0,10.0,26.0,12.0
2340,31.0,10.0,31.0,10.0
2341,31.0,10.0,31.0,11.0
2342,31.0,10.0,32.0,10.0
2343,31.0,10.0,31.0,10.0
2344,31.0,10.0,26.0,12.0
2345,31.0,10.0,31.0,10.0
2346,31.0,10.0,32.0,10.0
2347,31.0,10.0,26.0,12.0
2348,31.0,10.0,27.0,17.0
2349,31.0,10.0,31.0,11.0
2350,31.0,10.0,31.0,10.0
2351,31.0,10.0,31.0,10.0
2352,31.0,10.0,31.0,11.0
2353,31.0,10.0,26.0,12.0
2354,31.0,10.0,27.0,17.0
2355,31.0,10.0,30.0,13.0
2356,31.0,10.0,26.0,12.0
2357,31.0,10.0,32.0,10.0
2358,31.0,10.0,31.0,10.0
2359,31.0,10.0,27.0,17.0
2360,31.0,10.0,31.0,11.0
2361,31.0,10.0,27.0,17.0
2362,31.0,10.0,31.0,10.0
2363,31.0,10.0,32.0,10.0
2364,31.0,10.0,31.0,10.0
2365,31.0,10.0,30.0,13.0
2366,31.0,10.0,31.0,10.0
2367,31.0,10.0,30.0,13.0
2368,31.0,10.0,32.0,10.0
2369,31.0,10.0,28.0,14.0
2370,31.0,10.0,31.0,11.0
2371,31.0,10.0,28.0,14.0
2372,31.0,10.0,31.0,10.0
2373,31.0,10.0,31.0,10.0
2374,31.0,10.0,31.0,10.0
2375,31.0,10.0,26.0,12.0
2376,31.0,10.0,31.0,10.0
2377,31.0,10.0,30.0,13.0
2378,31.0,10.0,32.0,10.0
2379,31.0,10.0,31.0,10.0
2380,31.0,10.0,31.0,10.0
2381,31.0,10.0,30.0,13.0
2382,31.0,10.0,28.0,14.0
2383,31.0,10.0,28.0,14.0
2384,31.0,10.0,27.0,17.0
2385,31.0,10.0,31.0,11.0
2386,31.0,10.0,26.0,12.0
2387,31.0,10.0,27.0,17.0
2388,31.0,10.0,31.0,10.0
2389,31.0,10.0,31.0,11.0
2390,31.0,10.0,30.0,13.0
2391,31.0,10.0,31.0,10.0
2392,31.0,10.0,28.0,14.0
2393,31.0,10.0,27.0,17.0
2394,31.0,10.0,28.0,14.0
2395,31.0,10.0,28.0,14.0
2396,31.0,10.0,31.0,11.0
2397,31.0,10.0,31.0,10.0
2398,31.0,10.0,31.0,10.0
2399,31.0,10.0,32.0,10.0
2400,31.0,10.0,30.0,13.0
2401,31.0,10.0,31.0,10.0
2402,31.0,10.0,27.0,17.0
2403,31.0,10.0,30.0,13.0
2404,31.0,10.0,28.0,14.0
2405,31.0,10.0,32.0,10.0
2406,31.0,10.0,32.0,10.0
2407,31.0,10.0,28.0,14.0
2408,31.0,10.0,28.0,14.0
2409,31.0,10.0,27.0,17.0
2410,31.0,10.0,26.0,12.0
2411,31.0,10.0,31.0,10.0
2412,31.0,10.0,30.0,13.0
2413,31.0,10.0,32.0,10.0
2414,31.0,10.0,31.0,11.0
2415,31.0,10.0,26.0,12.0
2416,31.0,10.0,26.0,12.0
2417,31.0,10.0,28.0,14.0
2418,31.0,10.0,31.0,10.0
2419,31.0,10.0,27.0,17.0
2420,31.0,10.0,32.0,10.0
2421,31.0,10.0,31.0,11.0
2422,31.0,10.0,32.0,10.0
2423,31.0,10.0,31.0,10.0
2424,31.0,10.0,32.0,10.0
2425,31.0,10.0,31.0,11.0
2426,31.0,10.0,32.0,10.0
2427,31.0,10.0,28.0,14.0
2428,31.0,10.0,32.0,10.0
2429,31.0,10.0,30.0,13.0
2430,31.0,10.0,32.0,10.0
2431,31.0,10.0,31.0,11.0
2432,31.0,10.0,32.0,10.0
2433,31.0,10.0,26.0,12.0
2434,31.0,10.0,32.0,10.0
2435,31.0,10.0,31.0,10.0
2436,31.0,10.0,31.0,10.0
2437,31.0,10.0,27.0,17.0
2438,31.0,10.0,28.0,14.0
2439,31.0,10.0,31.0,10.0
2440,31.0,10.0,31.0,10.0
2441,31.0,10.0,28.0,14.0
2442,31.0,10.0,27.0,17.0
2443,31.0,10.0,32.0,10.0
2444,31.0,10.0,31.0,10.0
2445,31.0,10.0,31.0,10.0
2446,31.0,10.0,31.0,10.0
2447,31.0,10.0,31.0,10.0
2448,31.0,10.0,31.0,10.0
2449,31.0,10.0,31.0,10.0
2450,31.0,10.0,31.0,11.0
2451,31.0,10.0,31.0,10.0
2452,31.0,10.0,30.0,13.0
2453,31.0,10.0,28.0,14.0
2454,31.0,10.0,31.0,10.0
2455,31.0,10.0,31.0,10.0
2456,31.0,10.0,32.0,10.0
2457,31.0,10.0,31.0,10.0
2458,31.0,10.0,27.0,17.0
2459,31.0,10.0,26.0,12.0
2460,31.0,10.0,31.0,10.0
2461,31.0,10.0,30.0,13.0
2462,31.0,10.0,30.0,13.0
2463,31.0,10.0,26.0,12.0
2464,31.0,10.0,32.0,10.0
2465,31.0,10.0,31.0,10.0
2466,31.0,10.0,28.0,14.0
2467,31.0,10.0,32.0,10.0
2468,31.0,10.0,31.0,11.0
2469,31.0,10.0,31.0,10.0
2470,31.0,10.0,31.0,10.0
2471,31.0,10.0,30.0,13.0
2472,31.0,10.0,31.0,10.0
2473,31.0,10.0,31.0,10.0
2474,31.0,10.0,31.0,11.0
2475,31.0,10.0,31.0,11.0
2476,31.0,10.0,31.0,10.0
2477,31.0,10.0,26.0,12.0
2478,31.0,10.0,32.0,10.0
2479,31.0,10.0,28.0,14.0
2480,31.0,10.0,27.0,17.0
2481,31.0,10.0,27.0,17.0
2482,31.0,10.0,31.0,11.0
2483,31.0,10.0,28.0,14.0
2484,31.0,10.0,31.0,10.0
2485,31.0,10.0,32.0,10.0
2486,31.0,10.0,31.0,10.0
2487,31.0,10.0,28.0,14.0
2488,31.0,10.0,26.0,12.0
2489,31.0,10.0,27.0,17.0
2490,31.0,10.0,28.0,14.0
2491,31.0,10.0,27.0,17.0
2492,31.0,10.0,31.0,11.0
2493,31.0,10.0,31.0,11.0
2494,31.0,10.0,31.0,11.0
2495,31.0,10.0,28.0,14.0
2496,31.0,10.0,28.0,14.0
2497,31.0,10.0,31.0,10.0
2498,31.0,10.0,27.0,17.0
2499,31.0,10.0,26.0,12.0
2500,31.0,10.0,27.0,17.0
2501,31.0,10.0,30.0,13.0
2502,31.0,10.0,28.0,14.0
2503,31.0,10.0,26.0,12.0
2504,31.0,10.0,31.0,10.0
2505,31.0,10.0,30.0,13.0
2506,31.0,10.0,28.0,14.0
2507,31.0,10.0,32.0,10.0
2508,31.0,10.0,27.0,17.0
2509,31.0,10.0,31.0,10.0
2510,31.0,10.0,28.0,14.0
2511,31.0,10.0,32.0,10.0
2512,31.0,10.0,28.0,14.0
2513,31.0,10.0,30.0,13.0
2514,31.0,10.0,32.0,10.0
2515,31.0,10.0,31.0,10.0
2516,31.0,10.0,26.0,12.0
2517,31.0,10.0,28.0,14.0
2518,31.0,10.0,28.0,14.0
2519,31.0,10.0,30.0,13.0
2520,31.0,10.0,30.0,13.0
2521,31.0,10.0,27.0,17.0
2522,31.0,10.0,31.0,10.0
2523,31.0,10.0,32.0,10.0
2524,31.0,10.0,31.0,11.0
2525,31.0,10.0,27.0,17.0
2526,31.0,10.0,31.0,11.0
2527,31.0,10.0,31.0,11.0
2528,31.0,10.0,27.0,17.0
2529,31.0,10.0,31.0,10.0
2530,31.0,10.0,26.0,12.0
2531,31.0,10.0,28.0,14.0
2532,31.0,10.0,28.0,14.0
2533,31.0,10.0,31.0,10.0
2534,31.0,10.0,31.0,10.0
2535,31.0,10.0,32.0,10.0
2536,31.0,10.0,26.0,12.0
2537,31.0,10.0,31.0,10.0
2538,31.0,10.0,28.0,14.0
2539,31.0,10.0,31.0,10.0
2540,31.0,10.0,30.0,13.0
2541,31.0,10.0,26.0,12.0
2542,31.0,10.0,30.0,13.0
2543,31.0,10.0,28.0,14.0
2544,31.0,10.0,30.0,13.0
2545,31.0,10.0,28.0,14.0
2546,31.0,10.0,31.0,10.0
2547,31.0,10.0,28.0,14.0
2548,31.0,10.0,27.0,17.0
2549,31.0,10.0,26.0,12.0
2550,31.0,10.0,28.0,14.0
2551,31.0,10.0,31.0,11.0
2552,31.0,10.0,32.0,10.0
2553,31.0,10.0,30.0,13.0
2554,31.0,10.0,32.0,10.0
2555,31.0,10.0,31.0,10.0
2556,31.0,10.0,31.0,10.0
2557,31.0,10.0,31.0,10.0
2558,31.0,10.0,28.0,14.0
2559,31.0,10.0,30.0,13.0
2560,31.0,10.0,27.0,17.0
2561,31.0,10.0,30.0,13.0
2562,31.0,10.0,28.0,14.0
2563,31.0,10.0,30.0,13.0
2564,31.0,10.0,27.0,17.0
2565,31.0,10.0,31.0,10.0
2566,31.0,10.0,32.0,10.0
2567,31.0,10.0,26.0,12.0
2568,31.0,10.0,31.0,11.0
2569,31.0,10.0,28.0,14.0
2570,31.0,10.0,30.0,13.0
2571,31.0,10.0,31.0,10.0
2572,31.0,10.0,28.0,14.0
2573,31.0,10.0,26.0,12.0
2574,31.0,10.0,28.0,14.0
2575,31.0,10.0,30.0,13.0
2576,31.0,10.0,26.0,12.0
2577,31.0,10.0,30.0,13.0
2578,31.0,10.0,30.0,13.0
2579,31.0,10.0,32.0,10.0
2580,31.0,10.0,31.0,10.0
2581,31.0,10.0,27.0,17.0
2582,31.0,10.0,26.0,12.0
2583,31.0,10.0,30.0,13.0
2584,31.0,10.0,28.0,14.0
2585,31.0,10.0,27.0,17.0
2586,31.0,10.0,31.0,10.0
2587,31.0,10.0,31.0,10.0
2588,31.0,10.0,31.0,10.0
2589,31.0,10.0,31.0,10.0
2590,31.0,10.0,32.0,10.0
2591,31.0,10.0,32.0,10.0
2592,31.0,10.0,32.0,10.0
2593,31.0,10.0,26.0,12.0
2594,31.0,10.0,26.0,12.0
2595,31.0,10.0,31.0,10.0
2596,31.0,10.0,28.0,14.0
2597,31.0,10.0,27.0,17.0
2598,31.0,10.0,27.0,17.0
2599,31.0,10.0,26.0,12.0
2600,31.0,10.0,27.0,17.0
2601,31.0,10.0,32.0,10.0
2602,31.0,10.0,32.0,10.0
2603,31.0,10.0,32.0,10.0
2604,31.0,10.0,31.0,11.0
2605,31.0,10.0,27.0,17.0
2606,31.0,10.0,26.0,12.0
2607,31.0,10.0,31.0,10.0
2608,31.0,10.0,30.0,13.0
2609,31.0,10.0,27.0,17.0
2610,31.0,10.0,26.0,12.0
2611,31.0,10.0,30.0,13.0
2612,31.0,10.0,28.0,14.0
2613,31.0,10.0,31.0,10.0
2614,31.0,10.0,31.0,10.0
2615,31.0,10.0,31.0,10.0
2616,31.0,10.0,28.0,14.0
2617,31.0,10.0,27.0,17.0
2618,31.0,10.0,26.0,12.0
2619,31.0,10.0,26.0,12.0
2620,31.0,10.0,31.0,10.0
2621,31.0,10.0,32.0,10.0
2622,31.0,10.0,28.0,14.0
2623,31.0,10.0,31.0,10.0
2624,31.0,10.0,30.0,13.0
2625,31.0,10.0,31.0,10.0
2626,31.0,10.0,31.0,10.0
2627,31.0,10.0,32.0,10.0
2628,31.0,10.0,30.0,13.0
2629,31.0,10.0,26.0,12.0
2630,31.0,10.0,32.0,10.0
2631,31.0,10.0,28.0,14.0
2632,31.0,10.0,31.0,11.0
2633,31.0,10.0,27.0,17.0
2634,31.0,10.0,31.0,10.0
2635,31.0,10.0,30.0,13.0
2636,31.0,10.0,32.0,10.0
2637,31.0,10.0,32.0,10.0
2638,31.0,10.0,31.0,10.0
2639,31.0,10.0,32.0,10.0
2640,31.0,10.0,30.0,13.0
2641,31.0,10.0,31.0,10.0
2642,31.0,10.0,30.0,13.0
2643,31.0,10.0,32.0,10.0
2644,31.0,10.0,28.0,14.0
2645,31.0,10.0,31.0,10.0
2646,31.0,10.0,30.0,13.0
2647,31.0,10.0,27.0,17.0
2648,31.0,10.0,32.0,10.0
2649,31.0,10.0,31.0,10.0
2650,31.0,10.0,31.0,11.0
2651,31.0,10.0,31.0,10.0
2652,31.0,10.0,26.0,12.0
2653,31.0,10.0,31.0,11.0
2654,31.0,10.0,30.0,13.0
2655,31.0,10.0,31.0,11.0
2656,31.0,10.0,30.0,13.0
2657,31.0,10.0,32.0,10.0
2658,31.0,10.0,31.0,10.0
2659,31.0,10.0,31.0,11.0
2660,31.0,10.0,28.0,14.0
2661,31.0,10.0,30.0,13.0
2662,31.0,10.0,32.0,10.0
2663,31.0,10.0,31.0,10.0
2664,31.0,10.0,32.0,10.0
2665,31.0,10.0,32.0,10.0
2666,31.0,10.0,28.0,14.0
2667,31.0,10.0,31.0,10.0
2668,31.0,10.0,30.0,13.0
2669,31.0,10.0,32.0,10.0
2670,31.0,10.0,26.0,12.0
2671,31.0,10.0,28.0,14.0
2672,31.0,10.0,27.0,17.0
2673,31.0,10.0,27.0,17.0
2674,31.0,10.0,28.0,14.0
2675,31.0,10.0,28.0,14.0
2676,31.0,10.0,31.0,10.0
2677,31.0,10.0,28.0,14.0
2678,31.0,10.0,31.0,11.0
2679,31.0,10.0,30.0,13.0
2680,31.0,10.0,26.0,12.0
2681,31.0,10.0,31.0,10.0
2682,31.0,10.0,30.0,13.0
2683,31.0,10.0,28.0,14.0
2684,31.0,10.0,26.0,12.0
2685,31.0,10.0,31.0,10.0
2686,31.0,10.0,32.0,10.0
2687,31.0,10.0,31.0,10.0
2688,31.0,10.0,31.0,11.0
2689,31.0,10.0,32.0,10.0
2690,31.0,10.0,31.0,10.0
2691,31.0,10.0,30.0,13.0
2692,31.0,10.0,31.0,11.0
2693,31.0,10.0,26.0,12.0
2694,31.0,10.0,28.0,14.0
2695,31.0,10.0,26.0,12.0
2696,31.0,10.0,31.0,11.0
2697,31.0,10.0,31.0,10.0
2698,31.0,10.0,31.0,11.0
2699,31.0,10.0,27.0,17.0
2700,31.0,10.0,32.0,10.0
2701,31.0,10.0,32.0,10.0
2702,31.0,10.0,31.0,10.0
2703,31.0,10.0,26.0,12.0
2704,31.0,10.0,31.0,10.0
2705,31.0,10.0,32.0,10.0
2706,31.0,10.0,30.0,13.0
2707,31.0,10.0,31.0,10.0
2708,31.0,10.0,27.0,17.0
2709,31.0,10.0,31.0,10.0
2710,31.0,10.0,27.0,17.0
2711,31.0,10.0,32.0,10.0
2712,31.0,10.0,27.0,17.0
2713,31.0,10.0,26.0,12.0
2714,31.0,10.0,32.0,10.0
2715,31.0,10.0,26.0,12.0
2716,31.0,10.0,31.0,10.0
2717,31.0,10.0,32.0,10.0
2718,31.0,10.0,31.0,10.0
2719,31.0,10.0,31.0,11.0
2720,31.0,10.0,31.0,10.0
2721,31.0,10.0,31.0,10.0
2722,31.0,10.0,32.0,10.0
2723,31.0,10.0,31.0,10.0
2724,31.0,10.0,28.0,14.0
2725,31.0,10.0,31.0,10.0
2726,31.0,10.0,28.0,14.0
2727,31.0,10.0,31.0,10.0
2728,31.0,10.0,27.0,17.0
2729,31.0,10.0,31.0,11.0
2730,31.0,10.0,30.0,13.0
2731,31.0,10.0,26.0,12.0
2732,31.0,10.0,31.0,10.0
2733,31.0,10.0,31.0,10.0
2734,31.0,10.0,26.0,12.0
2735,31.0,10.0,26.0,12.0
2736,31.0,10.0,31.0,11.0
2737,31.0,10.0,28.0,14.0
2738,31.0,10.0,26.0,12.0
2739,31.0,10.0,31.0,10.0
2740,31.0,10.0,31.0,10.0
2741,31.0,10.0,31.0,10.0
2742,31.0,10.0,31.0,11.0
2743,31.0,10.0,27.0,17.0
2744,31.0,10.0,32.0,10.0
2745,31.0,10.0,32.0,10.0
2746,31.0,10.0,30.0,13.0
2747,31.0,10.0,32.0,10.0
2748,31.0,10.0,26.0,12.0
2749,31.0,10.0,30.0,13.0
2750,31.0,10.0,31.0,10.0
2751,31.0,10.0,31.0,10.0
2752,31.0,10.0,32.0,10.0
2753,31.0,10.0,27.0,17.0
2754,31.0,10.0,26.0,12.0
2755,31.0,10.0,30.0,13.0
2756,31.0,10.0,31.0,11.0
2757,31.0,10.0,30.0,13.0
2758,31.0,10.0,27.0,17.0
2759,31.0,10.0,28.0,14.0
2760,31.0,10.0,28.0,14.0
2761,31.0,10.0,30.0,13.0
2762,31.0,10.0,31.0,10.0
2763,31.0,10.0,28.0,14.0
2764,31.0,10.0,31.0,10.0
2765,31.0,10.0,28.0,14.0
2766,31.0,10.0,32.0,10.0
2767,31.0,10.0,31.0,11.0
2768,31.0,10.0,31.0,10.0
2769,31.0,10.0,31.0,10.0
2770,31.0,10.0,27.0,17.0
2771,31.0,10.0,30.0,13.0
2772,31.0,10.0,28.0,14.0
2773,31.0,10.0,30.0,13.0
2774,31.0,10.0,28.0,14.0
2775,31.0,10.0,28.0,14.0
2776,31.0,10.0,27.0,17.0
2777,31.0,10.0,30.0,13.0
2778,31.0,10.0,32.0,10.0
2779,31.0,10.0,28.0,14.0
2780,31.0,10.0,28.0,14.0
2781,31.0,10.0,28.0,14.0
2782,31.0,10.0,30.0,13.0
2783,31.0,10.0,31.0,10.0
2784,31.0,10.0,31.0,11.0
2785,31.0,10.0,30.0,13.0
2786,31.0,10.0,27.0,17.0
2787,31.0,10.0,31.0,10.0
2788,31.0,10.0,28.0,14.0
2789,31.0,10.0,27.0,17.0
2790,31.0,10.0,31.0,10.0
2791,31.0,10.0,32.0,10.0
2792,31.0,10.0,31.0,10.0
2793,31.0,10.0,30.0,13.0
2794,31.0,10.0,31.0,11.0
2795,31.0,10.0,31.0,10.0
2796,31.0,10.0,32.0,10.0
2797,31.0,10.0,30.0,13.0
2798,31.0,10.0,31.0,10.0
2799,31.0,10.0,30.0,13.0
2800,31.0,10.0,31.0,10.0
2801,31.0,10.0,30.0,13.0
2802,31.0,10.0,30.0,13.0
2803,31.0,10.0,31.0,10.0
2804,31.0,10.0,31.0,10.0
2805,31.0,10.0,27.0,17.0
2806,31.0,10.0,26.0,12.0
2807,31.0,10.0,31.0,10.0
2808,31.0,10.0,28.0,14.0
2809,31.0,10.0,30.0,13.0
2810,31.0,10.0,31.0,11.0
2811,31.0,10.0,31.0,10.0
2812,31.0,10.0,27.0,17.0
2813,31.0,10.0,31.0,10.0
2814,31.0,10.0,31.0,10.0
2815,31.0,10.0,31.0,10.0
2816,31.0,10.0,31.0,10.0
2817,31.0,10.0,32.0,10.0
2818,31.0,10.0,28.0,14.0
2819,31.0,10.0,31.0,10.0
2820,31.0,10.0,27.0,17.0
2821,31.0,10.0,31.0,11.0
2822,31.0,10.0,27.0,17.0
2823,31.0,10.0,31.0,10.0
2824,31.0,10.0,28.0,14.0
2825,31.0,10.0,31.0,10.0
2826,31.0,10.0,31.0,10.0
2827,31.0,10.0,32.0,10.0
2828,31.0,10.0,31.0,11.0
2829,31.0,10.0,31.0,10.0
2830,31.0,10.0,28.0,14.0
2831,31.0,10.0,31.0,10.0
2832,31.0,10.0,28.0,14.0
2833,31.0,10.0,31.0,10.0
2834,31.0,10.0,28.0,14.0
2835,31.0,10.0,30.0,13.0
2836,31.0,10.0,31.0,10.0
2837,31.0,10.0,31.0,10.0
2838,31.0,10.0,31.0,11.0
2839,31.0,10.0,31.0,10.0
2840,31.0,10.0,26.0,12.0
2841,31.0,10.0,31.0,10.0
2842,31.0,10.0,31.0,10.0
2843,31.0,10.0,27.0,17.0
2844,31.0,10.0,32.0,10.0
2845,31.0,10.0,32.0,10.0
2846,31.0,10.0,27.0,17.0
2847,31.0,10.0,26.0,12.0
2848,31.0,10.0,27.0,17.0
2849,31.0,10.0,31.0,10.0
2850,31.0,10.0,28.0,14.0
2851,31.0,10.0,27.0,17.0
2852,31.0,10.0,28.0,14.0
2853,31.0,10.0,28.0,14.0
2854,31.0,10.0,31.0,10.0
2855,31.0,10.0,31.0,11.0
2856,31.0,10.0,27.0,17.0
2857,31.0,10.0,28.0,14.0
2858,31.0,10.0,31.0,10.0
2859,31.0,10.0,30.0,13.0
2860,31.0,10.0,31.0,11.0
2861,31.0,10.0,28.0,14.0
2862,31.0,10.0,31.0,10.0
2863,31.0,10.0,26.0,12.0
2864,31.0,10.0,27.0,17.0
2865,31.0,10.0,31.0,10.0
2866,31.0,10.0,31.0,10.0
2867,31.0,10.0,31.0,10.0
2868,31.0,10.0,31.0,11.0
2869,31.0,10.0,30.0,13.0
2870,31.0,10.0,31.0,11.0
2871,31.0,10.0,27.0,17.0
2872,31.0,10.0,26.0,12.0
2873,31.0,10.0,28.0,14.0
2874,31.0,10.0,31.0,10.0
2875,31.0,10.0,26.0,12.0
2876,31.0,10.0,31.0,10.0
2877,31.0,10.0,27.0,17.0
2878,31.0,10.0,31.0,10.0
2879,31.0,10.0,31.0,10.0
2880,31.0,10.0,28.0,14.0
2881,31.0,10.0,31.0,10.0
2882,31.0,10.0,32.0,10.0
2883,31.0,10.0,31.0,11.0
2884,31.0,10.0,32.0,10.0
2885,31.0,10.0,32.0,10.0
2886,31.0,10.0,31.0,10.0
2887,31.0,10.0,31.0,10.0
2888,31.0,10.0,28.0,14.0
2889,31.0,10.0,26.0,12.0
2890,31.0,10.0,27.0,17.0
2891,31.0,10.0,31.0,10.0
2892,31.0,10.0,31.0,10.0
2893,31.0,10.0,27.0,17.0
2894,31.0,10.0,27.0,17.0
2895,31.0,10.0,30.0,13.0
2896,31.0,10.0,31.0,11.0
2897,31.0,10.0,31.0,10.0
2898,31.0,10.0,31.0,11.0
2899,31.0,10.0,30.0,13.0
2900,31.0,10.0,28.0,14.0
2901,31.0,10.0,27.0,17.0
2902,31.0,10.0,26.0,12.0
2903,31.0,10.0,28.0,14.0
2904,31.0,10.0,28.0,14.0
2905,31.0,10.0,27.0,17.0
2906,31.0,10.0,27.0,17.0
2907,31.0,10.0,28.0,14.0
2908,31.0,10.0,30.0,13.0
2909,31.0,10.0,27.0,17.0
2910,31.0,10.0,32.0,10.0
2911,31.0,10.0,31.0,10.0
2912,31.0,10.0,31.0,10.0
2913,31.0,10.0,27.0,17.0
2914,31.0,10.0,31.0,10.0
2915,31.0,10.0,26.0,12.0
2916,31.0,10.0,27.0,17.0
2917,31.0,10.0,30.0,13.0
2918,31.0,10.0,28.0,14.0
2919,31.0,10.0,30.0,13.0
2920,31.0,10.0,26.0,12.0
2921,31.0,10.0,31.0,10.0
2922,31.0,10.0,32.0,10.0
2923,31.0,10.0,30.0,13.0
2924,31.0,10.0,32.0,10.0
2925,31.0,10.0,28.0,14.0
2926,31.0,10.0,26.0,12.0
2927,31.0,10.0,27.0,17.0
2928,31.0,10.0,31.0,10.0
2929,31.0,10.0,28.0,14.0
2930,31.0,10.0,26.0,12.0
2931,31.0,10.0,31.0,10.0
2932,31.0,10.0,31.0,10.0
2933,31.0,10.0,26.0,12.0
2934,31.0,10.0,28.0,14.0
2935,31.0,10.0,31.0,11.0
2936,31.0,10.0,31.0,10.0
2937,31.0,10.0,32.0,10.0
2938,31.0,10.0,31.0,10.0
2939,31.0,10.0,28.0,14.0
2940,31.0,10.0,30.0,13.0
2941,31.0,10.0,28.0,14.0
2942,31.0,10.0,28.0,14.0
2943,31.0,10.0,31.0,11.0
2944,31.0,10.0,31.0,11.0
2945,31.0,10.0,30.0,13.0
2946,31.0,10.0,31.0,10.0
2947,31.0,10.0,28.0,14.0
2948,31.0,10.0,32.0,10.0
2949,31.0,10.0,28.0,14.0
2950,31.0,10.0,31.0,11.0
2951,31.0,10.0,26.0,12.0
2952,31.0,10.0,32.0,10.0
2953,31.0,10.0,31.0,11.0
2954,31.0,10.0,31.0,10.0
2955,31.0,10.0,31.0,11.0
2956,31.0,10.0,31.0,10.0
2957,31.0,10.0,28.0,14.0
2958,31.0,10.0,32.0,10.0
2959,31.0,10.0,32.0,10.0
2960,31.0,10.0,31.0,10.0
2961,31.0,10.0,28.0,14.0
2962,31.0,10.0,32.0,10.0
2963,31.0,10.0,30.0,13.0
2964,31.0,10.0,31.0,11.0
2965,31.0,10.0,31.0,11.0
2966,31.0,10.0,27.0,17.0
2967,31.0,10.0,31.0,10.0
2968,31.0,10.0,31.0,10.0
2969,31.0,10.0,31.0,10.0
2970,31.0,10.0,31.0,10.0
2971,31.0,10.0,27.0,17.0
2972,31.0,10.0,30.0,13.0
2973,31.0,10.0,32.0,10.0
2974,31.0,10.0,27.0,17.0
2975,31.0,10.0,27.0,17.0
2976,31.0,10.0,31.0,10.0
2977,31.0,10.0,31.0,10.0
2978,31.0,10.0,31.0,10.0
2979,31.0,10.0,31.0,11.0
2980,31.0,10.0,30.0,13.0
2981,31.0,10.0,32.0,10.0
2982,31.0,10.0,31.0,10.0
2983,31.0,10.0,30.0,13.0
2984,31.0,10.0,30.0,13.0
2985,31.0,10.0,31.0,10.0
2986,31.0,10.0,30.0,13.0
2987,31.0,10.0,26.0,12.0
2988,31.0,10.0,31.0,10.0
2989,31.0,10.0,31.0,11.0
2990,31.0,10.0,28.0,14.0
2991,31.0,10.0,31.0,10.0
2992,31.0,10.0,27.0,17.0
2993,31.0,10.0,31.0,11.0
2994,31.0,10.0,31.0,10.0
2995,31.0,10.0,28.0,14.0
2996,31.0,10.0,27.0,17.0
2997,31.0,10.0,31.0,10.0
2998,31.0,10.0,32.0,10.0
2999,31.0,10.0,31.0,11.0
3000,31.0,10.0,28.0,14.0
3001,31.0,10.0,26.0,12.0
3002,31.0,10.0,28.0,14.0
3003,31.0,10.0,32.0,10.0
3004,31.0,10.0,26.0,12.0
3005,31.0,10.0,31.0,11.0
3006,31.0,10.0,27.0,17.0
3007,31.0,10.0,32.0,10.0
3008,31.0,10.0,31.0,11.0
3009,31.0,10.0,32.0,10.0
3010,31.0,10.0,28.0,14.0
3011,31.0,10.0,32.0,10.0
3012,31.0,10.0,32.0,10.0
3013,31.0,10.0,30.0,13.0
3014,31.0,10.0,28.0,14.0
3015,31.0,10.0,31.0,10.0
3016,31.0,10.0,30.0,13.0
3017,31.0,10.0,27.0,17.0
3018,31.0,10.0,27.0,17.0
3019,31.0,10.0,31.0,10.0
3020,31.0,10.0,31.0,10.0
3021,31.0,10.0,31.0,10.0
3022,31.0,10.0,31.0,10.0
3023,31.0,10.0,26.0,12.0
3024,31.0,10.0,27.0,17.0
3025,31.0,10.0,32.0,10.0
3026,31.0,10.0,31.0,10.0
3027,31.0,10.0,32.0,10.0
3028,31.0,10.0,26.0,12.0
3029,31.0,10.0,32.0,10.0
3030,31.0,10.0,31.0,10.0
3031,31.0,10.0,31.0,10.0
3032,31.0,10.0,32.0,10.0
3033,31.0,10.0,27.0,17.0
3034,31.0,10.0,31.0,10.0
3035,31.0,10.0,30.0,13.0
3036,31.0,10.0,31.0,10.0
3037,31.0,10.0,26.0,12.0
3038,31.0,10.0,31.0,11.0
3039,31.0,10.0,32.0,10.0
3040,31.0,10.0,28.0,14.0
3041,31.0,10.0,30.0,13.0
3042,31.0,10.0,31.0,10.0
3043,31.0,10.0,31.0,11.0
3044,31.0,10.0,27.0,17.0
3045,31.0,10.0,26.0,12.0
3046,31.0,10.0,31.0,11.0
3047,31.0,10.0,26.0,12.0
3048,31.0,10.0,31.0,10.0
3049,31.0,10.0,28.0,14.0
3050,31.0,10.0,26.0,12.0
3051,31.0,10.0,30.0,13.0
3052,31.0,10.0,27.0,17.0
3053,31.0,10.0,28.0,14.0
3054,31.0,10.0,28.0,14.0
3055,31.0,10.0,26.0,12.0
3056,31.0,10.0,31.0,10.0
3057,31.0,10.0,27.0,17.0
3058,31.0,10.0,26.0,12.0
3059,31.0,10.0,28.0,14.0
3060,31.0,10.0,27.0,17.0
3061,31.0,10.0,32.0,10.0
3062,31.0,10.0,31.0,10.0
3063,31.0,10.0,28.0,14.0
3064,31.0,10.0,31.0,10.0
3065,31.0,10.0,31.0,10.0
3066,31.0,10.0,28.0,14.0
3067,31.0,10.0,31.0,11.0
3068,31.0,10.0,31.0,10.0
3069,31.0,10.0,27.0,17.0
3070,31.0,10.0,26.0,12.0
3071,31.0,10.0,30.0,13.0
3072,31.0,10.0,28.0,14.0
3073,31.0,10.0,30.0,13.0
3074,31.0,10.0,26.0,12.0
3075,31.0,10.0,32.0,10.0
3076,31.0,10.0,28.0,14.0
3077,31.0,10.0,26.0,12.0
3078,31.0,10.0,30.0,13.0
3079,31.0,10.0,31.0,10.0
3080,31.0,10.0,30.0,13.0
3081,31.0,10.0,31.0,10.0
3082,31.0,10.0,31.0,10.0
3083,31.0,10.0,28.0,14.0
3084,31.0,10.0,28.0,14.0
3085,31.0,10.0,28.0,14.0
3086,31.0,10.0,26.0,12.0
3087,31.0,10.0,31.0,10.0
3088,31.0,10.0,27.0,17.0
3089,31.0,10.0,27.0,17.0
3090,31.0,10.0,30.0,13.0
3091,31.0,10.0,30.0,13.0
3092,31.0,10.0,31.0,10.0
3093,31.0,10.0,32.0,10.0
3094,31.0,10.0,27.0,17.0
3095,31.0,10.0,31.0,10.0
3096,31.0,10.0,31.0,10.0
3097,31.0,10.0,31.0,10.0
3098,31.0,10.0,28.0,14.0
3099,31.0,10.0,28.0,14.0
3100,31.0,10.0,31.0,10.0
3101,31.0,10.0,26.0,12.0
3102,31.0,10.0,28.0,14.0
3103,31.0,10.0,31.0,10.0
3104,31.0,10.0,30.0,13.0
3105,31.0,10.0,31.0,10.0
3106,31.0,10.0,31.0,10.0
3107,31.0,10.0,31.0,11.0
3108,31.0,10.0,27.0,17.0
3109,31.0,10.0,27.0,17.0
3110,31.0,10.0,30.0,13.0
3111,31.0,10.0,26.0,12.0
3112,31.0,10.0,31.0,10.0
3113,31.0,10.0,28.0,14.0
3114,31.0,10.0,26.0,12.0
3115,31.0,10.0,31.0,10.0
3116,31.0,10.0,28.0,14.0
3117,31.0,10.0,27.0,17.0
3118,31.0,10.0,31.0,10.0
3119,31.0,10.0,31.0,10.0
3120,31.0,10.0,31.0,10.0
3121,31.0,10.0,31.0,10.0
3122,31.0,10.0,31.0,11.0
3123,31.0,10.0,26.0,12.0
3124,31.0,10.0,28.0,14.0
3125,31.0,10.0,31.0,11.0
3126,31.0,10.0,32.0,10.0
3127,31.0,10.0,32.0,10.0
3128,31.0,10.0,27.0,17.0
3129,31.0,10.0,26.0,12.0
3130,31.0,10.0,27.0,17.0
3131,31.0,10.0,30.0,13.0
3132,31.0,10.0,26.0,12.0
3133,31.0,10.0,28.0,14.0
3134,31.0,10.0,31.0,11.0
3135,31.0,10.0,31.0,11.0
3136,31.0,10.0,31.0,10.0
3137,31.0,10.0,31.0,10.0
3138,31.0,10.0,27.0,17.0
3139,31.0,10.0,30.0,13.0
3140,31.0,10.0,26.0,12.0
3141,31.0,10.0,31.0,10.0
3142,31.0,10.0,31.0,11.0
3143,31.0,10.0,32.0,10.0
3144,31.0,10.0,28.0,14.0
3145,31.0,10.0,31.0,10.0
3146,31.0,10.0,27.0,17.0
3147,31.0,10.0,28.0,14.0
3148,31.0,10.0,26.0,12.0
3149,31.0,10.0,31.0,10.0
3150,31.0,10.0,28.0,14.0
3151,31.0,10.0,32.0,10.0
3152,31.0,10.0,31.0,10.0
3153,31.0,10.0,31.0,10.0
3154,31.0,10.0,32.0,10.0
3155,31.0,10.0,30.0,13.0
3156,31.0,10.0,30.0,13.0
3157,31.0,10.0,32.0,10.0
3158,31.0,10.0,30.0,13.0
3159,31.0,10.0,28.0,14.0
3160,31.0,10.0,31.0,11.0
3161,31.0,10.0,32.0,10.0
3162,31.0,10.0,31.0,10.0
3163,31.0,10.0,26.0,12.0
3164,31.0,10.0,27.0,17.0
3165,31.0,10.0,31.0,10.0
3166,31.0,10.0,31.0,11.0
3167,31.0,10.0,27.0,17.0
3168,31.0,10.0,27.0,17.0
3169,31.0,10.0,31.0,10.0
3170,31.0,10.0,30.0,13.0
3171,31.0,10.0,26.0,12.0
3172,31.0,10.0,26.0,12.0
3173,31.0,10.0,31.0,10.0
3174,31.0,10.0,28.0,14.0
3175,31.0,10.0,31.0,11.0
3176,31.0,10.0,31.0,10.0
3177,31.0,10.0,31.0,10.0
3178,31.0,10.0,31.0,11.0
3179,31.0,10.0,32.0,10.0
3180,31.0,10.0,31.0,10.0
3181,31.0,10.0,32.0,10.0
3182,31.0,10.0,28.0,14.0
3183,31.0,10.0,31.0,10.0
3184,31.0,10.0,31.0,11.0
3185,31.0,10.0,27.0,17.0
3186,31.0,10.0,31.0,10.0
3187,31.0,10.0,32.0,10.0
3188,31.0,10.0,31.0,11.0
3189,31.0,10.0,31.0,10.0
3190,31.0,10.0,32.0,10.0
3191,31.0,10.0,31.0,10.0
3192,31.0,10.0,26.0,12.0
3193,31.0,10.0,28.0,14.0
3194,31.0,10.0,31.0,10.0
3195,31.0,10.0,30.0,13.0
3196,31.0,10.0,31.0,10.0
3197,31.0,10.0,31.0,10.0
3198,31.0,10.0,31.0,11.0
3199,31.0,10.0,27.0,17.0
3200,31.0,10.0,31.0,10.0
3201,31.0,10.0,31.0,11.0
3202,31.0,10.0,28.0,14.0
3203,31.0,10.0,28.0,14.0
3204,31.0,10.0,31.0,10.0
3205,31.0,10.0,26.0,12.0
3206,31.0,10.0,31.0,10.0
3207,31.0,10.0,31.0,10.0
3208,31.0,10.0,27.0,17.0
3209,31.0,10.0,31.0,11.0
3210,31.0,10.0,32.0,10.0
3211,31.0,10.0,31.0,10.0
3212,31.0,10.0,30.0,13.0
3213,31.0,10.0,31.0,11.0
3214,31.0,10.0,27.0,17.0
3215,31.0,10.0,26.0,12.0
3216,31.0,10.0,28.0,14.0
3217,31.0,10.0,26.0,12.0
3218,31.0,10.0,31.0,11.0
3219,31.0,10.0,31.0,10.0
3220,31.0,10.0,30.0,13.0
3221,31.0,10.0,30.0,13.0
3222,31.0,10.0,31.0,10.0
3223,31.0,10.0,30.0,13.0
3224,31.0,10.0,28.0,14.0
3225,31.0,10.0,28.0,14.0
3226,31.0,10.0,27.0,17.0
3227,31.0,10.0,31.0,10.0
3228,31.0,10.0,26.0,12.0
3229,31.0,10.0,31.0,10.0
3230,31.0,10.0,31.0,10.0
3231,31.0,10.0,32.0,10.0
3232,31.0,10.0,27.0,17.0
3233,31.0,10.0,31.0,10.0
3234,31.0,10.0,31.0,10.0
3235,31.0,10.0,27.0,17.0
3236,31.0,10.0,31.0,10.0
3237,31.0,10.0,31.0,10.0
3238,31.0,10.0,28.0,14.0
3239,31.0,10.0,27.0,17.0
3240,31.0,10.0,26.0,12.0
3241,31.0,10.0,32.0,10.0
3242,31.0,10.0,31.0,11.0
3243,31.0,10.0,27.0,17.0
3244,31.0,10.0,28.0,14.0
3245,31.0,10.0,30.0,13.0
3246,31.0,10.0,31.0,10.0
3247,31.0,10.0,26.0,12.0
3248,31.0,10.0,31.0,10.0
3249,31.0,10.0,30.0,13.0
3250,31.0,10.0,27.0,17.0
3251,31.0,10.0,31.0,10.0
3252,31.0,10.0,30.0,13.0
3253,31.0,10.0,26.0,12.0
3254,31.0,10.0,30.0,13.0
3255,31.0,10.0,32.0,10.0
3256,31.0,10.0,31.0,10.0
3257,31.0,10.0,31.0,10.0
3258,31.0,10.0,31.0,10.0
3259,31.0,10.0,27.0,17.0
3260,31.0,10.0,26.0,12.0
3261,31.0,10.0,31.0,10.0
3262,31.0,10.0,31.0,10.0
3263,31.0,10.0,30.0,13.0
3264,31.0,10.0,32.0,10.0
3265,31.0,10.0,27.0,17.0
3266,31.0,10.0,31.0,10.0
3267,31.0,10.0,28.0,14.0
3268,31.0,10.0,32.0,10.0
3269,31.0,10.0,32.0,10.0
3270,31.0,10.0,31.0,11.0
3271,31.0,10.0,27.0,17.0
3272,31.0,10.0,31.0,10.0
3273,31.0,10.0,30.0,13.0
3274,31.0,10.0,31.0,10.0
3275,31.0,10.0,31.0,10.0
3276,31.0,10.0,27.0,17.0
3277,31.0,10.0,31.0,10.0
3278,31.0,10.0,31.0,10.0
3279,31.0,10.0,32.0,10.0
3280,31.0,10.0,31.0,11.0
3281,31.0,10.0,28.0,14.0
3282,31.0,10.0,27.0,17.0
3283,31.0,10.0,26.0,12.0
3284,31.0,10.0,28.0,14.0
3285,31.0,10.0,31.0,11.0
3286,31.0,10.0,26.0,12.0
3287,31.0,10.0,30.0,13.0
3288,31.0,10.0,31.0,10.0
3289,31.0,10.0,31.0,10.0
3290,31.0,10.0,27.0,17.0
3291,31.0,10.0,28.0,14.0
3292,31.0,10.0,26.0,12.0
3293,31.0,10.0,27.0,17.0
3294,31.0,10.0,26.0,12.0
3295,31.0,10.0,32.0,10.0
3296,31.0,10.0,31.0,10.0
3297,31.0,10.0,31.0,10.0
3298,31.0,10.0,31.0,10.0
3299,31.0,10.0,32.0,10.0
3300,31.0,10.0,31.0,10.0
3301,31.0,10.0,31.0,10.0
3302,31.0,10.0,27.0,17.0
3303,31.0,10.0,30.0,13.0
3304,31.0,10.0,28.0,14.0
3305,31.0,10.0,31.0,11.0
3306,31.0,10.0,27.0,17.0
3307,31.0,10.0,27.0,17.0
3308,31.0,10.0,27.0,17.0
3309,31.0,10.0,32.0,10.0
3310,31.0,10.0,32.0,10.0
3311,31.0,10.0,28.0,14.0
3312,31.0,10.0,26.0,12.0
3313,31.0,10.0,32.0,10.0
3314,31.0,10.0,30.0,13.0
3315,31.0,10.0,31.0,10.0
3316,31.0,10.0,27.0,17.0
3317,31.0,10.0,28.0,14.0
3318,31.0,10.0,32.0,10.0
3319,31.0,10.0,31.0,11.0
3320,31.0,10.0,28.0,14.0
3321,31.0,10.0,31.0,10.0
3322,31.0,10.0,26.0,12.0
3323,31.0,10.0,32.0,10.0
3324,31.0,10.0,31.0,11.0
3325,31.0,10.0,31.0,11.0
3326,31.0,10.0,31.0,10.0
3327,31.0,10.0,31.0,11.0
3328,31.0,10.0,31.0,10.0
3329,31.0,10.0,31.0,10.0
3330,31.0,10.0,30.0,13.0
3331,31.0,10.0,31.0,10.0
3332,31.0,10.0,31.0,11.0
3333,31.0,10.0,28.0,14.0
3334,31.0,10.0,32.0,10.0
3335,31.0,10.0,32.0,10.0
3336,31.0,10.0,31.0,10.0
3337,31.0,10.0,27.0,17.0
3338,31.0,10.0,32.0,10.0
3339,31.0,10.0,31.0,10.0
3340,31.0,10.0,31.0,10.0
3341,31.0,10.0,28.0,14.0
3342,31.0,10.0,30.0,13.0
3343,31.0,10.0,26.0,12.0
3344,31.0,10.0,28.0,14.0
3345,31.0,10.0,31.0,10.0
3346,31.0,10.0,30.0,13.0
3347,31.0,10.0,30.0,13.0
3348,31.0,10.0,26.0,12.0
3349,31.0,10.0,31.0,10.0
3350,31.0,10.0,30.0,13.0
3351,31.0,10.0,28.0,14.0
3352,31.0,10.0,30.0,13.0
3353,31.0,10.0,32.0,10.0
3354,31.0,10.0,31.0,10.0
3355,31.0,10.0,26.0,12.0
3356,31.0,10.0,31.0,11.0
3357,31.0,10.0,31.0,11.0
3358,31.0,10.0,31.0,10.0
3359,31.0,10.0,31.0,10.0
3360,31.0,10.0,30.0,13.0
3361,31.0,10.0,31.0,10.0
3362,31.0,10.0,32.0,10.0
3363,31.0,10.0,32.0,10.0
3364,31.0,10.0,31.0,10.0
3365,31.0,10.0,26.0,12.0
3366,31.0,10.0,28.0,14.0
3367,31.0,10.0,31.0,11.0
3368,31.0,10.0,30.0,13.0
3369,31.0,10.0,28.0,14.0
3370,31.0,10.0,31.0,11.0
3371,31.0,10.0,30.0,13.0
3372,31.0,10.0,32.0,10.0
3373,31.0,10.0,27.0,17.0
3374,31.0,10.0,26.0,12.0
3375,31.0,10.0,27.0,17.0
3376,31.0,10.0,26.0,12.0
3377,31.0,10.0,31.0,10.0
3378,31.0,10.0,26.0,12.0
3379,31.0,10.0,26.0,12.0
3380,31.0,10.0,32.0,10.0
3381,31.0,10.0,31.0,11.0
3382,31.0,10.0,31.0,11.0
3383,31.0,10.0,31.0,10.0
3384,31.0,10.0,27.0,17.0
3385,31.0,10.0,31.0,11.0
3386,31.0,10.0,26.0,12.0
3387,31.0,10.0,27.0,17.0
3388,31.0,10.0,30.0,13.0
3389,31.0,10.0,32.0,10.0
3390,31.0,10.0,28.0,14.0
3391,31.0,10.0,27.0,17.0
3392,31.0,10.0,32.0,10.0
3393,31.0,10.0,28.0,14.0
3394,31.0,10.0,30.0,13.0
3395,31.0,10.0,31.0,10.0
3396,31.0,10.0,26.0,12.0
3397,31.0,10.0,27.0,17.0
3398,31.0,10.0,31.0,10.0
3399,31.0,10.0,26.0,12.0
3400,31.0,10.0,31.0,10.0
3401,31.0,10.0,31.0,10.0
3402,31.0,10.0,31.0,10.0
3403,31.0,10.0,31.0,10.0
3404,31.0,10.0,30.0,13.0
3405,31.0,10.0,27.0,17.0
3406,31.0,10.0,31.0,10.0
3407,31.0,10.0,28.0,14.0
3408,31.0,10.0,32.0,10.0
3409,31.0,10.0,32.0,10.0
3410,31.0,10.0,30.0,13.0
3411,31.0,10.0,26.0,12.0
3412,31.0,10.0,31.0,10.0
3413,31.0,10.0,26.0,12.0
3414,31.0,10.0,31.0,10.0
3415,31.0,10.0,26.0,12.0
3416,31.0,10.0,27.0,17.0
3417,31.0,10.0,28.0,14.0
3418,31.0,10.0,31.0,10.0
3419,31.0,10.0,31.0,10.0
3420,31.0,10.0,26.0,12.0
3421,31.0,10.0,28.0,14.0
3422,31.0,10.0,26.0,12.0
3423,31.0,10.0,32.0,10.0
3424,31.0,10.0,26.0,12.0
3425,31.0,10.0,31.0,10.0
3426,31.0,10.0,30.0,13.0
3427,31.0,10.0,27.0,17.0
3428,31.0,10.0,32.0,10.0
3429,31.0,10.0,31.0,10.0
3430,31.0,10.0,32.0,10.0
3431,31.0,10.0,31.0,11.0
3432,31.0,10.0,31.0,10.0
3433,31.0,10.0,26.0,12.0
3434,31.0,10.0,28.0,14.0
3435,31.0,10.0,31.0,11.0
3436,31.0,10.0,32.0,10.0
3437,31.0,10.0,31.0,11.0
3438,31.0,10.0,31.0,10.0
3439,31.0,10.0,31.0,11.0
3440,31.0,10.0,32.0,10.0
3441,31.0,10.0,31.0,10.0
3442,31.0,10.0,28.0,14.0
3443,31.0,10.0,31.0,10.0
3444,31.0,10.0,26.0,12.0
3445,31.0,10.0,30.0,13.0
3446,31.0,10.0,31.0,10.0
3447,31.0,10.0,31.0,10.0
3448,31.0,10.0,32.0,10.0
3449,31.0,10.0,27.0,17.0
3450,31.0,10.0,31.0,10.0
3451,31.0,10.0,28.0,14.0
3452,31.0,10.0,31.0,10.0
3453,31.0,10.0,32.0,10.0
3454,31.0,10.0,32.0,10.0
3455,31.0,10.0,31.0,10.0
3456,31.0,10.0,27.0,17.0
3457,31.0,10.0,32.0,10.0
3458,31.0,10.0,31.0,10.0
3459,31.0,10.0,31.0,11.0
3460,31.0,10.0,31.0,10.0
3461,31.0,10.0,31.0,11.0
3462,31.0,10.0,31.0,10.0
3463,31.0,10.0,31.0,10.0
3464,31.0,10.0,26.0,12.0
3465,31.0,10.0,30.0,13.0
3466,31.0,10.0,31.0,10.0
3467,31.0,10.0,31.0,11.0
3468,31.0,10.0,31.0,10.0
3469,31.0,10.0,30.0,13.0
3470,31.0,10.0,28.0,14.0
3471,31.0,10.0,26.0,12.0
3472,31.0,10.0,30.0,13.0
3473,31.0,10.0,26.0,12.0
3474,31.0,10.0,31.0,11.0
3475,31.0,10.0,27.0,17.0
3476,31.0,10.0,31.0,10.0
3477,31.0,10.0,27.0,17.0
3478,31.0,10.0,26.0,12.0
3479,31.0,10.0,28.0,14.0
3480,31.0,10.0,31.0,11.0
3481,31.0,10.0,32.0,10.0
3482,31.0,10.0,31.0,11.0
3483,31.0,10.0,27.0,17.0
3484,31.0,10.0,31.0,11.0
3485,31.0,10.0,31.0,10.0
3486,31.0,10.0,31.0,10.0
3487,31.0,10.0,31.0,10.0
3488,31.0,10.0,26.0,12.0
3489,31.0,10.0,31.0,10.0
3490,31.0,10.0,30.0,13.0
3491,31.0,10.0,31.0,11.0
3492,31.0,10.0,31.0,10.0
3493,31.0,10.0,28.0,14.0
3494,31.0,10.0,27.0,17.0
3495,31.0,10.0,31.0,11.0
3496,31.0,10.0,26.0,12.0
3497,31.0,10.0,26.0,12.0
3498,31.0,10.0,26.0,12.0
3499,31.0,10.0,31.0,10.0
3500,31.0,10.0,31.0,10.0
3501,31.0,10.0,30.0,13.0
3502,31.0,10.0,26.0,12.0
3503,31.0,10.0,27.0,17.0
3504,31.0,10.0,31.0,11.0
3505,31.0,10.0,32.0,10.0
3506,31.0,10.0,30.0,13.0
3507,31.0,10.0,30.0,13.0
3508,31.0,10.0,28.0,14.0
3509,31.0,10.0,30.0,13.0
3510,31.0,10.0,28.0,14.0
3511,31.0,10.0,31.0,10.0
3512,31.0,10.0,30.0,13.0
3513,31.0,10.0,31.0,10.0
3514,31.0,10.0,26.0,12.0
3515,31.0,10.0,31.0,11.0
3516,31.0,10.0,27.0,17.0
3517,31.0,10.0,30.0,13.0
3518,31.0,10.0,31.0,11.0
3519,31.0,10.0,27.0,17.0
3520,31.0,10.0,28.0,14.0
3521,31.0,10.0,27.0,17.0
3522,31.0,10.0,31.0,10.0
3523,31.0,10.0,32.0,10.0
3524,31.0,10.0,27.0,17.0
3525,31.0,10.0,31.0,10.0
3526,31.0,10.0,31.0,10.0
3527,31.0,10.0,31.0,10.0
3528,31.0,10.0,27.0,17.0
3529,31.0,10.0,26.0,12.0
3530,31.0,10.0,30.0,13.0
3531,31.0,10.0,31.0,10.0
3532,31.0,10.0,28.0,14.0
3533,31.0,10.0,26.0,12.0
3534,31.0,10.0,26.0,12.0
3535,31.0,10.0,31.0,11.0
3536,31.0,10.0,26.0,12.0
3537,31.0,10.0,31.0,10.0
3538,31.0,10.0,28.0,14.0
3539,31.0,10.0,32.0,10.0
3540,31.0,10.0,31.0,10.0
3541,31.0,10.0,32.0,10.0
3542,31.0,10.0,26.0,12.0
3543,31.0,10.0,28.0,14.0
3544,31.0,10.0,30.0,13.0
3545,31.0,10.0,27.0,17.0
3546,31.0,10.0,28.0,14.0
3547,31.0,10.0,28.0,14.0
3548,31.0,10.0,28.0,14.0
3549,31.0,10.0,31.0,10.0
3550,31.0,10.0,30.0,13.0
3551,31.0,10.0,30.0,13.0
3552,31.0,10.0,31.0,10.0
3553,31.0,10.0,28.0,14.0
3554,31.0,10.0,31.0,11.0
3555,31.0,10.0,31.0,11.0
3556,31.0,10.0,26.0,12.0
3557,31.0,10.0,31.0,10.0
3558,31.0,10.0,30.0,13.0
3559,31.0,10.0,31.0,10.0
3560,31.0,10.0,31.0,10.0
3561,31.0,10.0,31.0,10.0
3562,31.0,10.0,26.0,12.0
3563,31.0,10.0,26.0,12.0
3564,31.0,10.0,31.0,10.0
3565,31.0,10.0,31.0,10.0
3566,31.0,10.0,31.0,10.0
3567,31.0,10.0,31.0,10.0
3568,31.0,10.0,28.0,14.0
3569,31.0,10.0,31.0,10.0
3570,31.0,10.0,32.0,10.0
3571,31.0,10.0,30.0,13.0
3572,31.0,10.0,31.0,10.0
3573,31.0,10.0,31.0,10.0
3574,31.0,10.0,26.0,12.0
3575,31.0,10.0,31.0,10.0
3576,31.0,10.0,30.0,13.0
3577,31.0,10.0,31.0,11.0
3578,31.0,10.0,26.0,12.0
3579,31.0,10.0,30.0,13.0
3580,31.0,10.0,28.0,14.0
3581,31.0,10.0,28.0,14.0
3582,31.0,10.0,31.0,10.0
3583,31.0,10.0,31.0,10.0
3584,31.0,10.0,31.0,10.0
3585,31.0,10.0,27.0,17.0
3586,31.0,10.0,32.0,10.0
3587,31.0,10.0,31.0,10.0
3588,31.0,10.0,32.0,10.0
3589,31.0,10.0,28.0,14.0
3590,31.0,10.0,28.0,14.0
3591,31.0,10.0,26.0,12.0
3592,31.0,10.0,31.0,11.0
3593,31.0,10.0,31.0,10.0
3594,31.0,10.0,31.0,10.0
3595,31.0,10.0,31.0,10.0
3596,31.0,10.0,31.0,11.0
3597,31.0,10.0,31.0,11.0
3598,31.0,10.0,31.0,10.0
3599,31.0,10.0,30.0,13.0
3600,31.0,10.0,31.0,11.0
3601,31.0,10.0,31.0,10.0
3602,31.0,10.0,26.0,12.0
3603,31.0,10.0,28.0,14.0
3604,31.0,10.0,27.0,17.0
3605,31.0,10.0,32.0,10.0
3606,31.0,10.0,32.0,10.0
3607,31.0,10.0,31.0,11.0
3608,31.0,10.0,28.0,14.0
3609,31.0,10.0,28.0,14.0
3610,31.0,10.0,31.0,10.0
3611,31.0,10.0,28.0,14.0
3612,31.0,10.0,27.0,17.0
3613,31.0,10.0,31.0,10.0
3614,31.0,10.0,30.0,13.0
3615,31.0,10.0,27.0,17.0
3616,31.0,10.0,31.0,10.0
3617,31.0,10.0,28.0,14.0
3618,31.0,10.0,26.0,12.0
3619,31.0,10.0,32.0,10.0
3620,31.0,10.0,32.0,10.0
3621,31.0,10.0,31.0,10.0
3622,31.0,10.0,28.0,14.0
3623,31.0,10.0,28.0,14.0
3624,31.0,10.0,32.0,10.0
3625,31.0,10.0,31.0,10.0
3626,31.0,10.0,31.0,10.0
3627,31.0,10.0,32.0,10.0
3628,31.0,10.0,27.0,17.0
3629,31.0,10.0,31.0,11.0
3630,31.0,10.0,31.0,10.0
3631,31.0,10.0,32.0,10.0
3632,31.0,10.0,31.0,11.0
3633,31.0,10.0,31.0,10.0
3634,31.0,10.0,28.0,14.0
3635,31.0,10.0,32.0,10.0
3636,31.0,10.0,31.0,10.0
3637,31.0,10.0,31.0,10.0
3638,31.0,10.0,27.0,17.0
3639,31.0,10.0,31.0,11.0
3640,31.0,10.0,31.0,11.0
3641,31.0,10.0,30.0,13.0
3642,31.0,10.0,26.0,12.0
3643,31.0,10.0,31.0,10.0
3644,31.0,10.0,31.0,10.0
3645,31.0,10.0,31.0,10.0
3646,31.0,10.0,27.0,17.0
3647,31.0,10.0,31.0,10.0
3648,31.0,10.0,31.0,11.0
3649,31.0,10.0,31.0,10.0
3650,31.0,10.0,28.0,14.0
3651,31.0,10.0,32.0,10.0
3652,31.0,10.0,31.0,10.0
3653,31.0,10.0,31.0,11.0
3654,31.0,10.0,32.0,10.0
3655,31.0,10.0,31.0,11.0
3656,31.0,10.0,26.0,12.0
3657,31.0,10.0,31.0,11.0
3658,31.0,10.0,32.0,10.0
3659,31.0,10.0,31.0,11.0
3660,31.0,10.0,31.0,10.0
3661,31.0,10.0,31.0,10.0
3662,31.0,10.0,27.0,17.0
3663,31.0,10.0,31.0,10.0
3664,31.0,10.0,27.0,17.0
3665,31.0,10.0,31.0,11.0
3666,31.0,10.0,27.0,17.0
3667,31.0,10.0,31.0,10.0
3668,31.0,10.0,31.0,10.0
3669,31.0,10.0,28.0,14.0
3670,31.0,10.0,26.0,12.0
3671,31.0,10.0,27.0,17.0
3672,31.0,10.0,31.0,10.0
3673,31.0,10.0,27.0,17.0
3674,31.0,10.0,27.0,17.0
3675,31.0,10.0,26.0,12.0
3676,31.0,10.0,26.0,12.0
3677,31.0,10.0,26.0,12.0
3678,31.0,10.0,31.0,10.0
3679,31.0,10.0,32.0,10.0
3680,31.0,10.0,30.0,13.0
3681,31.0,10.0,32.0,10.0
3682,31.0,10.0,31.0,11.0
3683,31.0,10.0,27.0,17.0
3684,31.0,10.0,31.0,11.0
3685,31.0,10.0,31.0,10.0
3686,31.0,10.0,26.0,12.0
3687,31.0,10.0,31.0,10.0
3688,31.0,10.0,31.0,11.0
3689,31.0,10.0,31.0,10.0
3690,31.0,10.0,26.0,12.0
3691,31.0,10.0,31.0,10.0
3692,31.0,10.0,26.0,12.0
3693,31.0,10.0,31.0,10.0
3694,31.0,10.0,27.0,17.0
3695,31.0,10.0,31.0,10.0
3696,31.0,10.0,30.0,13.0
3697,31.0,10.0,31.0,10.0
3698,31.0,10.0,31.0,10.0
3699,31.0,10.0,31.0,11.0
3700,31.0,10.0,32.0,10.0
3701,31.0,10.0,31.0,10.0
3702,31.0,10.0,28.0,14.0
3703,31.0,10.0,28.0,14.0
3704,31.0,10.0,31.0,10.0
3705,31.0,10.0,32.0,10.0
3706,31.0,10.0,31.0,11.0
3707,31.0,10.0,31.0,10.0
3708,31.0,10.0,28.0,14.0
3709,31.0,10.0,31.0,11.0
3710,31.0,10.0,31.0,11.0
3711,31.0,10.0,28.0,14.0
3712,31.0,10.0,32.0,10.0
3713,31.0,10.0,26.0,12.0
3714,31.0,10.0,27.0,17.0
3715,31.0,10.0,28.0,14.0
3716,31.0,10.0,30.0,13.0
3717,31.0,10.0,30.0,13.0
3718,31.0,10.0,31.0,10.0
3719,31.0,10.0,26.0,12.0
3720,31.0,10.0,31.0,10.0
3721,31.0,10.0,31.0,10.0
3722,31.0,10.0,31.0,10.0
3723,31.0,10.0,27.0,17.0
3724,31.0,10.0,26.0,12.0
3725,31.0,10.0,31.0,10.0
3726,31.0,10.0,31.0,10.0
3727,31.0,10.0,28.0,14.0
3728,31.0,10.0,31.0,10.0
3729,31.0,10.0,28.0,14.0
3730,31.0,10.0,31.0,10.0
3731,31.0,10.0,31.0,10.0
3732,31.0,10.0,28.0,14.0
3733,31.0,10.0,30.0,13.0
3734,31.0,10.0,32.0,10.0
3735,31.0,10.0,28.0,14.0
3736,31.0,10.0,32.0,10.0
3737,31.0,10.0,28.0,14.0
3738,31.0,10.0,30.0,13.0
3739,31.0,10.0,27.0,17.0
3740,31.0,10.0,28.0,14.0
3741,31.0,10.0,27.0,17.0
3742,31.0,10.0,26.0,12.0
3743,31.0,10.0,27.0,17.0
3744,31.0,10.0,31.0,10.0
3745,31.0,10.0,28.0,14.0
3746,31.0,10.0,31.0,10.0
3747,31.0,10.0,27.0,17.0
3748,31.0,10.0,31.0,11.0
3749,31.0,10.0,32.0,10.0
3750,31.0,10.0,31.0,10.0
3751,31.0,10.0,31.0,10.0
3752,31.0,10.0,26.0,12.0
3753,31.0,10.0,31.0,10.0
3754,31.0,10.0,27.0,17.0
3755,31.0,10.0,28.0,14.0
3756,31.0,10.0,31.0,10.0
3757,31.0,10.0,31.0,11.0
3758,31.0,10.0,31.0,10.0
3759,31.0,10.0,31.0,10.0
3760,31.0,10.0,31.0,10.0
3761,31.0,10.0,28.0,14.0
3762,31.0,10.0,26.0,12.0
3763,31.0,10.0,28.0,14.0
3764,31.0,10.0,31.0,10.0
3765,31.0,10.0,31.0,10.0
3766,31.0,10.0,31.0,10.0
3767,31.0,10.0,28.0,14.0
3768,31.0,10.0,32.0,10.0
3769,31.0,10.0,31.0,11.0
3770,31.0,10.0,30.0,13.0
3771,31.0,10.0,28.0,14.0
3772,31.0,10.0,31.0,10.0
3773,31.0,10.0,32.0,10.0
3774,31.0,10.0,31.0,10.0
3775,31.0,10.0,31.0,10.0
3776,31.0,10.0,27.0,17.0
3777,31.0,10.0,31.0,11.0
3778,31.0,10.0,28.0,14.0
3779,31.0,10.0,28.0,14.0
3780,31.0,10.0,31.0,10.0
3781,31.0,10.0,31.0,10.0
3782,31.0,10.0,32.0,10.0
3783,31.0,10.0,32.0,10.0
3784,31.0,10.0,31.0,10.0
3785,31.0,10.0,27.0,17.0
3786,31.0,10.0,30.0,13.0
3787,31.0,10.0,26.0,12.0
3788,31.0,10.0,26.0,12.0
3789,31.0,10.0,26.0,12.0
3790,31.0,10.0,27.0,17.0
3791,31.0,10.0,27.0,17.0
3792,31.0,10.0,31.0,10.0
3793,31.0,10.0,26.0,12.0
3794,31.0,10.0,31.0,10.0
3795,31.0,10.0,26.0,12.0
3796,31.0,10.0,27.0,17.0
3797,31.0,10.0,31.0,11.0
3798,31.0,10.0,27.0,17.0
3799,31.0,10.0,30.0,13.0
3800,31.0,10.0,31.0,10.0
3801,31.0,10.0,31.0,10.0
3802,31.0,10.0,31.0,10.0
3803,31.0,10.0,32.0,10.0
3804,31.0,10.0,28.0,14.0
3805,31.0,10.0,31.0,10.0
3806,31.0,10.0,31.0,10.0
3807,31.0,10.0,31.0,11.0
3808,31.0,10.0,26.0,12.0
3809,31.0,10.0,31.0,10.0
3810,31.0,10.0,31.0,10.0
3811,31.0,10.0,26.0,12.0
3812,31.0,10.0,27.0,17.0
3813,31.0,10.0,32.0,10.0
3814,31.0,10.0,31.0,10.0
3815,31.0,10.0,31.0,10.0
3816,31.0,10.0,26.0,12.0
3817,31.0,10.0,31.0,11.0
3818,31.0,10.0,27.0,17.0
3819,31.0,10.0,26.0,12.0
3820,31.0,10.0,26.0,12.0
3821,31.0,10.0,31.0,10.0
3822,31.0,10.0,31.0,11.0
3823,31.0,10.0,28.0,14.0
3824,31.0,10.0,28.0,14.0
3825,31.0,10.0,31.0,10.0
3826,31.0,10.0,31.0,10.0
3827,31.0,10.0,30.0,13.0
3828,31.0,10.0,31.0,10.0
3829,31.0,10.0,27.0,17.0
3830,31.0,10.0,26.0,12.0
3831,31.0,10.0,26.0,12.0
3832,31.0,10.0,27.0,17.0
3833,31.0,10.0,31.0,10.0
3834,31.0,10.0,26.0,12.0
3835,31.0,10.0,31.0,10.0
3836,31.0,10.0,28.0,14.0
3837,31.0,10.0,31.0,10.0
3838,31.0,10.0,31.0,10.0
3839,31.0,10.0,30.0,13.0
3840,31.0,10.0,31.0,10.0
3841,31.0,10.0,27.0,17.0
3842,31.0,10.0,28.0,14.0
3843,31.0,10.0,31.0,10.0
3844,31.0,10.0,32.0,10.0
3845,31.0,10.0,31.0,11.0
3846,31.0,10.0,28.0,14.0
3847,31.0,10.0,26.0,12.0
3848,31.0,10.0,26.0,12.0
3849,31.0,10.0,28.0,14.0
3850,31.0,10.0,27.0,17.0
3851,31.0,10.0,26.0,12.0
3852,31.0,10.0,31.0,10.0
3853,31.0,10.0,28.0,14.0
3854,31.0,10.0,28.0,14.0
3855,31.0,10.0,27.0,17.0
3856,31.0,10.0,31.0,10.0
3857,31.0,10.0,30.0,13.0
3858,31.0,10.0,28.0,14.0
3859,31.0,10.0,30.0,13.0
3860,31.0,10.0,30.0,13.0
3861,31.0,10.0,32.0,10.0
3862,31.0,10.0,30.0,13.0
3863,31.0,10.0,31.0,10.0
3864,31.0,10.0,28.0,14.0
3865,31.0,10.0,26.0,12.0
3866,31.0,10.0,31.0,11.0
3867,31.0,10.0,31.0,10.0
3868,31.0,10.0,31.0,10.0
3869,31.0,10.0,30.0,13.0
3870,31.0,10.0,30.0,13.0
3871,31.0,10.0,28.0,14.0
3872,31.0,10.0,31.0,11.0
3873,31.0,10.0,32.0,10.0
3874,31.0,10.0,28.0,14.0
3875,31.0,10.0,30.0,13.0
3876,31.0,10.0,27.0,17.0
3877,31.0,10.0,31.0,11.0
3878,31.0,10.0,31.0,11.0
3879,31.0,10.0,30.0,13.0
3880,31.0,10.0,32.0,10.0
3881,31.0,10.0,32.0,10.0
3882,31.0,10.0,26.0,12.0
3883,31.0,10.0,31.0,10.0
3884,31.0,10.0,32.0,10.0
3885,31.0,10.0,31.0,11.0
3886,31.0,10.0,31.0,11.0
3887,31.0,10.0,31.0,10.0
3888,31.0,10.0,27.0,17.0
3889,31.0,10.0,31.0,10.0
3890,31.0,10.0,28.0,14.0
3891,31.0,10.0,26.0,12.0
3892,31.0,10.0,31.0,10.0
3893,31.0,10.0,31.0,10.0
3894,31.0,10.0,27.0,17.0
3895,31.0,10.0,30.0,13.0
3896,31.0,10.0,30.0,13.0
3897,31.0,10.0,28.0,14.0
3898,31.0,10.0,31.0,11.0
3899,31.0,10.0,27.0,17.0
3900,31.0,10.0,31.0,10.0
3901,31.0,10.0,26.0,12.0
3902,31.0,10.0,30.0,13.0
3903,31.0,10.0,32.0,10.0
3904,31.0,10.0,26.0,12.0
3905,31.0,10.0,28.0,14.0
3906,31.0,10.0,28.0,14.0
3907,31.0,10.0,32.0,10.0
3908,31.0,10.0,31.0,10.0
3909,31.0,10.0,31.0,10.0
3910,31.0,10.0,28.0,14.0
3911,31.0,10.0,32.0,10.0
3912,31.0,10.0,27.0,17.0
3913,31.0,10.0,31.0,11.0
3914,31.0,10.0,26.0,12.0
3915,31.0,10.0,31.0,10.0
3916,31.0,10.0,31.0,10.0
3917,31.0,10.0,26.0,12.0
3918,31.0,10.0,31.0,11.0
3919,31.0,10.0,31.0,10.0
3920,31.0,10.0,26.0,12.0
3921,31.0,10.0,27.0,17.0
3922,31.0,10.0,31.0,10.0
3923,31.0,10.0,32.0,10.0
3924,31.0,10.0,28.0,14.0
3925,31.0,10.0,32.0,10.0
3926,31.0,10.0,26.0,12.0
3927,31.0,10.0,31.0,10.0
3928,31.0,10.0,27.0,17.0
3929,31.0,10.0,27.0,17.0
3930,31.0,10.0,31.0,10.0
3931,31.0,10.0,31.0,10.0
3932,31.0,10.0,31.0,11.0
3933,31.0,10.0,30.0,13.0
3934,31.0,10.0,30.0,13.0
3935,31.0,10.0,31.0,10.0
3936,31.0,10.0,30.0,13.0
3937,31.0,10.0,26.0,12.0
3938,31.0,10.0,30.0,13.0
3939,31.0,10.0,30.0,13.0
3940,31.0,10.0,32.0,10.0
3941,31.0,10.0,32.0,10.0
3942,31.0,10.0,30.0,13.0
3943,31.0,10.0,31.0,11.0
3944,31.0,10.0,32.0,10.0
3945,31.0,10.0,27.0,17.0
3946,31.0,10.0,32.0,10.0
3947,31.0,10.0,27.0,17.0
3948,31.0,10.0,32.0,10.0
3949,31.0,10.0,28.0,14.0
3950,31.0,10.0,26.0,12.0
3951,31.0,10.0,31.0,10.0
3952,31.0,10.0,31.0,11.0
3953,31.0,10.0,27.0,17.0
3954,31.0,10.0,30.0,13.0
3955,31.0,10.0,28.0,14.0
3956,31.0,10.0,31.0,11.0
3957,31.0,10.0,32.0,10.0
3958,31.0,10.0,27.0,17.0
3959,31.0,10.0,27.0,17.0
3960,31.0,10.0,31.0,11.0
3961,31.0,10.0,31.0,11.0
3962,31.0,10.0,30.0,13.0
3963,31.0,10.0,28.0,14.0
3964,31.0,10.0,30.0,13.0
3965,31.0,10.0,28.0,14.0
3966,31.0,10.0,26.0,12.0
3967,31.0,10.0,31.0,10.0
3968,31.0,10.0,28.0,14.0
3969,31.0,10.0,26.0,12.0
3970,31.0,10.0,28.0,14.0
3971,31.0,10.0,31.0,10.0
3972,31.0,10.0,32.0,10.0
3973,31.0,10.0,31.0,10.0
3974,31.0,10.0,27.0,17.0
3975,31.0,10.0,31.0,11.0
3976,31.0,10.0,31.0,10.0
3977,31.0,10.0,30.0,13.0
3978,31.0,10.0,31.0,10.0
3979,31.0,10.0,32.0,10.0
3980,31.0,10.0,27.0,17.0
3981,31.0,10.0,31.0,10.0
3982,31.0,10.0,26.0,12.0
3983,31.0,10.0,31.0,10.0
3984,31.0,10.0,31.0,10.0
3985,31.0,10.0,31.0,10.0
3986,31.0,10.0,31.0,11.0
3987,31.0,10.0,31.0,11.0
3988,31.0,10.0,31.0,11.0
3989,31.0,10.0,28.0,14.0
3990,31.0,10.0,32.0,10.0
3991,31.0,10.0,32.0,10.0
3992,31.0,10.0,32.0,10.0
3993,31.0,10.0,26.0,12.0
3994,31.0,10.0,26.0,12.0
3995,31.0,10.0,32.0,10.0
3996,31.0,10.0,26.0,12.0
3997,31.0,10.0,30.0,13.0
3998,31.0,10.0,31.0,10.0
3999,31.0,10.0,31.0,10.0
4000,31.0,10.0,31.0,10.0
4001,31.0,10.0,31.0,10.0
4002,31.0,10.0,31.0,11.0
4003,31.0,10.0,28.0,14.0
4004,31.0,10.0,32.0,10.0
4005,31.0,10.0,31.0,10.0
4006,31.0,10.0,31.0,10.0
4007,31.0,10.0,31.0,10.0
4008,31.0,10.0,31.0,10.0
4009,31.0,10.0,26.0,12.0
4010,31.0,10.0,31.0,11.0
4011,31.0,10.0,26.0,12.0
4012,31.0,10.0,31.0,10.0
4013,31.0,10.0,31.0,11.0
4014,31.0,10.0,26.0,12.0
4015,31.0,10.0,28.0,14.0
4016,31.0,10.0,31.0,11.0
4017,31.0,10.0,31.0,10.0
4018,31.0,10.0,31.0,10.0
4019,31.0,10.0,31.0,11.0
4020,31.0,10.0,31.0,11.0
4021,31.0,10.0,26.0,12.0
4022,31.0,10.0,31.0,11.0
4023,31.0,10.0,27.0,17.0
4024,31.0,10.0,30.0,13.0
4025,31.0,10.0,28.0,14.0
4026,31.0,10.0,31.0,11.0
4027,31.0,10.0,30.0,13.0
4028,31.0,10.0,27.0,17.0
4029,31.0,10.0,27.0,17.0
4030,31.0,10.0,31.0,11.0
4031,31.0,10.0,31.0,10.0
4032,31.0,10.0,31.0,10.0
4033,31.0,10.0,31.0,11.0
4034,31.0,10.0,30.0,13.0
4035,31.0,10.0,30.0,13.0
4036,31.0,10.0,26.0,12.0
4037,31.0,10.0,27.0,17.0
4038,31.0,10.0,32.0,10.0
4039,31.0,10.0,32.0,10.0
4040,31.0,10.0,31.0,10.0
4041,31.0,10.0,30.0,13.0
4042,31.0,10.0,31.0,10.0
4043,31.0,10.0,31.0,10.0
4044,31.0,10.0,31.0,10.0
4045,31.0,10.0,31.0,11.0
4046,31.0,10.0,31.0,10.0
4047,31.0,10.0,31.0,10.0
4048,31.0,10.0,31.0,11.0
4049,31.0,10.0,28.0,14.0
4050,31.0,10.0,31.0,11.0
4051,31.0,10.0,27.0,17.0
4052,31.0,10.0,31.0,11.0
4053,31.0,10.0,30.0,13.0
4054,31.0,10.0,28.0,14.0
4055,31.0,10.0,27.0,17.0
4056,31.0,10.0,31.0,11.0
4057,31.0,10.0,32.0,10.0
4058,31.0,10.0,31.0,10.0
4059,31.0,10.0,28.0,14.0
4060,31.0,10.0,26.0,12.0
4061,31.0,10.0,31.0,10.0
4062,31.0,10.0,31.0,10.0
4063,31.0,10.0,28.0,14.0
4064,31.0,10.0,27.0,17.0
4065,31.0,10.0,31.0,11.0
4066,31.0,10.0,30.0,13.0
4067,31.0,10.0,32.0,10.0
4068,31.0,10.0,27.0,17.0
4069,31.0,10.0,28.0,14.0
4070,31.0,10.0,30.0,13.0
4071,31.0,10.0,31.0,10.0
4072,31.0,10.0,31.0,10.0
4073,31.0,10.0,31.0,10.0
4074,31.0,10.0,31.0,10.0
4075,31.0,10.0,26.0,12.0
4076,31.0,10.0,31.0,10.0
4077,31.0,10.0,32.0,10.0
4078,31.0,10.0,28.0,14.0
4079,31.0,10.0,31.0,11.0
4080,31.0,10.0,26.0,12.0
4081,31.0,10.0,28.0,14.0
4082,31.0,10.0,31.0,10.0
4083,31.0,10.0,30.0,13.0
4084,31.0,10.0,27.0,17.0
4085,31.0,10.0,31.0,10.0
4086,31.0,10.0,31.0,11.0
4087,31.0,10.0,31.0,10.0
4088,31.0,10.0,31.0,10.0
4089,31.0,10.0,31.0,10.0
4090,31.0,10.0,26.0,12.0
4091,31.0,10.0,28.0,14.0
4092,31.0,10.0,26.0,12.0
4093,31.0,10.0,32.0,10.0
4094,31.0,10.0,28.0,14.0
4095,31.0,10.0,30.0,13.0
4096,31.0,10.0,28.0,14.0
4097,31.0,10.0,31.0,10.0
4098,31.0,10.0,30.0,13.0
4099,31.0,10.0,32.0,10.0
4100,31.0,10.0,31.0,10.0
4101,31.0,10.0,30.0,13.0
4102,31.0,10.0,31.0,10.0
4103,31.0,10.0,31.0,11.0
4104,31.0,10.0,26.0,12.0
4105,31.0,10.0,31.0,10.0
4106,31.0,10.0,28.0,14.0
4107,31.0,10.0,26.0,12.0
4108,31.0,10.0,31.0,10.0
4109,31.0,10.0,31.0,10.0
4110,31.0,10.0,28.0,14.0
4111,31.0,10.0,31.0,11.0
4112,31.0,10.0,31.0,10.0
4113,31.0,10.0,27.0,17.0
4114,31.0,10.0,31.0,10.0
4115,31.0,10.0,31.0,10.0
4116,31.0,10.0,27.0,17.0
4117,31.0,10.0,30.0,13.0
4118,31.0,10.0,31.0,10.0
4119,31.0,10.0,32.0,10.0
4120,31.0,10.0,27.0,17.0
4121,31.0,10.0,26.0,12.0
4122,31.0,10.0,31.0,11.0
4123,31.0,10.0,31.0,10.0
4124,31.0,10.0,32.0,10.0
4125,31.0,10.0,31.0,10.0
4126,31.0,10.0,30.0,13.0
4127,31.0,10.0,31.0,10.0
4128,31.0,10.0,27.0,17.0
4129,31.0,10.0,32.0,10.0
4130,31.0,10.0,27.0,17.0
4131,31.0,10.0,28.0,14.0
4132,31.0,10.0,28.0,14.0
4133,31.0,10.0,31.0,10.0
4134,31.0,10.0,27.0,17.0
4135,31.0,10.0,27.0,17.0
4136,31.0,10.0,31.0,11.0
4137,31.0,10.0,28.0,14.0
4138,31.0,10.0,30.0,13.0
4139,31.0,10.0,26.0,12.0
4140,31.0,10.0,28.0,14.0
4141,31.0,10.0,28.0,14.0
4142,31.0,10.0,31.0,11.0
4143,31.0,10.0,31.0,10.0
4144,31.0,10.0,31.0,10.0
4145,31.0,10.0,31.0,10.0
4146,31.0,10.0,28.0,14.0
4147,31.0,10.0,31.0,10.0
4148,31.0,10.0,26.0,12.0
4149,31.0,10.0,28.0,14.0
4150,31.0,10.0,31.0,10.0
4151,31.0,10.0,27.0,17.0
4152,31.0,10.0,31.0,10.0
4153,31.0,10.0,28.0,14.0
4154,31.0,10.0,31.0,10.0
4155,31.0,10.0,31.0,10.0
4156,31.0,10.0,26.0,12.0
4157,31.0,10.0,31.0,11.0
4158,31.0,10.0,31.0,10.0
4159,31.0,10.0,30.0,13.0
4160,31.0,10.0,32.0,10.0
4161,31.0,10.0,31.0,10.0
4162,31.0,10.0,28.0,14.0
4163,31.0,10.0,31.0,10.0
4164,31.0,10.0,31.0,10.0
4165,31.0,10.0,27.0,17.0
4166,31.0,10.0,27.0,17.0
4167,31.0,10.0,26.0,12.0
4168,31.0,10.0,31.0,10.0
4169,31.0,10.0,31.0,10.0
4170,31.0,10.0,32.0,10.0
4171,31.0,10.0,31.0,11.0
4172,31.0,10.0,30.0,13.0
4173,31.0,10.0,30.0,13.0
4174,31.0,10.0,31.0,10.0
4175,31.0,10.0,28.0,14.0
4176,31.0,10.0,30.0,13.0
4177,31.0,10.0,32.0,10.0
4178,31.0,10.0,27.0,17.0
4179,31.0,10.0,31.0,10.0
4180,31.0,10.0,31.0,10.0
4181,31.0,10.0,26.0,12.0
4182,31.0,10.0,32.0,10.0
4183,31.0,10.0,27.0,17.0
4184,31.0,10.0,31.0,11.0
4185,31.0,10.0,27.0,17.0
4186,31.0,10.0,26.0,12.0
4187,31.0,10.0,31.0,10.0
4188,31.0,10.0,31.0,10.0
4189,31.0,10.0,30.0,13.0
4190,31.0,10.0,31.0,11.0
4191,31.0,10.0,32.0,10.0
4192,31.0,10.0,26.0,12.0
4193,31.0,10.0,31.0,10.0
4194,31.0,10.0,27.0,17.0
4195,31.0,10.0,27.0,17.0
4196,31.0,10.0,31.0,11.0
4197,31.0,10.0,31.0,10.0
4198,31.0,10.0,30.0,13.0
4199,31.0,10.0,31.0,10.0
4200,31.0,10.0,30.0,13.0
4201,31.0,10.0,28.0,14.0
4202,31.0,10.0,28.0,14.0
4203,31.0,10.0,30.0,13.0
4204,31.0,10.0,30.0,13.0
4205,31.0,10.0,32.0,10.0
4206,31.0,10.0,28.0,14.0
4207,31.0,10.0,31.0,10.0
4208,31.0,10.0,31.0,11.0
4209,31.0,10.0,28.0,14.0
4210,31.0,10.0,30.0,13.0
4211,31.0,10.0,30.0,13.0
4212,31.0,10.0,32.0,10.0
4213,31.0,10.0,31.0,11.0
4214,31.0,10.0,31.0,10.0
4215,31.0,10.0,31.0,10.0
4216,31.0,10.0,31.0,10.0
4217,31.0,10.0,30.0,13.0
4218,31.0,10.0,31.0,10.0
4219,31.0,10.0,32.0,10.0
4220,31.0,10.0,28.0,14.0
4221,31.0,10.0,30.0,13.0
4222,31.0,10.0,31.0,10.0
4223,31.0,10.0,27.0,17.0
4224,31.0,10.0,31.0,10.0
4225,31.0,10.0,31.0,11.0
4226,31.0,10.0,28.0,14.0
4227,31.0,10.0,30.0,13.0
4228,31.0,10.0,31.0,10.0
4229,31.0,10.0,28.0,14.0
4230,31.0,10.0,30.0,13.0
4231,31.0,10.0,26.0,12.0
4232,31.0,10.0,31.0,11.0
4233,31.0,10.0,31.0,11.0
4234,31.0,10.0,31.0,10.0
4235,31.0,10.0,26.0,12.0
4236,31.0,10.0,31.0,10.0
4237,31.0,10.0,31.0,10.0
4238,31.0,10.0,27.0,17.0
4239,31.0,10.0,30.0,13.0
4240,31.0,10.0,28.0,14.0
4241,31.0,10.0,32.0,10.0
4242,31.0,10.0,32.0,10.0
4243,31.0,10.0,26.0,12.0
4244,31.0,10.0,31.0,11.0
4245,31.0,10.0,27.0,17.0
4246,31.0,10.0,31.0,10.0
4247,31.0,10.0,28.0,14.0
4248,31.0,10.0,26.0,12.0
4249,31.0,10.0,30.0,13.0
4250,31.0,10.0,31.0,10.0
4251,31.0,10.0,27.0,17.0
4252,31.0,10.0,31.0,10.0
4253,31.0,10.0,26.0,12.0
4254,31.0,10.0,28.0,14.0
4255,31.0,10.0,27.0,17.0
4256,31.0,10.0,31.0,10.0
4257,31.0,10.0,30.0,13.0
4258,31.0,10.0,30.0,13.0
4259,31.0,10.0,30.0,13.0
4260,31.0,10.0,31.0,10.0
4261,31.0,10.0,30.0,13.0
4262,31.0,10.0,30.0,13.0
4263,31.0,10.0,31.0,10.0
4264,31.0,10.0,32.0,10.0
4265,31.0,10.0,27.0,17.0
4266,31.0,10.0,31.0,10.0
4267,31.0,10.0,28.0,14.0
4268,31.0,10.0,30.0,13.0
4269,31.0,10.0,31.0,10.0
4270,31.0,10.0,32.0,10.0
4271,31.0,10.0,26.0,12.0
4272,31.0,10.0,31.0,10.0
4273,31.0,10.0,28.0,14.0
4274,31.0,10.0,31.0,10.0
4275,31.0,10.0,30.0,13.0
4276,31.0,10.0,31.0,11.0
4277,31.0,10.0,26.0,12.0
4278,31.0,10.0,31.0,10.0
4279,31.0,10.0,31.0,10.0
4280,31.0,10.0,31.0,10.0
4281,31.0,10.0,28.0,14.0
4282,31.0,10.0,31.0,10.0
4283,31.0,10.0,31.0,10.0
4284,31.0,10.0,32.0,10.0
4285,31.0,10.0,26.0,12.0
4286,31.0,10.0,31.0,10.0
4287,31.0,10.0,28.0,14.0
4288,31.0,10.0,28.0,14.0
4289,31.0,10.0,31.0,10.0
4290,31.0,10.0,30.0,13.0
4291,31.0,10.0,31.0,10.0
4292,31.0,10.0,28.0,14.0
4293,31.0,10.0,31.0,11.0
4294,31.0,10.0,32.0,10.0
4295,31.0,10.0,31.0,10.0
4296,31.0,10.0,31.0,10.0
4297,31.0,10.0,31.0,10.0
4298,31.0,10.0,32.0,10.0
4299,31.0,10.0,32.0,10.0
4300,31.0,10.0,26.0,12.0
4301,31.0,10.0,28.0,14.0
4302,31.0,10.0,27.0,17.0
4303,31.0,10.0,28.0,14.0
4304,31.0,10.0,28.0,14.0
4305,31.0,10.0,26.0,12.0
4306,31.0,10.0,28.0,14.0
4307,31.0,10.0,31.0,10.0
4308,31.0,10.0,28.0,14.0
4309,31.0,10.0,31.0,10.0
4310,31.0,10.0,31.0,10.0
4311,31.0,10.0,27.0,17.0
4312,31.0,10.0,27.0,17.0
4313,31.0,10.0,32.0,10.0
4314,31.0,10.0,26.0,12.0
4315,31.0,10.0,32.0,10.0
4316,31.0,10.0,30.0,13.0
4317,31.0,10.0,27.0,17.0
4318,31.0,10.0,28.0,14.0
4319,31.0,10.0,31.0,10.0
4320,31.0,10.0,31.0,10.0
4321,31.0,10.0,28.0,14.0
4322,31.0,10.0,32.0,10.0
4323,31.0,10.0,27.0,17.0
4324,31.0,10.0,28.0,14.0
4325,31.0,10.0,27.0,17.0
4326,31.0,10.0,28.0,14.0
4327,31.0,10.0,31.0,11.0
4328,31.0,10.0,30.0,13.0
4329,31.0,10.0,32.0,10.0
4330,31.0,10.0,27.0,17.0
4331,31.0,10.0,31.0,10.0
4332,31.0,10.0,31.0,10.0
4333,31.0,10.0,31.0,11.0
4334,31.0,10.0,31.0,10.0
4335,31.0,10.0,27.0,17.0
4336,31.0,10.0,26.0,12.0
4337,31.0,10.0,31.0,10.0
4338,31.0,10.0,31.0,10.0
4339,31.0,10.0,32.0,10.0
4340,31.0,10.0,31.0,10.0
4341,31.0,10.0,28.0,14.0
4342,31.0,10.0,31.0,11.0
4343,31.0,10.0,26.0,12.0
4344,31.0,10.0,26.0,12.0
4345,31.0,10.0,31.0,10.0
4346,31.0,10.0,30.0,13.0
4347,31.0,10.0,26.0,12.0
4348,31.0,10.0,27.0,17.0
4349,31.0,10.0,31.0,10.0
4350,31.0,10.0,30.0,13.0
4351,31.0,10.0,31.0,10.0
4352,31.0,10.0,32.0,10.0
4353,31.0,10.0,30.0,13.0
4354,31.0,10.0,27.0,17.0
4355,31.0,10.0,31.0,11.0
4356,31.0,10.0,31.0,11.0
4357,31.0,10.0,30.0,13.0
4358,31.0,10.0,32.0,10.0
4359,31.0,10.0,26.0,12.0
4360,31.0,10.0,27.0,17.0
4361,31.0,10.0,31.0,10.0
4362,31.0,10.0,31.0,10.0
4363,31.0,10.0,28.0,14.0
4364,31.0,10.0,26.0,12.0
4365,31.0,10.0,27.0,17.0
4366,31.0,10.0,27.0,17.0
4367,31.0,10.0,31.0,10.0
4368,31.0,10.0,31.0,11.0
4369,31.0,10.0,26.0,12.0
4370,31.0,10.0,31.0,11.0
4371,31.0,10.0,31.0,10.0
4372,31.0,10.0,26.0,12.0
4373,31.0,10.0,26.0,12.0
4374,31.0,10.0,30.0,13.0
4375,31.0,10.0,27.0,17.0
4376,31.0,10.0,32.0,10.0
4377,31.0,10.0,31.0,10.0
4378,31.0,10.0,30.0,13.0
4379,31.0,10.0,26.0,12.0
4380,31.0,10.0,27.0,17.0
4381,31.0,10.0,27.0,17.0
4382,31.0,10.0,26.0,12.0
4383,31.0,10.0,31.0,10.0
4384,31.0,10.0,32.0,10.0
4385,31.0,10.0,31.0,10.0
4386,31.0,10.0,31.0,10.0
4387,31.0,10.0,31.0,10.0
4388,31.0,10.0,31.0,10.0
4389,31.0,10.0,30.0,13.0
4390,31.0,10.0,28.0,14.0
4391,31.0,10.0,26.0,12.0
4392,31.0,10.0,31.0,10.0
4393,31.0,10.0,28.0,14.0
4394,31.0,10.0,31.0,11.0
4395,31.0,10.0,30.0,13.0
4396,31.0,10.0,26.0,12.0
4397,31.0,10.0,32.0,10.0
4398,31.0,10.0,31.0,10.0
4399,31.0,10.0,32.0,10.0
4400,31.0,10.0,32.0,10.0
4401,31.0,10.0,28.0,14.0
4402,31.0,10.0,31.0,10.0
4403,31.0,10.0,30.0,13.0
4404,31.0,10.0,31.0,10.0
4405,31.0,10.0,26.0,12.0
4406,31.0,10.0,31.0,10.0
4407,31.0,10.0,26.0,12.0
4408,31.0,10.0,31.0,11.0
4409,31.0,10.0,26.0,12.0
4410,31.0,10.0,30.0,13.0
4411,31.0,10.0,27.0,17.0
4412,31.0,10.0,28.0,14.0
4413,31.0,10.0,31.0,10.0
4414,31.0,10.0,30.0,13.0
4415,31.0,10.0,32.0,10.0
4416,31.0,10.0,31.0,10.0
4417,31.0,10.0,31.0,10.0
4418,31.0,10.0,27.0,17.0
4419,31.0,10.0,31.0,10.0
4420,31.0,10.0,28.0,14.0
4421,31.0,10.0,31.0,10.0
4422,31.0,10.0,31.0,10.0
4423,31.0,10.0,31.0,10.0
4424,31.0,10.0,30.0,13.0
4425,31.0,10.0,27.0,17.0
4426,31.0,10.0,31.0,10.0
4427,31.0,10.0,31.0,10.0
4428,31.0,10.0,26.0,12.0
4429,31.0,10.0,26.0,12.0
4430,31.0,10.0,30.0,13.0
4431,31.0,10.0,30.0,13.0
4432,31.0,10.0,28.0,14.0
4433,31.0,10.0,32.0,10.0
4434,31.0,10.0,28.0,14.0
4435,31.0,10.0,26.0,12.0
4436,31.0,10.0,28.0,14.0
4437,31.0,10.0,27.0,17.0
4438,31.0,10.0,31.0,10.0
4439,31.0,10.0,28.0,14.0
4440,31.0,10.0,26.0,12.0
4441,31.0,10.0,31.0,10.0
4442,31.0,10.0,28.0,14.0
4443,31.0,10.0,31.0,11.0
4444,31.0,10.0,31.0,10.0
4445,31.0,10.0,26.0,12.0
4446,31.0,10.0,31.0,10.0
4447,31.0,10.0,28.0,14.0
4448,31.0,10.0,28.0,14.0
4449,31.0,10.0,31.0,10.0
4450,31.0,10.0,30.0,13.0
4451,31.0,10.0,31.0,11.0
4452,31.0,10.0,26.0,12.0
4453,31.0,10.0,27.0,17.0
4454,31.0,10.0,31.0,11.0
4455,31.0,10.0,30.0,13.0
4456,31.0,10.0,28.0,14.0
4457,31.0,10.0,28.0,14.0
4458,31.0,10.0,31.0,10.0
4459,31.0,10.0,28.0,14.0
4460,31.0,10.0,31.0,10.0
4461,31.0,10.0,27.0,17.0
4462,31.0,10.0,32.0,10.0
4463,31.0,10.0,31.0,10.0
4464,31.0,10.0,28.0,14.0
4465,31.0,10.0,31.0,11.0
4466,31.0,10.0,26.0,12.0
4467,31.0,10.0,31.0,10.0
4468,31.0,10.0,30.0,13.0
4469,31.0,10.0,31.0,10.0
4470,31.0,10.0,31.0,11.0
4471,31.0,10.0,31.0,11.0
4472,31.0,10.0,31.0,10.0
4473,31.0,10.0,31.0,10.0
4474,31.0,10.0,31.0,10.0
4475,31.0,10.0,28.0,14.0
4476,31.0,10.0,32.0,10.0
4477,31.0,10.0,31.0,11.0
4478,31.0,10.0,27.0,17.0
4479,31.0,10.0,28.0,14.0
4480,31.0,10.0,26.0,12.0
4481,31.0,10.0,32.0,10.0
4482,31.0,10.0,31.0,10.0
4483,31.0,10.0,28.0,14.0
4484,31.0,10.0,26.0,12.0
4485,31.0,10.0,26.0,12.0
4486,31.0,10.0,32.0,10.0
4487,31.0,10.0,31.0,11.0
4488,31.0,10.0,31.0,10.0
4489,31.0,10.0,31.0,10.0
4490,31.0,10.0,32.0,10.0
4491,31.0,10.0,31.0,10.0
4492,31.0,10.0,26.0,12.0
4493,31.0,10.0,31.0,11.0
4494,31.0,10.0,28.0,14.0
4495,31.0,10.0,26.0,12.0
4496,31.0,10.0,30.0,13.0
4497,31.0,10.0,26.0,12.0
4498,31.0,10.0,31.0,10.0
4499,31.0,10.0,26.0,12.0
4500,31.0,10.0,31.0,10.0
4501,31.0,10.0,28.0,14.0
4502,31.0,10.0,27.0,17.0
4503,31.0,10.0,32.0,10.0
4504,31.0,10.0,28.0,14.0
4505,31.0,10.0,31.0,10.0
4506,31.0,10.0,28.0,14.0
4507,31.0,10.0,31.0,11.0
4508,31.0,10.0,31.0,11.0
4509,31.0,10.0,28.0,14.0
4510,31.0,10.0,27.0,17.0
4511,31.0,10.0,31.0,11.0
4512,31.0,10.0,31.0,10.0
4513,31.0,10.0,28.0,14.0
4514,31.0,10.0,32.0,10.0
4515,31.0,10.0,26.0,12.0
4516,31.0,10.0,28.0,14.0
4517,31.0,10.0,31.0,10.0
4518,31.0,10.0,27.0,17.0
4519,31.0,10.0,27.0,17.0
4520,31.0,10.0,32.0,10.0
4521,31.0,10.0,31.0,10.0
4522,31.0,10.0,31.0,10.0
4523,31.0,10.0,32.0,10.0
4524,31.0,10.0,28.0,14.0
4525,31.0,10.0,31.0,10.0
4526,31.0,10.0,31.0,10.0
4527,31.0,10.0,26.0,12.0
4528,31.0,10.0,31.0,11.0
4529,31.0,10.0,31.0,10.0
4530,31.0,10.0,31.0,10.0
4531,31.0,10.0,31.0,10.0
4532,31.0,10.0,28.0,14.0
4533,31.0,10.0,31.0,11.0
4534,31.0,10.0,31.0,11.0
4535,31.0,10.0,31.0,11.0
4536,31.0,10.0,28.0,14.0
4537,31.0,10.0,26.0,12.0
4538,31.0,10.0,30.0,13.0
4539,31.0,10.0,26.0,12.0
4540,31.0,10.0,26.0,12.0
4541,31.0,10.0,30.0,13.0
4542,31.0,10.0,27.0,17.0
4543,31.0,10.0,31.0,10.0
4544,31.0,10.0,31.0,10.0
4545,31.0,10.0,26.0,12.0
4546,31.0,10.0,26.0,12.0
4547,31.0,10.0,31.0,10.0
4548,31.0,10.0,26.0,12.0
4549,31.0,10.0,26.0,12.0
4550,31.0,10.0,27.0,17.0
4551,31.0,10.0,27.0,17.0
4552,31.0,10.0,27.0,17.0
4553,31.0,10.0,31.0,10.0
4554,31.0,10.0,31.0,11.0
4555,31.0,10.0,28.0,14.0
4556,31.0,10.0,30.0,13.0
4557,31.0,10.0,31.0,10.0
4558,31.0,10.0,26.0,12.0
4559,31.0,10.0,26.0,12.0
4560,31.0,10.0,28.0,14.0
4561,31.0,10.0,26.0,12.0
4562,31.0,10.0,27.0,17.0
4563,31.0,10.0,26.0,12.0
4564,31.0,10.0,26.0,12.0
4565,31.0,10.0,26.0,12.0
4566,31.0,10.0,31.0,11.0
4567,31.0,10.0,31.0,10.0
4568,31.0,10.0,32.0,10.0
4569,31.0,10.0,31.0,10.0
4570,31.0,10.0,32.0,10.0
4571,31.0,10.0,32.0,10.0
4572,31.0,10.0,32.0,10.0
4573,31.0,10.0,31.0,10.0
4574,31.0,10.0,31.0,10.0
4575,31.0,10.0,31.0,11.0
4576,31.0,10.0,27.0,17.0
4577,31.0,10.0,31.0,10.0
4578,31.0,10.0,31.0,10.0
4579,31.0,10.0,32.0,10.0
4580,31.0,10.0,26.0,12.0
4581,31.0,10.0,31.0,10.0
4582,31.0,10.0,27.0,17.0
4583,31.0,10.0,31.0,10.0
4584,31.0,10.0,31.0,10.0
4585,31.0,10.0,31.0,10.0
4586,31.0,10.0,26.0,12.0
4587,31.0,10.0,27.0,17.0
4588,31.0,10.0,27.0,17.0
4589,31.0,10.0,31.0,10.0
4590,31.0,10.0,26.0,12.0
4591,31.0,10.0,28.0,14.0
4592,31.0,10.0,31.0,11.0
4593,31.0,10.0,31.0,10.0
4594,31.0,10.0,28.0,14.0
4595,31.0,10.0,26.0,12.0
4596,31.0,10.0,31.0,10.0
4597,31.0,10.0,27.0,17.0
4598,31.0,10.0,31.0,11.0
4599,31.0,10.0,26.0,12.0
4600,31.0,10.0,31.0,10.0
4601,31.0,10.0,32.0,10.0
4602,31.0,10.0,30.0,13.0
4603,31.0,10.0,30.0,13.0
4604,31.0,10.0,27.0,17.0
4605,31.0,10.0,27.0,17.0
4606,31.0,10.0,32.0,10.0
4607,31.0,10.0,27.0,17.0
4608,31.0,10.0,31.0,10.0
4609,31.0,10.0,28.0,14.0
4610,31.0,10.0,31.0,10.0
4611,31.0,10.0,30.0,13.0
4612,31.0,10.0,31.0,10.0
4613,31.0,10.0,31.0,10.0
4614,31.0,10.0,31.0,10.0
4615,31.0,10.0,31.0,10.0
4616,31.0,10.0,26.0,12.0
4617,31.0,10.0,31.0,10.0
4618,31.0,10.0,31.0,10.0
4619,31.0,10.0,30.0,13.0
4620,31.0,10.0,28.0,14.0
4621,31.0,10.0,32.0,10.0
4622,31.0,10.0,27.0,17.0
4623,31.0,10.0,28.0,14.0
4624,31.0,10.0,31.0,10.0
4625,31.0,10.0,30.0,13.0
4626,31.0,10.0,31.0,10.0
4627,31.0,10.0,32.0,10.0
4628,31.0,10.0,27.0,17.0
4629,31.0,10.0,31.0,10.0
4630,31.0,10.0,28.0,14.0
4631,31.0,10.0,31.0,10.0
4632,31.0,10.0,27.0,17.0
4633,31.0,10.0,26.0,12.0
4634,31.0,10.0,31.0,10.0
4635,31.0,10.0,32.0,10.0
4636,31.0,10.0,31.0,11.0
4637,31.0,10.0,28.0,14.0
4638,31.0,10.0,31.0,10.0
4639,31.0,10.0,31.0,10.0
4640,31.0,10.0,32.0,10.0
4641,31.0,10.0,28.0,14.0
4642,31.0,10.0,27.0,17.0
4643,31.0,10.0,31.0,10.0
4644,31.0,10.0,31.0,10.0
4645,31.0,10.0,28.0,14.0
4646,31.0,10.0,31.0,11.0
4647,31.0,10.0,28.0,14.0
4648,31.0,10.0,32.0,10.0
4649,31.0,10.0,31.0,10.0
4650,31.0,10.0,27.0,17.0
4651,31.0,10.0,28.0,14.0
4652,31.0,10.0,30.0,13.0
4653,31.0,10.0,30.0,13.0
4654,31.0,10.0,31.0,10.0
4655,31.0,10.0,26.0,12.0
4656,31.0,10.0,28.0,14.0
4657,31.0,10.0,27.0,17.0
4658,31.0,10.0,31.0,11.0
4659,31.0,10.0,27.0,17.0
4660,31.0,10.0,28.0,14.0
4661,31.0,10.0,28.0,14.0
4662,31.0,10.0,30.0,13.0
4663,31.0,10.0,31.0,10.0
4664,31.0,10.0,32.0,10.0
4665,31.0,10.0,31.0,10.0
4666,31.0,10.0,31.0,11.0
4667,31.0,10.0,31.0,11.0
4668,31.0,10.0,31.0,11.0
4669,31.0,10.0,31.0,11.0
4670,31.0,10.0,26.0,12.0
4671,31.0,10.0,31.0,10.0
4672,31.0,10.0,28.0,14.0
4673,31.0,10.0,31.0,10.0
4674,31.0,10.0,28.0,14.0
4675,31.0,10.0,31.0,10.0
4676,31.0,10.0,31.0,10.0
4677,31.0,10.0,27.0,17.0
4678,31.0,10.0,31.0,11.0
4679,31.0,10.0,30.0,13.0
4680,31.0,10.0,31.0,10.0
4681,31.0,10.0,28.0,14.0
4682,31.0,10.0,27.0,17.0
4683,31.0,10.0,30.0,13.0
4684,31.0,10.0,26.0,12.0
4685,31.0,10.0,26.0,12.0
4686,31.0,10.0,28.0,14.0
4687,31.0,10.0,31.0,10.0
4688,31.0,10.0,31.0,10.0
4689,31.0,10.0,31.0,11.0
4690,31.0,10.0,26.0,12.0
4691,31.0,10.0,26.0,12.0
4692,31.0,10.0,31.0,10.0
4693,31.0,10.0,31.0,10.0
4694,31.0,10.0,31.0,10.0
4695,31.0,10.0,32.0,10.0
4696,31.0,10.0,32.0,10.0
4697,31.0,10.0,31.0,11.0
4698,31.0,10.0,31.0,11.0
4699,31.0,10.0,32.0,10.0
4700,31.0,10.0,31.0,11.0
4701,31.0,10.0,32.0,10.0
4702,31.0,10.0,31.0,10.0
4703,31.0,10.0,31.0,11.0
4704,31.0,10.0,31.0,10.0
4705,31.0,10.0,32.0,10.0
4706,31.0,10.0,31.0,10.0
4707,31.0,10.0,28.0,14.0
4708,31.0,10.0,26.0,12.0
4709,31.0,10.0,32.0,10.0
4710,31.0,10.0,32.0,10.0
4711,31.0,10.0,28.0,14.0
4712,31.0,10.0,31.0,10.0
4713,31.0,10.0,32.0,10.0
4714,31.0,10.0,28.0,14.0
4715,31.0,10.0,31.0,10.0
4716,31.0,10.0,26.0,12.0
4717,31.0,10.0,31.0,10.0
4718,31.0,10.0,26.0,12.0
4719,31.0,10.0,28.0,14.0
4720,31.0,10.0,31.0,10.0
4721,31.0,10.0,31.0,10.0
4722,31.0,10.0,31.0,11.0
4723,31.0,10.0,28.0,14.0
4724,31.0,10.0,31.0,11.0
4725,31.0,10.0,28.0,14.0
4726,31.0,10.0,30.0,13.0
4727,31.0,10.0,27.0,17.0
4728,31.0,10.0,26.0,12.0
4729,31.0,10.0,31.0,11.0
4730,31.0,10.0,30.0,13.0
4731,31.0,10.0,31.0,11.0
4732,31.0,10.0,31.0,10.0
4733,31.0,10.0,32.0,10.0
4734,31.0,10.0,27.0,17.0
4735,31.0,10.0,26.0,12.0
4736,31.0,10.0,28.0,14.0
4737,31.0,10.0,31.0,11.0
4738,31.0,10.0,31.0,10.0
4739,31.0,10.0,31.0,10.0
4740,31.0,10.0,32.0,10.0
4741,31.0,10.0,32.0,10.0
4742,31.0,10.0,31.0,10.0
4743,31.0,10.0,28.0,14.0
4744,31.0,10.0,26.0,12.0
4745,31.0,10.0,28.0,14.0
4746,31.0,10.0,28.0,14.0
4747,31.0,10.0,31.0,10.0
4748,31.0,10.0,31.0,10.0
4749,31.0,10.0,28.0,14.0
4750,31.0,10.0,28.0,14.0
4751,31.0,10.0,30.0,13.0
4752,31.0,10.0,30.0,13.0
4753,31.0,10.0,31.0,10.0
4754,31.0,10.0,31.0,10.0
4755,31.0,10.0,30.0,13.0
4756,31.0,10.0,31.0,11.0
4757,31.0,10.0,31.0,10.0
4758,31.0,10.0,28.0,14.0
4759,31.0,10.0,31.0,10.0
4760,31.0,10.0,28.0,14.0
4761,31.0,10.0,31.0,10.0
4762,31.0,10.0,28.0,14.0
4763,31.0,10.0,31.0,10.0
4764,31.0,10.0,31.0,10.0
4765,31.0,10.0,26.0,12.0
4766,31.0,10.0,28.0,14.0
4767,31.0,10.0,30.0,13.0
4768,31.0,10.0,31.0,10.0
4769,31.0,10.0,26.0,12.0
4770,31.0,10.0,31.0,11.0
4771,31.0,10.0,26.0,12.0
4772,31.0,10.0,28.0,14.0
4773,31.0,10.0,27.0,17.0
4774,31.0,10.0,31.0,11.0
4775,31.0,10.0,28.0,14.0
4776,31.0,10.0,31.0,10.0
4777,31.0,10.0,32.0,10.0
4778,31.0,10.0,28.0,14.0
4779,31.0,10.0,31.0,10.0
4780,31.0,10.0,31.0,10.0
4781,31.0,10.0,28.0,14.0
4782,31.0,10.0,31.0,11.0
4783,31.0,10.0,27.0,17.0
4784,31.0,10.0,31.0,10.0
4785,31.0,10.0,27.0,17.0
4786,31.0,10.0,32.0,10.0
4787,31.0,10.0,31.0,10.0
4788,31.0,10.0,26.0,12.0
4789,31.0,10.0,32.0,10.0
4790,31.0,10.0,31.0,10.0
4791,31.0,10.0,28.0,14.0
4792,31.0,10.0,32.0,10.0
4793,31.0,10.0,30.0,13.0
4794,31.0,10.0,28.0,14.0
4795,31.0,10.0,32.0,10.0
4796,31.0,10.0,26.0,12.0
4797,31.0,10.0,32.0,10.0
4798,31.0,10.0,30.0,13.0
4799,31.0,10.0,27.0,17.0
4800,31.0,10.0,28.0,14.0
4801,31.0,10.0,27.0,17.0
4802,31.0,10.0,28.0,14.0
4803,31.0,10.0,32.0,10.0
4804,31.0,10.0,31.0,10.0
4805,31.0,10.0,31.0,10.0
4806,31.0,10.0,26.0,12.0
4807,31.0,10.0,31.0,11.0
4808,31.0,10.0,26.0,12.0
4809,31.0,10.0,28.0,14.0
4810,31.0,10.0,26.0,12.0
4811,31.0,10.0,28.0,14.0
4812,31.0,10.0,28.0,14.0
4813,31.0,10.0,31.0,10.0
4814,31.0,10.0,28.0,14.0
4815,31.0,10.0,30.0,13.0
4816,31.0,10.0,31.0,10.0
4817,31.0,10.0,28.0,14.0
4818,31.0,10.0,26.0,12.0
4819,31.0,10.0,31.0,10.0
4820,31.0,10.0,26.0,12.0
4821,31.0,10.0,28.0,14.0
4822,31.0,10.0,26.0,12.0
4823,31.0,10.0,30.0,13.0
4824,31.0,10.0,31.0,10.0
4825,31.0,10.0,28.0,14.0
4826,31.0,10.0,31.0,10.0
4827,31.0,10.0,28.0,14.0
4828,31.0,10.0,31.0,10.0
4829,31.0,10.0,30.0,13.0
4830,31.0,10.0,31.0,11.0
4831,31.0,10.0,30.0,13.0
4832,31.0,10.0,28.0,14.0
4833,31.0,10.0,26.0,12.0
4834,31.0,10.0,28.0,14.0
4835,31.0,10.0,30.0,13.0
4836,31.0,10.0,31.0,10.0
4837,31.0,10.0,32.0,10.0
4838,31.0,10.0,30.0,13.0
4839,31.0,10.0,30.0,13.0
4840,31.0,10.0,26.0,12.0
4841,31.0,10.0,31.0,11.0
4842,31.0,10.0,26.0,12.0
4843,31.0,10.0,28.0,14.0
4844,31.0,10.0,31.0,11.0
4845,31.0,10.0,28.0,14.0
4846,31.0,10.0,26.0,12.0
4847,31.0,10.0,31.0,10.0
4848,31.0,10.0,32.0,10.0
4849,31.0,10.0,28.0,14.0
4850,31.0,10.0,26.0,12.0
4851,31.0,10.0,30.0,13.0
4852,31.0,10.0,27.0,17.0
4853,31.0,10.0,28.0,14.0
4854,31.0,10.0,28.0,14.0
4855,31.0,10.0,31.0,10.0
4856,31.0,10.0,30.0,13.0
4857,31.0,10.0,31.0,10.0
4858,31.0,10.0,26.0,12.0
4859,31.0,10.0,27.0,17.0
4860,31.0,10.0,26.0,12.0
4861,31.0,10.0,32.0,10.0
4862,31.0,10.0,28.0,14.0
4863,31.0,10.0,28.0,14.0
4864,31.0,10.0,26.0,12.0
4865,31.0,10.0,32.0,10.0
4866,31.0,10.0,28.0,14.0
4867,31.0,10.0,28.0,14.0
4868,31.0,10.0,31.0,10.0
4869,31.0,10.0,30.0,13.0
4870,31.0,10.0,31.0,10.0
4871,31.0,10.0,27.0,17.0
4872,31.0,10.0,27.0,17.0
4873,31.0,10.0,30.0,13.0
4874,31.0,10.0,32.0,10.0
4875,31.0,10.0,27.0,17.0
4876,31.0,10.0,31.0,10.0
4877,31.0,10.0,26.0,12.0
4878,31.0,10.0,27.0,17.0
4879,31.0,10.0,31.0,10.0
4880,31.0,10.0,31.0,11.0
4881,31.0,10.0,31.0,10.0
4882,31.0,10.0,30.0,13.0
4883,31.0,10.0,32.0,10.0
4884,31.0,10.0,28.0,14.0
4885,31.0,10.0,31.0,10.0
4886,31.0,10.0,28.0,14.0
4887,31.0,10.0,31.0,10.0
4888,31.0,10.0,26.0,12.0
4889,31.0,10.0,28.0,14.0
4890,31.0,10.0,28.0,14.0
4891,31.0,10.0,32.0,10.0
4892,31.0,10.0,31.0,10.0
4893,31.0,10.0,31.0,10.0
4894,31.0,10.0,26.0,12.0
4895,31.0,10.0,27.0,17.0
4896,31.0,10.0,31.0,11.0
4897,31.0,10.0,31.0,11.0
4898,31.0,10.0,31.0,11.0
4899,31.0,10.0,26.0,12.0
4900,31.0,10.0,31.0,10.0
4901,31.0,10.0,28.0,14.0
4902,31.0,10.0,30.0,13.0
4903,31.0,10.0,27.0,17.0
4904,31.0,10.0,28.0,14.0
4905,31.0,10.0,31.0,10.0
4906,31.0,10.0,31.0,11.0
4907,31.0,10.0,32.0,10.0
4908,31.0,10.0,28.0,14.0
4909,31.0,10.0,28.0,14.0
4910,31.0,10.0,31.0,10.0
4911,31.0,10.0,28.0,14.0
4912,31.0,10.0,28.0,14.0
4913,31.0,10.0,31.0,10.0
4914,31.0,10.0,31.0,10.0
4915,31.0,10.0,30.0,13.0
4916,31.0,10.0,27.0,17.0
4917,31.0,10.0,27.0,17.0
4918,31.0,10.0,32.0,10.0
4919,31.0,10.0,28.0,14.0
4920,31.0,10.0,32.0,10.0
4921,31.0,10.0,31.0,10.0
4922,31.0,10.0,32.0,10.0
4923,31.0,10.0,30.0,13.0
4924,31.0,10.0,27.0,17.0
4925,31.0,10.0,31.0,10.0
4926,31.0,10.0,31.0,10.0
4927,31.0,10.0,28.0,14.0
4928,31.0,10.0,31.0,10.0
4929,31.0,10.0,31.0,10.0
4930,31.0,10.0,32.0,10.0
4931,31.0,10.0,31.0,11.0
4932,31.0,10.0,28.0,14.0
4933,31.0,10.0,30.0,13.0
4934,31.0,10.0,31.0,10.0
4935,31.0,10.0,26.0,12.0
4936,31.0,10.0,31.0,10.0
4937,31.0,10.0,30.0,13.0
4938,31.0,10.0,28.0,14.0
4939,31.0,10.0,31.0,11.0
4940,31.0,10.0,31.0,11.0
4941,31.0,10.0,27.0,17.0
4942,31.0,10.0,26.0,12.0
4943,31.0,10.0,28.0,14.0
4944,31.0,10.0,32.0,10.0
4945,31.0,10.0,30.0,13.0
4946,31.0,10.0,26.0,12.0
4947,31.0,10.0,31.0,10.0
4948,31.0,10.0,31.0,10.0
4949,31.0,10.0,31.0,10.0
4950,31.0,10.0,26.0,12.0
4951,31.0,10.0,30.0,13.0
4952,31.0,10.0,27.0,17.0
4953,31.0,10.0,31.0,10.0
4954,31.0,10.0,31.0,10.0
4955,31.0,10.0,30.0,13.0
4956,31.0,10.0,28.0,14.0
4957,31.0,10.0,31.0,11.0
4958,31.0,10.0,26.0,12.0
4959,31.0,10.0,26.0,12.0
4960,31.0,10.0,30.0,13.0
4961,31.0,10.0,26.0,12.0
4962,31.0,10.0,30.0,13.0
4963,31.0,10.0,30.0,13.0
4964,31.0,10.0,32.0,10.0
4965,31.0,10.0,26.0,12.0
4966,31.0,10.0,26.0,12.0
4967,31.0,10.0,28.0,14.0
4968,31.0,10.0,30.0,13.0
4969,31.0,10.0,31.0,11.0
4970,31.0,10.0,30.0,13.0
4971,31.0,10.0,31.0,11.0
4972,31.0,10.0,31.0,10.0
4973,31.0,10.0,31.0,11.0
4974,31.0,10.0,32.0,10.0
4975,31.0,10.0,28.0,14.0
4976,31.0,10.0,28.0,14.0
4977,31.0,10.0,31.0,10.0
4978,31.0,10.0,31.0,11.0
4979,31.0,10.0,32.0,10.0
4980,31.0,10.0,28.0,14.0
4981,31.0,10.0,27.0,17.0
4982,31.0,10.0,32.0,10.0
4983,31.0,10.0,30.0,13.0
4984,31.0,10.0,31.0,11.0
4985,31.0,10.0,30.0,13.0
4986,31.0,10.0,30.0,13.0
4987,31.0,10.0,28.0,14.0
4988,31.0,10.0,31.0,10.0
4989,31.0,10.0,31.0,10.0
4990,31.0,10.0,28.0,14.0
4991,31.0,10.0,28.0,14.0
4992,31.0,10.0,30.0,13.0
4993,31.0,10.0,31.0,10.0
4994,31.0,10.0,32.0,10.0
4995,31.0,10.0,32.0,10.0
4996,31.0,10.0,30.0,13.0
4997,31.0,10.0,28.0,14.0
4998,31.0,10.0,31.0,10.0
4999,31.0,10.0,27.0,17.0
5000,31.0,10.0,31.0,10.0
5001,31.0,10.0,31.0,11.0
5002,31.0,10.0,30.0,13.0
5003,31.0,10.0,30.0,13.0
5004,31.0,10.0,31.0,11.0
5005,31.0,10.0,31.0,11.0
5006,31.0,10.0,27.0,17.0
5007,31.0,10.0,28.0,14.0
5008,31.0,10.0,28.0,14.0
5009,31.0,10.0,27.0,17.0
5010,31.0,10.0,31.0,10.0
5011,31.0,10.0,27.0,17.0
5012,31.0,10.0,31.0,10.0
5013,31.0,10.0,31.0,10.0
5014,31.0,10.0,30.0,13.0
5015,31.0,10.0,31.0,11.0
5016,31.0,10.0,27.0,17.0
5017,31.0,10.0,27.0,17.0
5018,31.0,10.0,32.0,10.0
5019,31.0,10.0,31.0,10.0
5020,31.0,10.0,28.0,14.0
5021,31.0,10.0,30.0,13.0
5022,31.0,10.0,31.0,11.0
5023,31.0,10.0,28.0,14.0
5024,31.0,10.0,28.0,14.0
5025,31.0,10.0,32.0,10.0
5026,31.0,10.0,31.0,11.0
5027,31.0,10.0,28.0,14.0
5028,31.0,10.0,26.0,12.0
5029,31.0,10.0,31.0,11.0
5030,31.0,10.0,31.0,10.0
5031,31.0,10.0,32.0,10.0
5032,31.0,10.0,28.0,14.0
5033,31.0,10.0,27.0,17.0
5034,31.0,10.0,28.0,14.0
5035,31.0,10.0,27.0,17.0
5036,31.0,10.0,28.0,14.0
5037,31.0,10.0,32.0,10.0
5038,31.0,10.0,27.0,17.0
5039,31.0,10.0,31.0,10.0
5040,31.0,10.0,31.0,11.0
5041,31.0,10.0,30.0,13.0
5042,31.0,10.0,26.0,12.0
5043,31.0,10.0,26.0,12.0
5044,31.0,10.0,31.0,10.0
5045,31.0,10.0,31.0,10.0
5046,31.0,10.0,26.0,12.0
5047,31.0,10.0,31.0,11.0
5048,31.0,10.0,32.0,10.0
5049,31.0,10.0,31.0,11.0
5050,31.0,10.0,28.0,14.0
5051,31.0,10.0,28.0,14.0
5052,31.0,10.0,28.0,14.0
5053,31.0,10.0,31.0,10.0
5054,31.0,10.0,31.0,10.0
5055,31.0,10.0,30.0,13.0
5056,31.0,10.0,31.0,11.0
5057,31.0,10.0,32.0,10.0
5058,31.0,10.0,31.0,11.0
5059,31.0,10.0,31.0,10.0
5060,31.0,10.0,31.0,10.0
5061,31.0,10.0,31.0,10.0
5062,31.0,10.0,31.0,10.0
5063,31.0,10.0,27.0,17.0
5064,31.0,10.0,32.0,10.0
5065,31.0,10.0,31.0,10.0
5066,31.0,10.0,31.0,10.0
5067,31.0,10.0,28.0,14.0
5068,31.0,10.0,31.0,10.0
5069,31.0,10.0,31.0,10.0
5070,31.0,10.0,28.0,14.0
5071,31.0,10.0,31.0,10.0
5072,31.0,10.0,28.0,14.0
5073,31.0,10.0,31.0,10.0
5074,31.0,10.0,30.0,13.0
5075,31.0,10.0,31.0,10.0
5076,31.0,10.0,31.0,10.0
5077,31.0,10.0,28.0,14.0
5078,31.0,10.0,31.0,10.0
5079,31.0,10.0,28.0,14.0
5080,31.0,10.0,31.0,10.0
5081,31.0,10.0,31.0,10.0
5082,31.0,10.0,28.0,14.0
5083,31.0,10.0,27.0,17.0
5084,31.0,10.0,26.0,12.0
5085,31.0,10.0,31.0,11.0
5086,31.0,10.0,31.0,11.0
5087,31.0,10.0,31.0,10.0
5088,31.0,10.0,30.0,13.0
5089,31.0,10.0,27.0,17.0
5090,31.0,10.0,26.0,12.0
5091,31.0,10.0,28.0,14.0
5092,31.0,10.0,31.0,10.0
5093,31.0,10.0,27.0,17.0
5094,31.0,10.0,32.0,10.0
5095,31.0,10.0,30.0,13.0
5096,31.0,10.0,31.0,10.0
5097,31.0,10.0,31.0,10.0
5098,31.0,10.0,28.0,14.0
5099,31.0,10.0,31.0,10.0
5100,31.0,10.0,30.0,13.0
5101,31.0,10.0,30.0,13.0
5102,31.0,10.0,31.0,10.0
5103,31.0,10.0,32.0,10.0
5104,31.0,10.0,31.0,11.0
5105,31.0,10.0,28.0,14.0
5106,31.0,10.0,31.0,10.0
5107,31.0,10.0,32.0,10.0
5108,31.0,10.0,28.0,14.0
5109,31.0,10.0,31.0,10.0
5110,31.0,10.0,31.0,11.0
5111,31.0,10.0,30.0,13.0
5112,31.0,10.0,27.0,17.0
5113,31.0,10.0,28.0,14.0
5114,31.0,10.0,31.0,10.0
5115,31.0,10.0,31.0,10.0
5116,31.0,10.0,28.0,14.0
5117,31.0,10.0,26.0,12.0
5118,31.0,10.0,31.0,10.0
5119,31.0,10.0,31.0,10.0
5120,31.0,10.0,27.0,17.0
5121,31.0,10.0,32.0,10.0
5122,31.0,10.0,31.0,10.0
5123,31.0,10.0,31.0,10.0
5124,31.0,10.0,32.0,10.0
5125,31.0,10.0,31.0,11.0
5126,31.0,10.0,31.0,10.0
5127,31.0,10.0,27.0,17.0
5128,31.0,10.0,31.0,10.0
5129,31.0,10.0,31.0,10.0
5130,31.0,10.0,26.0,12.0
5131,31.0,10.0,28.0,14.0
5132,31.0,10.0,32.0,10.0
5133,31.0,10.0,28.0,14.0
5134,31.0,10.0,31.0,10.0
5135,31.0,10.0,31.0,11.0
5136,31.0,10.0,31.0,10.0
5137,31.0,10.0,27.0,17.0
5138,31.0,10.0,27.0,17.0
5139,31.0,10.0,31.0,10.0
5140,31.0,10.0,32.0,10.0
5141,31.0,10.0,31.0,10.0
5142,31.0,10.0,30.0,13.0
5143,31.0,10.0,27.0,17.0
5144,31.0,10.0,27.0,17.0
5145,31.0,10.0,27.0,17.0
5146,31.0,10.0,31.0,10.0
5147,31.0,10.0,28.0,14.0
5148,31.0,10.0,31.0,10.0
5149,31.0,10.0,26.0,12.0
5150,31.0,10.0,31.0,10.0
5151,31.0,10.0,31.0,11.0
5152,31.0,10.0,27.0,17.0
5153,31.0,10.0,27.0,17.0
5154,31.0,10.0,31.0,11.0
5155,31.0,10.0,30.0,13.0
5156,31.0,10.0,31.0,11.0
5157,31.0,10.0,31.0,10.0
5158,31.0,10.0,28.0,14.0
5159,31.0,10.0,31.0,10.0
5160,31.0,10.0,28.0,14.0
5161,31.0,10.0,28.0,14.0
5162,31.0,10.0,27.0,17.0
5163,31.0,10.0,27.0,17.0
5164,31.0,10.0,31.0,10.0
5165,31.0,10.0,30.0,13.0
5166,31.0,10.0,31.0,10.0
5167,31.0,10.0,31.0,10.0
5168,31.0,10.0,31.0,10.0
5169,31.0,10.0,31.0,11.0
5170,31.0,10.0,27.0,17.0
5171,31.0,10.0,32.0,10.0
5172,31.0,10.0,28.0,14.0
5173,31.0,10.0,28.0,14.0
5174,31.0,10.0,31.0,10.0
5175,31.0,10.0,31.0,10.0
5176,31.0,10.0,26.0,12.0
5177,31.0,10.0,27.0,17.0
5178,31.0,10.0,32.0,10.0
5179,31.0,10.0,31.0,10.0
5180,31.0,10.0,27.0,17.0
5181,31.0,10.0,27.0,17.0
5182,31.0,10.0,27.0,17.0
5183,31.0,10.0,26.0,12.0
5184,31.0,10.0,31.0,10.0
5185,31.0,10.0,30.0,13.0
5186,31.0,10.0,32.0,10.0
5187,31.0,10.0,32.0,10.0
5188,31.0,10.0,26.0,12.0
5189,31.0,10.0,31.0,10.0
5190,31.0,10.0,31.0,10.0
5191,31.0,10.0,27.0,17.0
5192,31.0,10.0,31.0,11.0
5193,31.0,10.0,31.0,10.0
5194,31.0,10.0,31.0,11.0
5195,31.0,10.0,26.0,12.0
5196,31.0,10.0,27.0,17.0
5197,31.0,10.0,28.0,14.0
5198,31.0,10.0,32.0,10.0
5199,31.0,10.0,28.0,14.0
5200,31.0,10.0,31.0,11.0
5201,31.0,10.0,31.0,10.0
5202,31.0,10.0,28.0,14.0
5203,31.0,10.0,27.0,17.0
5204,31.0,10.0,32.0,10.0
5205,31.0,10.0,26.0,12.0
5206,31.0,10.0,26.0,12.0
5207,31.0,10.0,27.0,17.0
5208,31.0,10.0,31.0,11.0
5209,31.0,10.0,31.0,10.0
5210,31.0,10.0,30.0,13.0
5211,31.0,10.0,31.0,10.0
5212,31.0,10.0,31.0,10.0
5213,31.0,10.0,26.0,12.0
5214,31.0,10.0,31.0,10.0
5215,31.0,10.0,26.0,12.0
5216,31.0,10.0,27.0,17.0
5217,31.0,10.0,28.0,14.0
5218,31.0,10.0,30.0,13.0
5219,31.0,10.0,31.0,10.0
5220,31.0,10.0,31.0,11.0
5221,31.0,10.0,30.0,13.0
5222,31.0,10.0,31.0,10.0
5223,31.0,10.0,30.0,13.0
5224,31.0,10.0,28.0,14.0
5225,31.0,10.0,31.0,10.0
5226,31.0,10.0,31.0,10.0
5227,31.0,10.0,28.0,14.0
5228,31.0,10.0,30.0,13.0
5229,31.0,10.0,30.0,13.0
5230,31.0,10.0,26.0,12.0
5231,31.0,10.0,31.0,10.0
5232,31.0,10.0,32.0,10.0
5233,31.0,10.0,32.0,10.0
5234,31.0,10.0,32.0,10.0
5235,31.0,10.0,31.0,11.0
5236,31.0,10.0,27.0,17.0
5237,31.0,10.0,30.0,13.0
5238,31.0,10.0,30.0,13.0
5239,31.0,10.0,31.0,11.0
5240,31.0,10.0,27.0,17.0
5241,31.0,10.0,31.0,10.0
5242,31.0,10.0,28.0,14.0
5243,31.0,10.0,31.0,11.0
5244,31.0,10.0,28.0,14.0
5245,31.0,10.0,31.0,10.0
5246,31.0,10.0,28.0,14.0
5247,31.0,10.0,31.0,10.0
5248,31.0,10.0,27.0,17.0
5249,31.0,10.0,31.0,11.0
5250,31.0,10.0,32.0,10.0
5251,31.0,10.0,31.0,10.0
5252,31.0,10.0,31.0,10.0
5253,31.0,10.0,28.0,14.0
5254,31.0,10.0,26.0,12.0
5255,31.0,10.0,31.0,11.0
5256,31.0,10.0,31.0,10.0
5257,31.0,10.0,26.0,12.0
5258,31.0,10.0,32.0,10.0
5259,31.0,10.0,30.0,13.0
5260,31.0,10.0,28.0,14.0
5261,31.0,10.0,27.0,17.0
5262,31.0,10.0,31.0,11.0
5263,31.0,10.0,32.0,10.0
5264,31.0,10.0,31.0,10.0
5265,31.0,10.0,32.0,10.0
5266,31.0,10.0,31.0,10.0
5267,31.0,10.0,28.0,14.0
5268,31.0,10.0,28.0,14.0
5269,31.0,10.0,31.0,10.0
5270,31.0,10.0,30.0,13.0
5271,31.0,10.0,30.0,13.0
5272,31.0,10.0,31.0,11.0
5273,31.0,10.0,31.0,10.0
5274,31.0,10.0,28.0,14.0
5275,31.0,10.0,31.0,10.0
5276,31.0,10.0,27.0,17.0
5277,31.0,10.0,26.0,12.0
5278,31.0,10.0,27.0,17.0
5279,31.0,10.0,26.0,12.0
5280,31.0,10.0,27.0,17.0
5281,31.0,10.0,31.0,10.0
5282,31.0,10.0,26.0,12.0
5283,31.0,10.0,30.0,13.0
5284,31.0,10.0,32.0,10.0
5285,31.0,10.0,28.0,14.0
5286,31.0,10.0,26.0,12.0
5287,31.0,10.0,31.0,11.0
5288,31.0,10.0,27.0,17.0
5289,31.0,10.0,26.0,12.0
5290,31.0,10.0,32.0,10.0
5291,31.0,10.0,27.0,17.0
5292,31.0,10.0,31.0,10.0
5293,31.0,10.0,32.0,10.0
5294,31.0,10.0,31.0,10.0
5295,31.0,10.0,31.0,10.0
5296,31.0,10.0,32.0,10.0
5297,31.0,10.0,30.0,13.0
5298,31.0,10.0,30.0,13.0
5299,31.0,10.0,32.0,10.0
5300,31.0,10.0,31.0,11.0
5301,31.0,10.0,32.0,10.0
5302,31.0,10.0,30.0,13.0
5303,31.0,10.0,31.0,11.0
5304,31.0,10.0,31.0,10.0
5305,31.0,10.0,31.0,10.0
5306,31.0,10.0,30.0,13.0
5307,31.0,10.0,31.0,10.0
5308,31.0,10.0,26.0,12.0
5309,31.0,10.0,30.0,13.0
5310,31.0,10.0,31.0,10.0
5311,31.0,10.0,31.0,10.0
5312,31.0,10.0,31.0,10.0
5313,31.0,10.0,26.0,12.0
5314,31.0,10.0,28.0,14.0
5315,31.0,10.0,28.0,14.0
5316,31.0,10.0,31.0,10.0
5317,31.0,10.0,31.0,11.0
5318,31.0,10.0,31.0,10.0
5319,31.0,10.0,26.0,12.0
5320,31.0,10.0,26.0,12.0
5321,31.0,10.0,31.0,10.0
5322,31.0,10.0,31.0,11.0
5323,31.0,10.0,31.0,10.0
5324,31.0,10.0,31.0,10.0
5325,31.0,10.0,28.0,14.0
5326,31.0,10.0,27.0,17.0
5327,31.0,10.0,28.0,14.0
5328,31.0,10.0,28.0,14.0
5329,31.0,10.0,30.0,13.0
5330,31.0,10.0,26.0,12.0
5331,31.0,10.0,31.0,11.0
5332,31.0,10.0,30.0,13.0
5333,31.0,10.0,31.0,10.0
5334,31.0,10.0,31.0,11.0
5335,31.0,10.0,28.0,14.0
5336,31.0,10.0,28.0,14.0
5337,31.0,10.0,31.0,11.0
5338,31.0,10.0,31.0,10.0
5339,31.0,10.0,31.0,10.0
5340,31.0,10.0,31.0,10.0
5341,31.0,10.0,30.0,13.0
5342,31.0,10.0,27.0,17.0
5343,31.0,10.0,26.0,12.0
5344,31.0,10.0,31.0,10.0
5345,31.0,10.0,30.0,13.0
5346,31.0,10.0,26.0,12.0
5347,31.0,10.0,31.0,10.0
5348,31.0,10.0,32.0,10.0
5349,31.0,10.0,31.0,10.0
5350,31.0,10.0,30.0,13.0
5351,31.0,10.0,28.0,14.0
5352,31.0,10.0,31.0,10.0
5353,31.0,10.0,32.0,10.0
5354,31.0,10.0,31.0,10.0
5355,31.0,10.0,31.0,10.0
5356,31.0,10.0,26.0,12.0
5357,31.0,10.0,27.0,17.0
5358,31.0,10.0,28.0,14.0
5359,31.0,10.0,31.0,11.0
5360,31.0,10.0,32.0,10.0
5361,31.0,10.0,32.0,10.0
5362,31.0,10.0,31.0,11.0
5363,31.0,10.0,31.0,10.0
5364,31.0,10.0,27.0,17.0
5365,31.0,10.0,27.0,17.0
5366,31.0,10.0,30.0,13.0
5367,31.0,10.0,31.0,11.0
5368,31.0,10.0,30.0,13.0
5369,31.0,10.0,31.0,10.0
5370,31.0,10.0,30.0,13.0
5371,31.0,10.0,31.0,11.0
5372,31.0,10.0,30.0,13.0
5373,31.0,10.0,31.0,10.0
5374,31.0,10.0,27.0,17.0
5375,31.0,10.0,30.0,13.0
5376,31.0,10.0,27.0,17.0
5377,31.0,10.0,31.0,10.0
5378,31.0,10.0,31.0,10.0
5379,31.0,10.0,26.0,12.0
5380,31.0,10.0,26.0,12.0
5381,31.0,10.0,30.0,13.0
5382,31.0,10.0,30.0,13.0
5383,31.0,10.0,32.0,10.0
5384,31.0,10.0,27.0,17.0
5385,31.0,10.0,27.0,17.0
5386,31.0,10.0,28.0,14.0
5387,31.0,10.0,31.0,10.0
5388,31.0,10.0,31.0,10.0
5389,31.0,10.0,30.0,13.0
5390,31.0,10.0,26.0,12.0
5391,31.0,10.0,28.0,14.0
5392,31.0,10.0,28.0,14.0
5393,31.0,10.0,31.0,10.0
5394,31.0,10.0,31.0,10.0
5395,31.0,10.0,26.0,12.0
5396,31.0,10.0,31.0,10.0
5397,31.0,10.0,30.0,13.0
5398,31.0,10.0,26.0,12.0
5399,31.0,10.0,31.0,10.0
5400,31.0,10.0,27.0,17.0
5401,31.0,10.0,31.0,10.0
5402,31.0,10.0,31.0,10.0
5403,31.0,10.0,30.0,13.0
5404,31.0,10.0,32.0,10.0
5405,31.0,10.0,27.0,17.0
5406,31.0,10.0,32.0,10.0
5407,31.0,10.0,31.0,10.0
5408,31.0,10.0,30.0,13.0
5409,31.0,10.0,31.0,11.0
5410,31.0,10.0,26.0,12.0
5411,31.0,10.0,28.0,14.0
5412,31.0,10.0,32.0,10.0
5413,31.0,10.0,26.0,12.0
5414,31.0,10.0,31.0,10.0
5415,31.0,10.0,30.0,13.0
5416,31.0,10.0,28.0,14.0
5417,31.0,10.0,31.0,10.0
5418,31.0,10.0,30.0,13.0
5419,31.0,10.0,31.0,11.0
5420,31.0,10.0,28.0,14.0
5421,31.0,10.0,30.0,13.0
5422,31.0,10.0,30.0,13.0
5423,31.0,10.0,31.0,10.0
5424,31.0,10.0,26.0,12.0
5425,31.0,10.0,27.0,17.0
5426,31.0,10.0,28.0,14.0
5427,31.0,10.0,28.0,14.0
5428,31.0,10.0,31.0,11.0
5429,31.0,10.0,30.0,13.0
5430,31.0,10.0,32.0,10.0
5431,31.0,10.0,27.0,17.0
5432,31.0,10.0,28.0,14.0
5433,31.0,10.0,31.0,11.0
5434,31.0,10.0,30.0,13.0
5435,31.0,10.0,26.0,12.0
5436,31.0,10.0,32.0,10.0
5437,31.0,10.0,31.0,10.0
5438,31.0,10.0,28.0,14.0
5439,31.0,10.0,28.0,14.0
5440,31.0,10.0,31.0,10.0
5441,31.0,10.0,31.0,10.0
5442,31.0,10.0,31.0,11.0
5443,31.0,10.0,31.0,10.0
5444,31.0,10.0,28.0,14.0
5445,31.0,10.0,26.0,12.0
5446,31.0,10.0,31.0,10.0
5447,31.0,10.0,31.0,10.0
5448,31.0,10.0,31.0,11.0
5449,31.0,10.0,28.0,14.0
5450,31.0,10.0,30.0,13.0
5451,31.0,10.0,32.0,10.0
5452,31.0,10.0,31.0,11.0
5453,31.0,10.0,27.0,17.0
5454,31.0,10.0,30.0,13.0
5455,31.0,10.0,31.0,10.0
5456,31.0,10.0,31.0,10.0
5457,31.0,10.0,31.0,10.0
5458,31.0,10.0,31.0,11.0
5459,31.0,10.0,32.0,10.0
5460,31.0,10.0,31.0,10.0
5461,31.0,10.0,31.0,10.0
5462,31.0,10.0,27.0,17.0
5463,31.0,10.0,32.0,10.0
5464,31.0,10.0,31.0,11.0
5465,31.0,10.0,28.0,14.0
5466,31.0,10.0,27.0,17.0
5467,31.0,10.0,30.0,13.0
5468,31.0,10.0,31.0,10.0
5469,31.0,10.0,31.0,10.0
5470,31.0,10.0,28.0,14.0
5471,31.0,10.0,28.0,14.0
5472,31.0,10.0,28.0,14.0
5473,31.0,10.0,30.0,13.0
5474,31.0,10.0,31.0,10.0
5475,31.0,10.0,31.0,10.0
5476,31.0,10.0,32.0,10.0
5477,31.0,10.0,32.0,10.0
5478,31.0,10.0,27.0,17.0
5479,31.0,10.0,28.0,14.0
5480,31.0,10.0,28.0,14.0
5481,31.0,10.0,31.0,11.0
5482,31.0,10.0,27.0,17.0
5483,31.0,10.0,28.0,14.0
5484,31.0,10.0,31.0,10.0
5485,31.0,10.0,31.0,10.0
5486,31.0,10.0,31.0,10.0
5487,31.0,10.0,32.0,10.0
5488,31.0,10.0,26.0,12.0
5489,31.0,10.0,31.0,10.0
5490,31.0,10.0,31.0,10.0
5491,31.0,10.0,26.0,12.0
5492,31.0,10.0,27.0,17.0
5493,31.0,10.0,31.0,10.0
5494,31.0,10.0,31.0,10.0
5495,31.0,10.0,32.0,10.0
5496,31.0,10.0,32.0,10.0
5497,31.0,10.0,31.0,10.0
5498,31.0,10.0,31.0,10.0
5499,31.0,10.0,26.0,12.0
5500,31.0,10.0,27.0,17.0
5501,31.0,10.0,32.0,10.0
5502,31.0,10.0,32.0,10.0
5503,31.0,10.0,30.0,13.0
5504,31.0,10.0,32.0,10.0
5505,31.0,10.0,31.0,11.0
5506,31.0,10.0,31.0,10.0
5507,31.0,10.0,26.0,12.0
5508,31.0,10.0,31.0,10.0
5509,31.0,10.0,28.0,14.0
5510,31.0,10.0,31.0,11.0
5511,31.0,10.0,31.0,10.0
5512,31.0,10.0,28.0,14.0
5513,31.0,10.0,32.0,10.0
5514,31.0,10.0,26.0,12.0
5515,31.0,10.0,30.0,13.0
5516,31.0,10.0,27.0,17.0
5517,31.0,10.0,27.0,17.0
5518,31.0,10.0,30.0,13.0
5519,31.0,10.0,32.0,10.0
5520,31.0,10.0,31.0,11.0
5521,31.0,10.0,31.0,10.0
5522,31.0,10.0,31.0,11.0
5523,31.0,10.0,31.0,10.0
5524,31.0,10.0,27.0,17.0
5525,31.0,10.0,26.0,12.0
5526,31.0,10.0,31.0,10.0
5527,31.0,10.0,26.0,12.0
5528,31.0,10.0,31.0,11.0
5529,31.0,10.0,31.0,10.0
5530,31.0,10.0,32.0,10.0
5531,31.0,10.0,31.0,10.0
5532,31.0,10.0,26.0,12.0
5533,31.0,10.0,26.0,12.0
5534,31.0,10.0,31.0,10.0
5535,31.0,10.0,31.0,10.0
5536,31.0,10.0,31.0,10.0
5537,31.0,10.0,30.0,13.0
5538,31.0,10.0,30.0,13.0
5539,31.0,10.0,28.0,14.0
5540,31.0,10.0,31.0,11.0
5541,31.0,10.0,28.0,14.0
5542,31.0,10.0,31.0,10.0
5543,31.0,10.0,26.0,12.0
5544,31.0,10.0,27.0,17.0
5545,31.0,10.0,31.0,11.0
5546,31.0,10.0,27.0,17.0
5547,31.0,10.0,28.0,14.0
5548,31.0,10.0,27.0,17.0
5549,31.0,10.0,31.0,10.0
5550,31.0,10.0,28.0,14.0
5551,31.0,10.0,30.0,13.0
5552,31.0,10.0,26.0,12.0
5553,31.0,10.0,30.0,13.0
5554,31.0,10.0,31.0,11.0
5555,31.0,10.0,31.0,11.0
5556,31.0,10.0,31.0,10.0
5557,31.0,10.0,28.0,14.0
5558,31.0,10.0,28.0,14.0
5559,31.0,10.0,32.0,10.0
5560,31.0,10.0,28.0,14.0
5561,31.0,10.0,32.0,10.0
5562,31.0,10.0,31.0,11.0
5563,31.0,10.0,26.0,12.0
5564,31.0,10.0,28.0,14.0
5565,31.0,10.0,26.0,12.0
5566,31.0,10.0,32.0,10.0
5567,31.0,10.0,31.0,11.0
5568,31.0,10.0,27.0,17.0
5569,31.0,10.0,32.0,10.0
5570,31.0,10.0,31.0,10.0
5571,31.0,10.0,31.0,10.0
5572,31.0,10.0,26.0,12.0
5573,31.0,10.0,26.0,12.0
5574,31.0,10.0,30.0,13.0
5575,31.0,10.0,27.0,17.0
5576,31.0,10.0,31.0,10.0
5577,31.0,10.0,31.0,11.0
5578,31.0,10.0,32.0,10.0
5579,31.0,10.0,32.0,10.0
5580,31.0,10.0,31.0,10.0
5581,31.0,10.0,31.0,10.0
5582,31.0,10.0,32.0,10.0
5583,31.0,10.0,30.0,13.0
5584,31.0,10.0,28.0,14.0
5585,31.0,10.0,32.0,10.0
5586,31.0,10.0,28.0,14.0
5587,31.0,10.0,28.0,14.0
5588,31.0,10.0,32.0,10.0
5589,31.0,10.0,26.0,12.0
5590,31.0,10.0,28.0,14.0
5591,31.0,10.0,31.0,10.0
5592,31.0,10.0,31.0,11.0
5593,31.0,10.0,31.0,10.0
5594,31.0,10.0,31.0,11.0
5595,31.0,10.0,31.0,10.0
5596,31.0,10.0,31.0,10.0
5597,31.0,10.0,28.0,14.0
5598,31.0,10.0,31.0,11.0
5599,31.0,10.0,31.0,11.0
5600,31.0,10.0,28.0,14.0
5601,31.0,10.0,32.0,10.0
5602,31.0,10.0,31.0,11.0
5603,31.0,10.0,31.0,10.0
5604,31.0,10.0,28.0,14.0
5605,31.0,10.0,30.0,13.0
5606,31.0,10.0,31.0,10.0
5607,31.0,10.0,26.0,12.0
5608,31.0,10.0,31.0,10.0
5609,31.0,10.0,28.0,14.0
5610,31.0,10.0,31.0,10.0
5611,31.0,10.0,31.0,10.0
5612,31.0,10.0,31.0,10.0
5613,31.0,10.0,31.0,10.0
5614,31.0,10.0,31.0,10.0
5615,31.0,10.0,32.0,10.0
5616,31.0,10.0,28.0,14.0
5617,31.0,10.0,31.0,10.0
5618,31.0,10.0,27.0,17.0
5619,31.0,10.0,26.0,12.0
5620,31.0,10.0,28.0,14.0
5621,31.0,10.0,31.0,11.0
5622,31.0,10.0,31.0,10.0
5623,31.0,10.0,31.0,10.0
5624,31.0,10.0,30.0,13.0
5625,31.0,10.0,28.0,14.0
5626,31.0,10.0,28.0,14.0
5627,31.0,10.0,31.0,11.0
5628,31.0,10.0,32.0,10.0
5629,31.0,10.0,26.0,12.0
5630,31.0,10.0,28.0,14.0
5631,31.0,10.0,26.0,12.0
5632,31.0,10.0,27.0,17.0
5633,31.0,10.0,26.0,12.0
5634,31.0,10.0,26.0,12.0
5635,31.0,10.0,31.0,10.0
5636,31.0,10.0,31.0,10.0
5637,31.0,10.0,30.0,13.0
5638,31.0,10.0,31.0,10.0
5639,31.0,10.0,30.0,13.0
5640,31.0,10.0,30.0,13.0
5641,31.0,10.0,30.0,13.0
5642,31.0,10.0,27.0,17.0
5643,31.0,10.0,30.0,13.0
5644,31.0,10.0,31.0,11.0
5645,31.0,10.0,30.0,13.0
5646,31.0,10.0,27.0,17.0
5647,31.0,10.0,31.0,10.0
5648,31.0,10.0,26.0,12.0
5649,31.0,10.0,31.0,10.0
5650,31.0,10.0,30.0,13.0
5651,31.0,10.0,27.0,17.0
5652,31.0,10.0,32.0,10.0
5653,31.0,10.0,31.0,11.0
5654,31.0,10.0,26.0,12.0
5655,31.0,10.0,28.0,14.0
5656,31.0,10.0,31.0,10.0
5657,31.0,10.0,31.0,10.0
5658,31.0,10.0,31.0,11.0
5659,31.0,10.0,31.0,10.0
5660,31.0,10.0,31.0,10.0
5661,31.0,10.0,31.0,11.0
5662,31.0,10.0,32.0,10.0
5663,31.0,10.0,31.0,10.0
5664,31.0,10.0,27.0,17.0
5665,31.0,10.0,31.0,10.0
5666,31.0,10.0,28.0,14.0
5667,31.0,10.0,30.0,13.0
5668,31.0,10.0,30.0,13.0
5669,31.0,10.0,26.0,12.0
5670,31.0,10.0,27.0,17.0
5671,31.0,10.0,30.0,13.0
5672,31.0,10.0,30.0,13.0
5673,31.0,10.0,27.0,17.0
5674,31.0,10.0,32.0,10.0
5675,31.0,10.0,31.0,11.0
5676,31.0,10.0,31.0,10.0
5677,31.0,10.0,31.0,10.0
5678,31.0,10.0,26.0,12.0
5679,31.0,10.0,31.0,10.0
5680,31.0,10.0,30.0,13.0
5681,31.0,10.0,31.0,10.0
5682,31.0,10.0,31.0,11.0
5683,31.0,10.0,27.0,17.0
5684,31.0,10.0,27.0,17.0
5685,31.0,10.0,28.0,14.0
5686,31.0,10.0,27.0,17.0
5687,31.0,10.0,32.0,10.0
5688,31.0,10.0,31.0,10.0
5689,31.0,10.0,31.0,10.0
5690,31.0,10.0,31.0,10.0
5691,31.0,10.0,32.0,10.0
5692,31.0,10.0,31.0,11.0
5693,31.0,10.0,28.0,14.0
5694,31.0,10.0,31.0,11.0
5695,31.0,10.0,26.0,12.0
5696,31.0,10.0,31.0,10.0
5697,31.0,10.0,31.0,11.0
5698,31.0,10.0,31.0,11.0
5699,31.0,10.0,26.0,12.0
5700,31.0,10.0,31.0,11.0
5701,31.0,10.0,32.0,10.0
5702,31.0,10.0,26.0,12.0
5703,31.0,10.0,28.0,14.0
5704,31.0,10.0,31.0,10.0
5705,31.0,10.0,28.0,14.0
5706,31.0,10.0,31.0,10.0
5707,31.0,10.0,27.0,17.0
5708,31.0,10.0,32.0,10.0
5709,31.0,10.0,28.0,14.0
5710,31.0,10.0,28.0,14.0
5711,31.0,10.0,27.0,17.0
5712,31.0,10.0,30.0,13.0
5713,31.0,10.0,26.0,12.0
5714,31.0,10.0,30.0,13.0
5715,31.0,10.0,31.0,11.0
5716,31.0,10.0,31.0,10.0
5717,31.0,10.0,31.0,10.0
5718,31.0,10.0,27.0,17.0
5719,31.0,10.0,27.0,17.0
5720,31.0,10.0,31.0,10.0
5721,31.0,10.0,32.0,10.0
5722,31.0,10.0,27.0,17.0
5723,31.0,10.0,32.0,10.0
5724,31.0,10.0,31.0,11.0
5725,31.0,10.0,32.0,10.0
5726,31.0,10.0,31.0,10.0
5727,31.0,10.0,31.0,10.0
5728,31.0,10.0,28.0,14.0
5729,31.0,10.0,31.0,10.0
5730,31.0,10.0,32.0,10.0
5731,31.0,10.0,26.0,12.0
5732,31.0,10.0,28.0,14.0
5733,31.0,10.0,26.0,12.0
5734,31.0,10.0,31.0,10.0
5735,31.0,10.0,31.0,11.0
5736,31.0,10.0,31.0,10.0
5737,31.0,10.0,31.0,10.0
5738,31.0,10.0,27.0,17.0
5739,31.0,10.0,30.0,13.0
5740,31.0,10.0,26.0,12.0
5741,31.0,10.0,27.0,17.0
5742,31.0,10.0,26.0,12.0
5743,31.0,10.0,26.0,12.0
5744,31.0,10.0,26.0,12.0
5745,31.0,10.0,30.0,13.0
5746,31.0,10.0,30.0,13.0
5747,31.0,10.0,32.0,10.0
5748,31.0,10.0,30.0,13.0
5749,31.0,10.0,30.0,13.0
5750,31.0,10.0,32.0,10.0
5751,31.0,10.0,31.0,10.0
5752,31.0,10.0,31.0,11.0
5753,31.0,10.0,26.0,12.0
5754,31.0,10.0,31.0,10.0
5755,31.0,10.0,31.0,10.0
5756,31.0,10.0,31.0,10.0
5757,31.0,10.0,31.0,10.0
5758,31.0,10.0,32.0,10.0
5759,31.0,10.0,30.0,13.0
5760,31.0,10.0,31.0,11.0
5761,31.0,10.0,30.0,13.0
5762,31.0,10.0,28.0,14.0
5763,31.0,10.0,31.0,10.0
5764,31.0,10.0,28.0,14.0
5765,31.0,10.0,31.0,10.0
5766,31.0,10.0,27.0,17.0
5767,31.0,10.0,32.0,10.0
5768,31.0,10.0,31.0,11.0
5769,31.0,10.0,28.0,14.0
5770,31.0,10.0,31.0,10.0
5771,31.0,10.0,31.0,10.0
5772,31.0,10.0,31.0,10.0
5773,31.0,10.0,31.0,11.0
5774,31.0,10.0,31.0,10.0
5775,31.0,10.0,26.0,12.0
5776,31.0,10.0,31.0,11.0
5777,31.0,10.0,32.0,10.0
5778,31.0,10.0,31.0,10.0
5779,31.0,10.0,28.0,14.0
5780,31.0,10.0,32.0,10.0
5781,31.0,10.0,32.0,10.0
5782,31.0,10.0,30.0,13.0
5783,31.0,10.0,31.0,10.0
5784,31.0,10.0,30.0,13.0
5785,31.0,10.0,27.0,17.0
5786,31.0,10.0,28.0,14.0
5787,31.0,10.0,32.0,10.0
5788,31.0,10.0,27.0,17.0
5789,31.0,10.0,28.0,14.0
5790,31.0,10.0,31.0,10.0
5791,31.0,10.0,31.0,10.0
5792,31.0,10.0,27.0,17.0
5793,31.0,10.0,28.0,14.0
5794,31.0,10.0,27.0,17.0
5795,31.0,10.0,28.0,14.0
5796,31.0,10.0,28.0,14.0
5797,31.0,10.0,28.0,14.0
5798,31.0,10.0,32.0,10.0
5799,31.0,10.0,31.0,10.0
5800,31.0,10.0,27.0,17.0
5801,31.0,10.0,31.0,10.0
5802,31.0,10.0,26.0,12.0
5803,31.0,10.0,31.0,10.0
5804,31.0,10.0,31.0,10.0
5805,31.0,10.0,31.0,10.0
5806,31.0,10.0,27.0,17.0
5807,31.0,10.0,31.0,11.0
5808,31.0,10.0,31.0,10.0
5809,31.0,10.0,28.0,14.0
5810,31.0,10.0,31.0,10.0
5811,31.0,10.0,28.0,14.0
5812,31.0,10.0,30.0,13.0
5813,31.0,10.0,31.0,10.0
5814,31.0,10.0,32.0,10.0
5815,31.0,10.0,32.0,10.0
5816,31.0,10.0,28.0,14.0
5817,31.0,10.0,26.0,12.0
5818,31.0,10.0,31.0,10.0
5819,31.0,10.0,31.0,10.0
5820,31.0,10.0,28.0,14.0
5821,31.0,10.0,28.0,14.0
5822,31.0,10.0,31.0,10.0
5823,31.0,10.0,31.0,11.0
5824,31.0,10.0,26.0,12.0
5825,31.0,10.0,26.0,12.0
5826,31.0,10.0,30.0,13.0
5827,31.0,10.0,27.0,17.0
5828,31.0,10.0,27.0,17.0
5829,31.0,10.0,31.0,10.0
5830,31.0,10.0,28.0,14.0
5831,31.0,10.0,31.0,10.0
5832,31.0,10.0,26.0,12.0
5833,31.0,10.0,27.0,17.0
5834,31.0,10.0,31.0,10.0
5835,31.0,10.0,31.0,10.0
5836,31.0,10.0,31.0,10.0
5837,31.0,10.0,26.0,12.0
5838,31.0,10.0,30.0,13.0
5839,31.0,10.0,27.0,17.0
5840,31.0,10.0,27.0,17.0
5841,31.0,10.0,30.0,13.0
5842,31.0,10.0,31.0,10.0
5843,31.0,10.0,31.0,11.0
5844,31.0,10.0,32.0,10.0
5845,31.0,10.0,31.0,11.0
5846,31.0,10.0,30.0,13.0
5847,31.0,10.0,30.0,13.0
5848,31.0,10.0,30.0,13.0
5849,31.0,10.0,31.0,11.0
5850,31.0,10.0,28.0,14.0
5851,31.0,10.0,30.0,13.0
5852,31.0,10.0,31.0,10.0
5853,31.0,10.0,28.0,14.0
5854,31.0,10.0,28.0,14.0
5855,31.0,10.0,30.0,13.0
5856,31.0,10.0,28.0,14.0
5857,31.0,10.0,31.0,10.0
5858,31.0,10.0,27.0,17.0
5859,31.0,10.0,31.0,11.0
5860,31.0,10.0,31.0,10.0
5861,31.0,10.0,31.0,10.0
5862,31.0,10.0,30.0,13.0
5863,31.0,10.0,30.0,13.0
5864,31.0,10.0,30.0,13.0
5865,31.0,10.0,31.0,11.0
5866,31.0,10.0,31.0,11.0
5867,31.0,10.0,31.0,11.0
5868,31.0,10.0,27.0,17.0
5869,31.0,10.0,32.0,10.0
5870,31.0,10.0,31.0,10.0
5871,31.0,10.0,31.0,10.0
5872,31.0,10.0,31.0,10.0
5873,31.0,10.0,31.0,10.0
5874,31.0,10.0,32.0,10.0
5875,31.0,10.0,31.0,10.0
5876,31.0,10.0,31.0,10.0
5877,31.0,10.0,31.0,10.0
5878,31.0,10.0,32.0,10.0
5879,31.0,10.0,26.0,12.0
5880,31.0,10.0,31.0,10.0
5881,31.0,10.0,26.0,12.0
5882,31.0,10.0,26.0,12.0
5883,31.0,10.0,28.0,14.0
5884,31.0,10.0,28.0,14.0
5885,31.0,10.0,28.0,14.0
5886,31.0,10.0,26.0,12.0
5887,31.0,10.0,27.0,17.0
5888,31.0,10.0,31.0,11.0
5889,31.0,10.0,27.0,17.0
5890,31.0,10.0,30.0,13.0
5891,31.0,10.0,32.0,10.0
5892,31.0,10.0,26.0,12.0
5893,31.0,10.0,32.0,10.0
5894,31.0,10.0,27.0,17.0
5895,31.0,10.0,31.0,10.0
5896,31.0,10.0,28.0,14.0
5897,31.0,10.0,30.0,13.0
5898,31.0,10.0,27.0,17.0
5899,31.0,10.0,31.0,10.0
5900,31.0,10.0,31.0,10.0
5901,31.0,10.0,27.0,17.0
5902,31.0,10.0,31.0,11.0
5903,31.0,10.0,31.0,10.0
5904,31.0,10.0,31.0,11.0
5905,31.0,10.0,32.0,10.0
5906,31.0,10.0,26.0,12.0
5907,31.0,10.0,31.0,10.0
5908,31.0,10.0,31.0,10.0
5909,31.0,10.0,28.0,14.0
5910,31.0,10.0,32.0,10.0
5911,31.0,10.0,31.0,10.0
5912,31.0,10.0,31.0,10.0
5913,31.0,10.0,30.0,13.0
5914,31.0,10.0,27.0,17.0
5915,31.0,10.0,30.0,13.0
5916,31.0,10.0,31.0,11.0
5917,31.0,10.0,27.0,17.0
5918,31.0,10.0,30.0,13.0
5919,31.0,10.0,31.0,10.0
5920,31.0,10.0,32.0,10.0
5921,31.0,10.0,26.0,12.0
5922,31.0,10.0,30.0,13.0
5923,31.0,10.0,27.0,17.0
5924,31.0,10.0,30.0,13.0
5925,31.0,10.0,26.0,12.0
5926,31.0,10.0,30.0,13.0
5927,31.0,10.0,31.0,10.0
5928,31.0,10.0,31.0,10.0
5929,31.0,10.0,31.0,10.0
5930,31.0,10.0,32.0,10.0
5931,31.0,10.0,31.0,10.0
5932,31.0,10.0,31.0,10.0
5933,31.0,10.0,32.0,10.0
5934,31.0,10.0,32.0,10.0
5935,31.0,10.0,31.0,10.0
5936,31.0,10.0,31.0,10.0
5937,31.0,10.0,30.0,13.0
5938,31.0,10.0,32.0,10.0
5939,31.0,10.0,31.0,11.0
5940,31.0,10.0,30.0,13.0
5941,31.0,10.0,26.0,12.0
5942,31.0,10.0,31.0,10.0
5943,31.0,10.0,27.0,17.0
5944,31.0,10.0,27.0,17.0
5945,31.0,10.0,31.0,10.0
5946,31.0,10.0,28.0,14.0
5947,31.0,10.0,31.0,10.0
5948,31.0,10.0,28.0,14.0
5949,31.0,10.0,30.0,13.0
5950,31.0,10.0,27.0,17.0
5951,31.0,10.0,28.0,14.0
5952,31.0,10.0,30.0,13.0
5953,31.0,10.0,31.0,11.0
5954,31.0,10.0,31.0,10.0
5955,31.0,10.0,26.0,12.0
5956,31.0,10.0,31.0,10.0
5957,31.0,10.0,30.0,13.0
5958,31.0,10.0,31.0,10.0
5959,31.0,10.0,27.0,17.0
5960,31.0,10.0,32.0,10.0
5961,31.0,10.0,28.0,14.0
5962,31.0,10.0,26.0,12.0
5963,31.0,10.0,28.0,14.0
5964,31.0,10.0,31.0,10.0
5965,31.0,10.0,27.0,17.0
5966,31.0,10.0,30.0,13.0
5967,31.0,10.0,26.0,12.0
5968,31.0,10.0,31.0,10.0
5969,31.0,10.0,28.0,14.0
5970,31.0,10.0,27.0,17.0
5971,31.0,10.0,31.0,11.0
5972,31.0,10.0,32.0,10.0
5973,31.0,10.0,30.0,13.0
5974,31.0,10.0,28.0,14.0
5975,31.0,10.0,27.0,17.0
5976,31.0,10.0,31.0,10.0
5977,31.0,10.0,32.0,10.0
5978,31.0,10.0,28.0,14.0
5979,31.0,10.0,27.0,17.0
5980,31.0,10.0,31.0,10.0
5981,31.0,10.0,28.0,14.0
5982,31.0,10.0,30.0,13.0
5983,31.0,10.0,31.0,10.0
5984,31.0,10.0,28.0,14.0
5985,31.0,10.0,31.0,11.0
5986,31.0,10.0,26.0,12.0
5987,31.0,10.0,30.0,13.0
5988,31.0,10.0,26.0,12.0
5989,31.0,10.0,32.0,10.0
5990,31.0,10.0,31.0,10.0
5991,31.0,10.0,30.0,13.0
5992,31.0,10.0,31.0,10.0
5993,31.0,10.0,28.0,14.0
5994,31.0,10.0,32.0,10.0
5995,31.0,10.0,27.0,17.0
5996,31.0,10.0,31.0,10.0
5997,31.0,10.0,32.0,10.0
5998,31.0,10.0,26.0,12.0
5999,31.0,10.0,28.0,14.0
6000,31.0,10.0,31.0,11.0
6001,31.0,10.0,31.0,10.0
6002,31.0,10.0,26.0,12.0
6003,31.0,10.0,31.0,10.0
6004,31.0,10.0,28.0,14.0
6005,31.0,10.0,30.0,13.0
6006,31.0,10.0,28.0,14.0
6007,31.0,10.0,31.0,10.0
6008,31.0,10.0,30.0,13.0
6009,31.0,10.0,31.0,11.0
6010,31.0,10.0,27.0,17.0
6011,31.0,10.0,31.0,11.0
6012,31.0,10.0,31.0,10.0
6013,31.0,10.0,31.0,10.0
6014,31.0,10.0,30.0,13.0
6015,31.0,10.0,26.0,12.0
6016,31.0,10.0,31.0,10.0
6017,31.0,10.0,30.0,13.0
6018,31.0,10.0,31.0,11.0
6019,31.0,10.0,27.0,17.0
6020,31.0,10.0,27.0,17.0
6021,31.0,10.0,30.0,13.0
6022,31.0,10.0,26.0,12.0
6023,31.0,10.0,26.0,12.0
6024,31.0,10.0,31.0,10.0
6025,31.0,10.0,31.0,11.0
6026,31.0,10.0,31.0,10.0
6027,31.0,10.0,27.0,17.0
6028,31.0,10.0,31.0,10.0
6029,31.0,10.0,27.0,17.0
6030,31.0,10.0,26.0,12.0
6031,31.0,10.0,27.0,17.0
6032,31.0,10.0,31.0,10.0
6033,31.0,10.0,28.0,14.0
6034,31.0,10.0,31.0,10.0
6035,31.0,10.0,26.0,12.0
6036,31.0,10.0,31.0,10.0
6037,31.0,10.0,31.0,10.0
6038,31.0,10.0,31.0,10.0
6039,31.0,10.0,31.0,10.0
6040,31.0,10.0,31.0,11.0
6041,31.0,10.0,26.0,12.0
6042,31.0,10.0,31.0,10.0
6043,31.0,10.0,31.0,10.0
6044,31.0,10.0,32.0,10.0
6045,31.0,10.0,31.0,10.0
6046,31.0,10.0,26.0,12.0
6047,31.0,10.0,32.0,10.0
6048,31.0,10.0,32.0,10.0
6049,31.0,10.0,28.0,14.0
6050,31.0,10.0,27.0,17.0
6051,31.0,10.0,26.0,12.0
6052,31.0,10.0,28.0,14.0
6053,31.0,10.0,27.0,17.0
6054,31.0,10.0,31.0,10.0
6055,31.0,10.0,31.0,10.0
6056,31.0,10.0,26.0,12.0
6057,31.0,10.0,32.0,10.0
6058,31.0,10.0,31.0,10.0
6059,31.0,10.0,27.0,17.0
6060,31.0,10.0,31.0,10.0
6061,31.0,10.0,28.0,14.0
6062,31.0,10.0,30.0,13.0
6063,31.0,10.0,27.0,17.0
6064,31.0,10.0,28.0,14.0
6065,31.0,10.0,31.0,10.0
6066,31.0,10.0,32.0,10.0
6067,31.0,10.0,32.0,10.0
6068,31.0,10.0,30.0,13.0
6069,31.0,10.0,26.0,12.0
6070,31.0,10.0,26.0,12.0
6071,31.0,10.0,30.0,13.0
6072,31.0,10.0,28.0,14.0
6073,31.0,10.0,31.0,10.0
6074,31.0,10.0,26.0,12.0
6075,31.0,10.0,31.0,10.0
6076,31.0,10.0,32.0,10.0
6077,31.0,10.0,31.0,10.0
6078,31.0,10.0,27.0,17.0
6079,31.0,10.0,31.0,10.0
6080,31.0,10.0,31.0,10.0
6081,31.0,10.0,31.0,11.0
6082,31.0,10.0,28.0,14.0
6083,31.0,10.0,32.0,10.0
6084,31.0,10.0,31.0,10.0
6085,31.0,10.0,26.0,12.0
6086,31.0,10.0,31.0,11.0
6087,31.0,10.0,32.0,10.0
6088,31.0,10.0,31.0,11.0
6089,31.0,10.0,26.0,12.0
6090,31.0,10.0,26.0,12.0
6091,31.0,10.0,31.0,10.0
6092,31.0,10.0,31.0,10.0
6093,31.0,10.0,31.0,10.0
6094,31.0,10.0,31.0,10.0
6095,31.0,10.0,28.0,14.0
6096,31.0,10.0,31.0,11.0
6097,31.0,10.0,31.0,10.0
6098,31.0,10.0,31.0,10.0
6099,31.0,10.0,28.0,14.0
6100,31.0,10.0,30.0,13.0
6101,31.0,10.0,27.0,17.0
6102,31.0,10.0,31.0,10.0
6103,31.0,10.0,31.0,10.0
6104,31.0,10.0,31.0,10.0
6105,31.0,10.0,30.0,13.0
6106,31.0,10.0,28.0,14.0
6107,31.0,10.0,31.0,10.0
6108,31.0,10.0,31.0,10.0
6109,31.0,10.0,31.0,10.0
6110,31.0,10.0,31.0,11.0
6111,31.0,10.0,32.0,10.0
6112,31.0,10.0,31.0,10.0
6113,31.0,10.0,31.0,11.0
6114,31.0,10.0,31.0,10.0
6115,31.0,10.0,31.0,11.0
6116,31.0,10.0,26.0,12.0
6117,31.0,10.0,31.0,11.0
6118,31.0,10.0,31.0,10.0
6119,31.0,10.0,27.0,17.0
6120,31.0,10.0,31.0,11.0
6121,31.0,10.0,30.0,13.0
6122,31.0,10.0,28.0,14.0
6123,31.0,10.0,31.0,11.0
6124,31.0,10.0,31.0,10.0
6125,31.0,10.0,30.0,13.0
6126,31.0,10.0,30.0,13.0
6127,31.0,10.0,28.0,14.0
6128,31.0,10.0,27.0,17.0
6129,31.0,10.0,31.0,10.0
6130,31.0,10.0,26.0,12.0
6131,31.0,10.0,27.0,17.0
6132,31.0,10.0,31.0,10.0
6133,31.0,10.0,27.0,17.0
6134,31.0,10.0,32.0,10.0
6135,31.0,10.0,30.0,13.0
6136,31.0,10.0,26.0,12.0
6137,31.0,10.0,28.0,14.0
6138,31.0,10.0,31.0,10.0
6139,31.0,10.0,31.0,10.0
6140,31.0,10.0,31.0,10.0
6141,31.0,10.0,32.0,10.0
6142,31.0,10.0,31.0,10.0
6143,31.0,10.0,27.0,17.0
6144,31.0,10.0,26.0,12.0
6145,31.0,10.0,27.0,17.0
6146,31.0,10.0,27.0,17.0
6147,31.0,10.0,31.0,11.0
6148,31.0,10.0,27.0,17.0
6149,31.0,10.0,27.0,17.0
6150,31.0,10.0,31.0,11.0
6151,31.0,10.0,31.0,10.0
6152,31.0,10.0,26.0,12.0
6153,31.0,10.0,31.0,10.0
6154,31.0,10.0,31.0,11.0
6155,31.0,10.0,26.0,12.0
6156,31.0,10.0,31.0,10.0
6157,31.0,10.0,30.0,13.0
6158,31.0,10.0,28.0,14.0
6159,31.0,10.0,31.0,10.0
6160,31.0,10.0,26.0,12.0
6161,31.0,10.0,31.0,10.0
6162,31.0,10.0,32.0,10.0
6163,31.0,10.0,31.0,11.0
6164,31.0,10.0,31.0,11.0
6165,31.0,10.0,31.0,10.0
6166,31.0,10.0,31.0,10.0
6167,31.0,10.0,27.0,17.0
6168,31.0,10.0,31.0,10.0
6169,31.0,10.0,31.0,11.0
6170,31.0,10.0,31.0,10.0
6171,31.0,10.0,31.0,11.0
6172,31.0,10.0,27.0,17.0
6173,31.0,10.0,31.0,11.0
6174,31.0,10.0,30.0,13.0
6175,31.0,10.0,31.0,10.0
6176,31.0,10.0,32.0,10.0
6177,31.0,10.0,31.0,10.0
6178,31.0,10.0,30.0,13.0
6179,31.0,10.0,31.0,11.0
6180,31.0,10.0,27.0,17.0
6181,31.0,10.0,28.0,14.0
6182,31.0,10.0,28.0,14.0
6183,31.0,10.0,27.0,17.0
6184,31.0,10.0,31.0,10.0
6185,31.0,10.0,30.0,13.0
6186,31.0,10.0,30.0,13.0
6187,31.0,10.0,31.0,10.0
6188,31.0,10.0,31.0,10.0
6189,31.0,10.0,28.0,14.0
6190,31.0,10.0,31.0,10.0
6191,31.0,10.0,31.0,10.0
6192,31.0,10.0,31.0,11.0
6193,31.0,10.0,31.0,10.0
6194,31.0,10.0,31.0,11.0
6195,31.0,10.0,28.0,14.0
6196,31.0,10.0,32.0,10.0
6197,31.0,10.0,31.0,11.0
6198,31.0,10.0,27.0,17.0
6199,31.0,10.0,32.0,10.0
6200,31.0,10.0,32.0,10.0
6201,31.0,10.0,31.0,11.0
6202,31.0,10.0,31.0,10.0
6203,31.0,10.0,26.0,12.0
6204,31.0,10.0,31.0,10.0
6205,31.0,10.0,28.0,14.0
6206,31.0,10.0,31.0,11.0
6207,31.0,10.0,31.0,10.0
6208,31.0,10.0,31.0,10.0
6209,31.0,10.0,27.0,17.0
6210,31.0,10.0,31.0,10.0
6211,31.0,10.0,31.0,11.0
6212,31.0,10.0,31.0,10.0
6213,31.0,10.0,32.0,10.0
6214,31.0,10.0,32.0,10.0
6215,31.0,10.0,32.0,10.0
6216,31.0,10.0,32.0,10.0
6217,31.0,10.0,30.0,13.0
6218,31.0,10.0,31.0,10.0
6219,31.0,10.0,26.0,12.0
6220,31.0,10.0,28.0,14.0
6221,31.0,10.0,26.0,12.0
6222,31.0,10.0,31.0,10.0
6223,31.0,10.0,31.0,10.0
6224,31.0,10.0,31.0,10.0
6225,31.0,10.0,28.0,14.0
6226,31.0,10.0,32.0,10.0
6227,31.0,10.0,26.0,12.0
6228,31.0,10.0,31.0,10.0
6229,31.0,10.0,26.0,12.0
6230,31.0,10.0,27.0,17.0
6231,31.0,10.0,30.0,13.0
6232,31.0,10.0,26.0,12.0
6233,31.0,10.0,31.0,11.0
6234,31.0,10.0,30.0,13.0
6235,31.0,10.0,31.0,10.0
6236,31.0,10.0,31.0,10.0
6237,31.0,10.0,31.0,10.0
6238,31.0,10.0,32.0,10.0
6239,31.0,10.0,27.0,17.0
6240,31.0,10.0,32.0,10.0
6241,31.0,10.0,27.0,17.0
6242,31.0,10.0,31.0,10.0
6243,31.0,10.0,32.0,10.0
6244,31.0,10.0,32.0,10.0
6245,31.0,10.0,31.0,11.0
6246,31.0,10.0,30.0,13.0
6247,31.0,10.0,31.0,10.0
6248,31.0,10.0,32.0,10.0
6249,31.0,10.0,30.0,13.0
6250,31.0,10.0,31.0,10.0
6251,31.0,10.0,28.0,14.0
6252,31.0,10.0,28.0,14.0
6253,31.0,10.0,30.0,13.0
6254,31.0,10.0,31.0,10.0
6255,31.0,10.0,31.0,10.0
6256,31.0,10.0,26.0,12.0
6257,31.0,10.0,28.0,14.0
6258,31.0,10.0,32.0,10.0
6259,31.0,10.0,28.0,14.0
6260,31.0,10.0,31.0,10.0
6261,31.0,10.0,28.0,14.0
6262,31.0,10.0,32.0,10.0
6263,31.0,10.0,32.0,10.0
6264,31.0,10.0,30.0,13.0
6265,31.0,10.0,28.0,14.0
6266,31.0,10.0,32.0,10.0
6267,31.0,10.0,31.0,10.0
6268,31.0,10.0,28.0,14.0
6269,31.0,10.0,31.0,11.0
6270,31.0,10.0,31.0,11.0
6271,31.0,10.0,32.0,10.0
6272,31.0,10.0,26.0,12.0
6273,31.0,10.0,31.0,10.0
6274,31.0,10.0,27.0,17.0
6275,31.0,10.0,30.0,13.0
6276,31.0,10.0,31.0,10.0
6277,31.0,10.0,32.0,10.0
6278,31.0,10.0,28.0,14.0
6279,31.0,10.0,31.0,11.0
6280,31.0,10.0,31.0,11.0
6281,31.0,10.0,30.0,13.0
6282,31.0,10.0,32.0,10.0
6283,31.0,10.0,31.0,10.0
6284,31.0,10.0,31.0,11.0
6285,31.0,10.0,28.0,14.0
6286,31.0,10.0,30.0,13.0
6287,31.0,10.0,31.0,10.0
6288,31.0,10.0,26.0,12.0
6289,31.0,10.0,31.0,10.0
6290,31.0,10.0,31.0,10.0
6291,31.0,10.0,30.0,13.0
6292,31.0,10.0,28.0,14.0
6293,31.0,10.0,27.0,17.0
6294,31.0,10.0,27.0,17.0
6295,31.0,10.0,30.0,13.0
6296,31.0,10.0,30.0,13.0
6297,31.0,10.0,28.0,14.0
6298,31.0,10.0,31.0,11.0
6299,31.0,10.0,30.0,13.0
6300,31.0,10.0,31.0,11.0
6301,31.0,10.0,27.0,17.0
6302,31.0,10.0,28.0,14.0
6303,31.0,10.0,31.0,11.0
6304,31.0,10.0,27.0,17.0
6305,31.0,10.0,27.0,17.0
6306,31.0,10.0,30.0,13.0
6307,31.0,10.0,31.0,10.0
6308,31.0,10.0,31.0,10.0
6309,31.0,10.0,27.0,17.0
6310,31.0,10.0,32.0,10.0
6311,31.0,10.0,28.0,14.0
6312,31.0,10.0,31.0,10.0
6313,31.0,10.0,31.0,10.0
6314,31.0,10.0,30.0,13.0
6315,31.0,10.0,31.0,10.0
6316,31.0,10.0,30.0,13.0
6317,31.0,10.0,27.0,17.0
6318,31.0,10.0,26.0,12.0
6319,31.0,10.0,28.0,14.0
6320,31.0,10.0,26.0,12.0
6321,31.0,10.0,26.0,12.0
6322,31.0,10.0,28.0,14.0
6323,31.0,10.0,32.0,10.0
6324,31.0,10.0,27.0,17.0
6325,31.0,10.0,32.0,10.0
6326,31.0,10.0,26.0,12.0
6327,31.0,10.0,31.0,10.0
6328,31.0,10.0,28.0,14.0
6329,31.0,10.0,28.0,14.0
6330,31.0,10.0,31.0,10.0
6331,31.0,10.0,31.0,11.0
6332,31.0,10.0,31.0,11.0
6333,31.0,10.0,28.0,14.0
6334,31.0,10.0,31.0,11.0
6335,31.0,10.0,27.0,17.0
6336,31.0,10.0,31.0,10.0
6337,31.0,10.0,30.0,13.0
6338,31.0,10.0,28.0,14.0
6339,31.0,10.0,31.0,10.0
6340,31.0,10.0,27.0,17.0
6341,31.0,10.0,30.0,13.0
6342,31.0,10.0,31.0,10.0
6343,31.0,10.0,27.0,17.0
6344,31.0,10.0,31.0,11.0
6345,31.0,10.0,30.0,13.0
6346,31.0,10.0,32.0,10.0
6347,31.0,10.0,31.0,10.0
6348,31.0,10.0,27.0,17.0
6349,31.0,10.0,31.0,10.0
6350,31.0,10.0,27.0,17.0
6351,31.0,10.0,27.0,17.0
6352,31.0,10.0,31.0,10.0
6353,31.0,10.0,31.0,11.0
6354,31.0,10.0,30.0,13.0
6355,31.0,10.0,26.0,12.0
6356,31.0,10.0,32.0,10.0
6357,31.0,10.0,27.0,17.0
6358,31.0,10.0,31.0,11.0
6359,31.0,10.0,28.0,14.0
6360,31.0,10.0,26.0,12.0
6361,31.0,10.0,26.0,12.0
6362,31.0,10.0,27.0,17.0
6363,31.0,10.0,32.0,10.0
6364,31.0,10.0,26.0,12.0
6365,31.0,10.0,31.0,11.0
6366,31.0,10.0,31.0,10.0
6367,31.0,10.0,32.0,10.0
6368,31.0,10.0,31.0,10.0
6369,31.0,10.0,26.0,12.0
6370,31.0,10.0,26.0,12.0
6371,31.0,10.0,26.0,12.0
6372,31.0,10.0,31.0,10.0
6373,31.0,10.0,32.0,10.0
6374,31.0,10.0,32.0,10.0
6375,31.0,10.0,31.0,10.0
6376,31.0,10.0,31.0,11.0
6377,31.0,10.0,27.0,17.0
6378,31.0,10.0,32.0,10.0
6379,31.0,10.0,32.0,10.0
6380,31.0,10.0,31.0,10.0
6381,31.0,10.0,27.0,17.0
6382,31.0,10.0,27.0,17.0
6383,31.0,10.0,31.0,10.0
6384,31.0,10.0,32.0,10.0
6385,31.0,10.0,31.0,10.0
6386,31.0,10.0,26.0,12.0
6387,31.0,10.0,28.0,14.0
6388,31.0,10.0,27.0,17.0
6389,31.0,10.0,31.0,10.0
6390,31.0,10.0,27.0,17.0
6391,31.0,10.0,31.0,10.0
6392,31.0,10.0,26.0,12.0
6393,31.0,10.0,28.0,14.0
6394,31.0,10.0,30.0,13.0
6395,31.0,10.0,31.0,10.0
6396,31.0,10.0,31.0,10.0
6397,31.0,10.0,32.0,10.0
6398,31.0,10.0,27.0,17.0
6399,31.0,10.0,31.0,10.0
6400,31.0,10.0,30.0,13.0
6401,31.0,10.0,27.0,17.0
6402,31.0,10.0,31.0,10.0
6403,31.0,10.0,26.0,12.0
6404,31.0,10.0,28.0,14.0
6405,31.0,10.0,31.0,10.0
6406,31.0,10.0,26.0,12.0
6407,31.0,10.0,26.0,12.0
6408,31.0,10.0,32.0,10.0
6409,31.0,10.0,32.0,10.0
6410,31.0,10.0,27.0,17.0
6411,31.0,10.0,31.0,10.0
6412,31.0,10.0,26.0,12.0
6413,31.0,10.0,31.0,11.0
6414,31.0,10.0,31.0,10.0
6415,31.0,10.0,28.0,14.0
6416,31.0,10.0,31.0,10.0
6417,31.0,10.0,30.0,13.0
6418,31.0,10.0,28.0,14.0
6419,31.0,10.0,32.0,10.0
6420,31.0,10.0,31.0,10.0
6421,31.0,10.0,32.0,10.0
6422,31.0,10.0,27.0,17.0
6423,31.0,10.0,30.0,13.0
6424,31.0,10.0,32.0,10.0
6425,31.0,10.0,31.0,11.0
6426,31.0,10.0,31.0,11.0
6427,31.0,10.0,28.0,14.0
6428,31.0,10.0,30.0,13.0
6429,31.0,10.0,26.0,12.0
6430,31.0,10.0,31.0,10.0
6431,31.0,10.0,31.0,10.0
6432,31.0,10.0,30.0,13.0
6433,31.0,10.0,31.0,10.0
6434,31.0,10.0,32.0,10.0
6435,31.0,10.0,27.0,17.0
6436,31.0,10.0,28.0,14.0
6437,31.0,10.0,31.0,10.0
6438,31.0,10.0,32.0,10.0
6439,31.0,10.0,28.0,14.0
6440,31.0,10.0,31.0,10.0
6441,31.0,10.0,31.0,10.0
6442,31.0,10.0,31.0,10.0
6443,31.0,10.0,31.0,11.0
6444,31.0,10.0,31.0,10.0
6445,31.0,10.0,27.0,17.0
6446,31.0,10.0,27.0,17.0
6447,31.0,10.0,26.0,12.0
6448,31.0,10.0,32.0,10.0
6449,31.0,10.0,31.0,10.0
6450,31.0,10.0,31.0,10.0
6451,31.0,10.0,32.0,10.0
6452,31.0,10.0,31.0,11.0
6453,31.0,10.0,32.0,10.0
6454,31.0,10.0,26.0,12.0
6455,31.0,10.0,32.0,10.0
6456,31.0,10.0,31.0,11.0
6457,31.0,10.0,30.0,13.0
6458,31.0,10.0,32.0,10.0
6459,31.0,10.0,28.0,14.0
6460,31.0,10.0,26.0,12.0
6461,31.0,10.0,31.0,10.0
6462,31.0,10.0,28.0,14.0
6463,31.0,10.0,28.0,14.0
6464,31.0,10.0,31.0,11.0
6465,31.0,10.0,31.0,10.0
6466,31.0,10.0,28.0,14.0
6467,31.0,10.0,31.0,10.0
6468,31.0,10.0,31.0,10.0
6469,31.0,10.0,31.0,10.0
6470,31.0,10.0,26.0,12.0
6471,31.0,10.0,31.0,10.0
6472,31.0,10.0,27.0,17.0
6473,31.0,10.0,27.0,17.0
6474,31.0,10.0,27.0,17.0
6475,31.0,10.0,27.0,17.0
6476,31.0,10.0,30.0,13.0
6477,31.0,10.0,28.0,14.0
6478,31.0,10.0,31.0,10.0
6479,31.0,10.0,28.0,14.0
6480,31.0,10.0,31.0,10.0
6481,31.0,10.0,31.0,10.0
6482,31.0,10.0,31.0,10.0
6483,31.0,10.0,26.0,12.0
6484,31.0,10.0,30.0,13.0
6485,31.0,10.0,32.0,10.0
6486,31.0,10.0,27.0,17.0
6487,31.0,10.0,30.0,13.0
6488,31.0,10.0,31.0,10.0
6489,31.0,10.0,31.0,10.0
6490,31.0,10.0,28.0,14.0
6491,31.0,10.0,28.0,14.0
6492,31.0,10.0,30.0,13.0
6493,31.0,10.0,30.0,13.0
6494,31.0,10.0,31.0,10.0
6495,31.0,10.0,26.0,12.0
6496,31.0,10.0,32.0,10.0
6497,31.0,10.0,28.0,14.0
6498,31.0,10.0,30.0,13.0
6499,31.0,10.0,28.0,14.0
6500,31.0,10.0,31.0,10.0
6501,31.0,10.0,31.0,10.0
6502,31.0,10.0,31.0,11.0
6503,31.0,10.0,28.0,14.0
6504,31.0,10.0,31.0,10.0
6505,31.0,10.0,28.0,14.0
6506,31.0,10.0,31.0,10.0
6507,31.0,10.0,26.0,12.0
6508,31.0,10.0,31.0,10.0
6509,31.0,10.0,30.0,13.0
6510,31.0,10.0,31.0,10.0
6511,31.0,10.0,28.0,14.0
6512,31.0,10.0,32.0,10.0
6513,31.0,10.0,27.0,17.0
6514,31.0,10.0,26.0,12.0
6515,31.0,10.0,27.0,17.0
6516,31.0,10.0,27.0,17.0
6517,31.0,10.0,28.0,14.0
6518,31.0,10.0,31.0,10.0
6519,31.0,10.0,31.0,10.0
6520,31.0,10.0,32.0,10.0
6521,31.0,10.0,30.0,13.0
6522,31.0,10.0,28.0,14.0
6523,31.0,10.0,27.0,17.0
6524,31.0,10.0,31.0,11.0
6525,31.0,10.0,28.0,14.0
6526,31.0,10.0,32.0,10.0
6527,31.0,10.0,28.0,14.0
6528,31.0,10.0,30.0,13.0
6529,31.0,10.0,32.0,10.0
6530,31.0,10.0,32.0,10.0
6531,31.0,10.0,27.0,17.0
6532,31.0,10.0,26.0,12.0
6533,31.0,10.0,32.0,10.0
6534,31.0,10.0,31.0,10.0
6535,31.0,10.0,31.0,10.0
6536,31.0,10.0,32.0,10.0
6537,31.0,10.0,28.0,14.0
6538,31.0,10.0,31.0,10.0
6539,31.0,10.0,28.0,14.0
6540,31.0,10.0,31.0,11.0
6541,31.0,10.0,28.0,14.0
6542,31.0,10.0,32.0,10.0
6543,31.0,10.0,26.0,12.0
6544,31.0,10.0,32.0,10.0
6545,31.0,10.0,31.0,10.0
6546,31.0,10.0,31.0,11.0
6547,31.0,10.0,31.0,11.0
6548,31.0,10.0,31.0,10.0
6549,31.0,10.0,31.0,11.0
6550,31.0,10.0,32.0,10.0
6551,31.0,10.0,30.0,13.0
6552,31.0,10.0,27.0,17.0
6553,31.0,10.0,31.0,10.0
6554,31.0,10.0,28.0,14.0
6555,31.0,10.0,30.0,13.0
6556,31.0,10.0,31.0,10.0
6557,31.0,10.0,26.0,12.0
6558,31.0,10.0,31.0,10.0
6559,31.0,10.0,30.0,13.0
6560,31.0,10.0,31.0,10.0
6561,31.0,10.0,28.0,14.0
6562,31.0,10.0,31.0,11.0
6563,31.0,10.0,28.0,14.0
6564,31.0,10.0,30.0,13.0
6565,31.0,10.0,27.0,17.0
6566,31.0,10.0,32.0,10.0
6567,31.0,10.0,32.0,10.0
6568,31.0,10.0,31.0,10.0
6569,31.0,10.0,31.0,10.0
6570,31.0,10.0,27.0,17.0
6571,31.0,10.0,30.0,13.0
6572,31.0,10.0,26.0,12.0
6573,31.0,10.0,31.0,11.0
6574,31.0,10.0,31.0,11.0
6575,31.0,10.0,31.0,11.0
6576,31.0,10.0,26.0,12.0
6577,31.0,10.0,31.0,10.0
6578,31.0,10.0,30.0,13.0
6579,31.0,10.0,26.0,12.0
6580,31.0,10.0,31.0,10.0
6581,31.0,10.0,26.0,12.0
6582,31.0,10.0,31.0,11.0
6583,31.0,10.0,31.0,10.0
6584,31.0,10.0,30.0,13.0
6585,31.0,10.0,26.0,12.0
6586,31.0,10.0,26.0,12.0
6587,31.0,10.0,31.0,10.0
6588,31.0,10.0,28.0,14.0
6589,31.0,10.0,26.0,12.0
6590,31.0,10.0,31.0,10.0
6591,31.0,10.0,30.0,13.0
6592,31.0,10.0,30.0,13.0
6593,31.0,10.0,32.0,10.0
6594,31.0,10.0,26.0,12.0
6595,31.0,10.0,31.0,10.0
6596,31.0,10.0,31.0,10.0
6597,31.0,10.0,31.0,10.0
6598,31.0,10.0,31.0,10.0
6599,31.0,10.0,32.0,10.0
6600,31.0,10.0,31.0,11.0
6601,31.0,10.0,31.0,10.0
6602,31.0,10.0,28.0,14.0
6603,31.0,10.0,31.0,11.0
6604,31.0,10.0,28.0,14.0
6605,31.0,10.0,31.0,10.0
6606,31.0,10.0,31.0,10.0
6607,31.0,10.0,27.0,17.0
6608,31.0,10.0,31.0,11.0
6609,31.0,10.0,27.0,17.0
6610,31.0,10.0,31.0,10.0
6611,31.0,10.0,28.0,14.0
6612,31.0,10.0,30.0,13.0
6613,31.0,10.0,32.0,10.0
6614,31.0,10.0,28.0,14.0
6615,31.0,10.0,31.0,10.0
6616,31.0,10.0,31.0,10.0
6617,31.0,10.0,27.0,17.0
6618,31.0,10.0,31.0,10.0
6619,31.0,10.0,31.0,11.0
6620,31.0,10.0,31.0,10.0
6621,31.0,10.0,31.0,10.0
6622,31.0,10.0,30.0,13.0
6623,31.0,10.0,31.0,11.0
6624,31.0,10.0,31.0,11.0
6625,31.0,10.0,31.0,10.0
6626,31.0,10.0,28.0,14.0
6627,31.0,10.0,31.0,10.0
6628,31.0,10.0,31.0,10.0
6629,31.0,10.0,31.0,10.0
6630,31.0,10.0,30.0,13.0
6631,31.0,10.0,32.0,10.0
6632,31.0,10.0,31.0,10.0
6633,31.0,10.0,26.0,12.0
6634,31.0,10.0,32.0,10.0
6635,31.0,10.0,27.0,17.0
6636,31.0,10.0,31.0,10.0
6637,31.0,10.0,31.0,10.0
6638,31.0,10.0,32.0,10.0
6639,31.0,10.0,31.0,10.0
6640,31.0,10.0,26.0,12.0
6641,31.0,10.0,30.0,13.0
6642,31.0,10.0,26.0,12.0
6643,31.0,10.0,32.0,10.0
6644,31.0,10.0,31.0,10.0
6645,31.0,10.0,30.0,13.0
6646,31.0,10.0,27.0,17.0
6647,31.0,10.0,31.0,10.0
6648,31.0,10.0,27.0,17.0
6649,31.0,10.0,31.0,10.0
6650,31.0,10.0,26.0,12.0
6651,31.0,10.0,31.0,10.0
6652,31.0,10.0,28.0,14.0
6653,31.0,10.0,28.0,14.0
6654,31.0,10.0,30.0,13.0
6655,31.0,10.0,32.0,10.0
6656,31.0,10.0,31.0,10.0
6657,31.0,10.0,26.0,12.0
6658,31.0,10.0,30.0,13.0
6659,31.0,10.0,26.0,12.0
6660,31.0,10.0,31.0,11.0
6661,31.0,10.0,27.0,17.0
6662,31.0,10.0,31.0,10.0
6663,31.0,10.0,26.0,12.0
6664,31.0,10.0,32.0,10.0
6665,31.0,10.0,31.0,10.0
6666,31.0,10.0,31.0,10.0
6667,31.0,10.0,31.0,10.0
6668,31.0,10.0,32.0,10.0
6669,31.0,10.0,27.0,17.0
6670,31.0,10.0,31.0,11.0
6671,31.0,10.0,31.0,11.0
6672,31.0,10.0,27.0,17.0
6673,31.0,10.0,31.0,10.0
6674,31.0,10.0,27.0,17.0
6675,31.0,10.0,31.0,10.0
6676,31.0,10.0,31.0,11.0
6677,31.0,10.0,32.0,10.0
6678,31.0,10.0,31.0,11.0
6679,31.0,10.0,27.0,17.0
6680,31.0,10.0,32.0,10.0
6681,31.0,10.0,31.0,10.0
6682,31.0,10.0,31.0,10.0
6683,31.0,10.0,27.0,17.0
6684,31.0,10.0,26.0,12.0
6685,31.0,10.0,32.0,10.0
6686,31.0,10.0,27.0,17.0
6687,31.0,10.0,27.0,17.0
6688,31.0,10.0,26.0,12.0
6689,31.0,10.0,28.0,14.0
6690,31.0,10.0,31.0,10.0
6691,31.0,10.0,27.0,17.0
6692,31.0,10.0,31.0,10.0
6693,31.0,10.0,28.0,14.0
6694,31.0,10.0,31.0,10.0
6695,31.0,10.0,28.0,14.0
6696,31.0,10.0,26.0,12.0
6697,31.0,10.0,28.0,14.0
6698,31.0,10.0,31.0,10.0
6699,31.0,10.0,30.0,13.0
6700,31.0,10.0,30.0,13.0
6701,31.0,10.0,26.0,12.0
6702,31.0,10.0,31.0,10.0
6703,31.0,10.0,27.0,17.0
6704,31.0,10.0,31.0,10.0
6705,31.0,10.0,30.0,13.0
6706,31.0,10.0,28.0,14.0
6707,31.0,10.0,32.0,10.0
6708,31.0,10.0,32.0,10.0
6709,31.0,10.0,31.0,10.0
6710,31.0,10.0,31.0,10.0
6711,31.0,10.0,31.0,10.0
6712,31.0,10.0,28.0,14.0
6713,31.0,10.0,31.0,10.0
6714,31.0,10.0,30.0,13.0
6715,31.0,10.0,32.0,10.0
6716,31.0,10.0,31.0,10.0
6717,31.0,10.0,28.0,14.0
6718,31.0,10.0,31.0,10.0
6719,31.0,10.0,27.0,17.0
6720,31.0,10.0,28.0,14.0
6721,31.0,10.0,31.0,10.0
6722,31.0,10.0,28.0,14.0
6723,31.0,10.0,31.0,11.0
6724,31.0,10.0,31.0,10.0
6725,31.0,10.0,26.0,12.0
6726,31.0,10.0,31.0,10.0
6727,31.0,10.0,28.0,14.0
6728,31.0,10.0,32.0,10.0
6729,31.0,10.0,31.0,11.0
6730,31.0,10.0,31.0,11.0
6731,31.0,10.0,27.0,17.0
6732,31.0,10.0,31.0,11.0
6733,31.0,10.0,31.0,11.0
6734,31.0,10.0,31.0,10.0
6735,31.0,10.0,28.0,14.0
6736,31.0,10.0,31.0,10.0
6737,31.0,10.0,31.0,10.0
6738,31.0,10.0,31.0,11.0
6739,31.0,10.0,28.0,14.0
6740,31.0,10.0,26.0,12.0
6741,31.0,10.0,28.0,14.0
6742,31.0,10.0,27.0,17.0
6743,31.0,10.0,31.0,10.0
6744,31.0,10.0,31.0,10.0
6745,31.0,10.0,31.0,10.0
6746,31.0,10.0,31.0,10.0
6747,31.0,10.0,28.0,14.0
6748,31.0,10.0,32.0,10.0
6749,31.0,10.0,30.0,13.0
6750,31.0,10.0,31.0,10.0
6751,31.0,10.0,31.0,10.0
6752,31.0,10.0,27.0,17.0
6753,31.0,10.0,31.0,10.0
6754,31.0,10.0,30.0,13.0
6755,31.0,10.0,28.0,14.0
6756,31.0,10.0,28.0,14.0
6757,31.0,10.0,30.0,13.0
6758,31.0,10.0,26.0,12.0
6759,31.0,10.0,30.0,13.0
6760,31.0,10.0,32.0,10.0
6761,31.0,10.0,32.0,10.0
6762,31.0,10.0,31.0,10.0
6763,31.0,10.0,32.0,10.0
6764,31.0,10.0,26.0,12.0
6765,31.0,10.0,31.0,10.0
6766,31.0,10.0,31.0,11.0
6767,31.0,10.0,28.0,14.0
6768,31.0,10.0,32.0,10.0
6769,31.0,10.0,32.0,10.0
6770,31.0,10.0,26.0,12.0
6771,31.0,10.0,31.0,10.0
6772,31.0,10.0,31.0,10.0
6773,31.0,10.0,30.0,13.0
6774,31.0,10.0,31.0,10.0
6775,31.0,10.0,26.0,12.0
6776,31.0,10.0,31.0,10.0
6777,31.0,10.0,27.0,17.0
6778,31.0,10.0,31.0,11.0
6779,31.0,10.0,31.0,10.0
6780,31.0,10.0,32.0,10.0
6781,31.0,10.0,31.0,10.0
6782,31.0,10.0,31.0,10.0
6783,31.0,10.0,31.0,10.0
6784,31.0,10.0,31.0,10.0
6785,31.0,10.0,31.0,10.0
6786,31.0,10.0,30.0,13.0
6787,31.0,10.0,26.0,12.0
6788,31.0,10.0,31.0,10.0
6789,31.0,10.0,28.0,14.0
6790,31.0,10.0,27.0,17.0
6791,31.0,10.0,27.0,17.0
6792,31.0,10.0,27.0,17.0
6793,31.0,10.0,31.0,11.0
6794,31.0,10.0,28.0,14.0
6795,31.0,10.0,30.0,13.0
6796,31.0,10.0,27.0,17.0
6797,31.0,10.0,32.0,10.0
6798,31.0,10.0,31.0,10.0
6799,31.0,10.0,28.0,14.0
6800,31.0,10.0,31.0,10.0
6801,31.0,10.0,32.0,10.0
6802,31.0,10.0,31.0,11.0
6803,31.0,10.0,28.0,14.0
6804,31.0,10.0,31.0,10.0
6805,31.0,10.0,30.0,13.0
6806,31.0,10.0,31.0,10.0
6807,31.0,10.0,31.0,10.0
6808,31.0,10.0,26.0,12.0
6809,31.0,10.0,30.0,13.0
6810,31.0,10.0,26.0,12.0
6811,31.0,10.0,31.0,10.0
6812,31.0,10.0,28.0,14.0
6813,31.0,10.0,26.0,12.0
6814,31.0,10.0,32.0,10.0
6815,31.0,10.0,27.0,17.0
6816,31.0,10.0,30.0,13.0
6817,31.0,10.0,28.0,14.0
6818,31.0,10.0,31.0,11.0
6819,31.0,10.0,27.0,17.0
6820,31.0,10.0,30.0,13.0
6821,31.0,10.0,31.0,11.0
6822,31.0,10.0,31.0,10.0
6823,31.0,10.0,28.0,14.0
6824,31.0,10.0,32.0,10.0
6825,31.0,10.0,30.0,13.0
6826,31.0,10.0,32.0,10.0
6827,31.0,10.0,31.0,10.0
6828,31.0,10.0,31.0,10.0
6829,31.0,10.0,27.0,17.0
6830,31.0,10.0,31.0,10.0
6831,31.0,10.0,28.0,14.0
6832,31.0,10.0,31.0,11.0
6833,31.0,10.0,31.0,10.0
6834,31.0,10.0,28.0,14.0
6835,31.0,10.0,31.0,10.0
6836,31.0,10.0,31.0,10.0
6837,31.0,10.0,27.0,17.0
6838,31.0,10.0,31.0,10.0
6839,31.0,10.0,32.0,10.0
6840,31.0,10.0,30.0,13.0
6841,31.0,10.0,31.0,10.0
6842,31.0,10.0,28.0,14.0
6843,31.0,10.0,27.0,17.0
6844,31.0,10.0,26.0,12.0
6845,31.0,10.0,31.0,10.0
6846,31.0,10.0,28.0,14.0
6847,31.0,10.0,28.0,14.0
6848,31.0,10.0,32.0,10.0
6849,31.0,10.0,32.0,10.0
6850,31.0,10.0,32.0,10.0
6851,31.0,10.0,31.0,10.0
6852,31.0,10.0,31.0,11.0
6853,31.0,10.0,31.0,11.0
6854,31.0,10.0,27.0,17.0
6855,31.0,10.0,31.0,10.0
6856,31.0,10.0,27.0,17.0
6857,31.0,10.0,31.0,10.0
6858,31.0,10.0,30.0,13.0
6859,31.0,10.0,27.0,17.0
6860,31.0,10.0,28.0,14.0
6861,31.0,10.0,31.0,11.0
6862,31.0,10.0,27.0,17.0
6863,31.0,10.0,32.0,10.0
6864,31.0,10.0,32.0,10.0
6865,31.0,10.0,31.0,11.0
6866,31.0,10.0,31.0,11.0
6867,31.0,10.0,31.0,10.0
6868,31.0,10.0,31.0,10.0
6869,31.0,10.0,31.0,11.0
6870,31.0,10.0,31.0,10.0
6871,31.0,10.0,31.0,11.0
6872,31.0,10.0,31.0,10.0
6873,31.0,10.0,27.0,17.0
6874,31.0,10.0,30.0,13.0
6875,31.0,10.0,27.0,17.0
6876,31.0,10.0,26.0,12.0
6877,31.0,10.0,31.0,11.0
6878,31.0,10.0,27.0,17.0
6879,31.0,10.0,31.0,11.0
6880,31.0,10.0,26.0,12.0
6881,31.0,10.0,26.0,12.0
6882,31.0,10.0,31.0,10.0
6883,31.0,10.0,27.0,17.0
6884,31.0,10.0,28.0,14.0
6885,31.0,10.0,32.0,10.0
6886,31.0,10.0,32.0,10.0
6887,31.0,10.0,31.0,10.0
6888,31.0,10.0,30.0,13.0
6889,31.0,10.0,31.0,10.0
6890,31.0,10.0,31.0,11.0
6891,31.0,10.0,31.0,10.0
6892,31.0,10.0,30.0,13.0
6893,31.0,10.0,31.0,10.0
6894,31.0,10.0,31.0,10.0
6895,31.0,10.0,32.0,10.0
6896,31.0,10.0,28.0,14.0
6897,31.0,10.0,31.0,11.0
6898,31.0,10.0,30.0,13.0
6899,31.0,10.0,28.0,14.0
6900,31.0,10.0,32.0,10.0
6901,31.0,10.0,27.0,17.0
6902,31.0,10.0,26.0,12.0
6903,31.0,10.0,28.0,14.0
6904,31.0,10.0,28.0,14.0
6905,31.0,10.0,31.0,10.0
6906,31.0,10.0,26.0,12.0
6907,31.0,10.0,30.0,13.0
6908,31.0,10.0,27.0,17.0
6909,31.0,10.0,31.0,11.0
6910,31.0,10.0,31.0,10.0
6911,31.0,10.0,26.0,12.0
6912,31.0,10.0,31.0,10.0
6913,31.0,10.0,32.0,10.0
6914,31.0,10.0,31.0,10.0
6915,31.0,10.0,28.0,14.0
6916,31.0,10.0,31.0,10.0
6917,31.0,10.0,31.0,10.0
6918,31.0,10.0,28.0,14.0
6919,31.0,10.0,31.0,10.0
6920,31.0,10.0,27.0,17.0
6921,31.0,10.0,28.0,14.0
6922,31.0,10.0,30.0,13.0
6923,31.0,10.0,28.0,14.0
6924,31.0,10.0,27.0,17.0
6925,31.0,10.0,31.0,10.0
6926,31.0,10.0,27.0,17.0
6927,31.0,10.0,30.0,13.0
6928,31.0,10.0,26.0,12.0
6929,31.0,10.0,31.0,10.0
6930,31.0,10.0,31.0,10.0
6931,31.0,10.0,28.0,14.0
6932,31.0,10.0,31.0,11.0
6933,31.0,10.0,31.0,10.0
6934,31.0,10.0,27.0,17.0
6935,31.0,10.0,31.0,10.0
6936,31.0,10.0,28.0,14.0
6937,31.0,10.0,27.0,17.0
6938,31.0,10.0,32.0,10.0
6939,31.0,10.0,28.0,14.0
6940,31.0,10.0,26.0,12.0
6941,31.0,10.0,32.0,10.0
6942,31.0,10.0,28.0,14.0
6943,31.0,10.0,31.0,11.0
6944,31.0,10.0,27.0,17.0
6945,31.0,10.0,26.0,12.0
6946,31.0,10.0,28.0,14.0
6947,31.0,10.0,27.0,17.0
6948,31.0,10.0,31.0,10.0
6949,31.0,10.0,28.0,14.0
6950,31.0,10.0,32.0,10.0
6951,31.0,10.0,30.0,13.0
6952,31.0,10.0,31.0,10.0
6953,31.0,10.0,27.0,17.0
6954,31.0,10.0,31.0,10.0
6955,31.0,10.0,26.0,12.0
6956,31.0,10.0,31.0,11.0
6957,31.0,10.0,26.0,12.0
6958,31.0,10.0,30.0,13.0
6959,31.0,10.0,31.0,10.0
6960,31.0,10.0,28.0,14.0
6961,31.0,10.0,31.0,10.0
6962,31.0,10.0,31.0,10.0
6963,31.0,10.0,31.0,11.0
6964,31.0,10.0,31.0,11.0
6965,31.0,10.0,27.0,17.0
6966,31.0,10.0,30.0,13.0
6967,31.0,10.0,31.0,11.0
6968,31.0,10.0,30.0,13.0
6969,31.0,10.0,31.0,10.0
6970,31.0,10.0,30.0,13.0
6971,31.0,10.0,32.0,10.0
6972,31.0,10.0,31.0,10.0
6973,31.0,10.0,31.0,10.0
6974,31.0,10.0,31.0,10.0
6975,31.0,10.0,28.0,14.0
6976,31.0,10.0,31.0,10.0
6977,31.0,10.0,31.0,10.0
6978,31.0,10.0,31.0,10.0
6979,31.0,10.0,31.0,11.0
6980,31.0,10.0,32.0,10.0
6981,31.0,10.0,31.0,10.0
6982,31.0,10.0,31.0,11.0
6983,31.0,10.0,31.0,10.0
6984,31.0,10.0,28.0,14.0
6985,31.0,10.0,31.0,10.0
6986,31.0,10.0,31.0,10.0
6987,31.0,10.0,31.0,10.0
6988,31.0,10.0,31.0,10.0
6989,31.0,10.0,31.0,11.0
6990,31.0,10.0,31.0,11.0
6991,31.0,10.0,30.0,13.0
6992,31.0,10.0,28.0,14.0
6993,31.0,10.0,31.0,11.0
6994,31.0,10.0,30.0,13.0
6995,31.0,10.0,31.0,11.0
6996,31.0,10.0,31.0,11.0
6997,31.0,10.0,26.0,12.0
6998,31.0,10.0,30.0,13.0
6999,31.0,10.0,28.0,14.0
7000,31.0,10.0,31.0,10.0
7001,31.0,10.0,27.0,17.0
7002,31.0,10.0,31.0,10.0
7003,31.0,10.0,27.0,17.0
7004,31.0,10.0,32.0,10.0
7005,31.0,10.0,31.0,10.0
7006,31.0,10.0,31.0,10.0
7007,31.0,10.0,28.0,14.0
7008,31.0,10.0,31.0,10.0
7009,31.0,10.0,31.0,10.0
7010,31.0,10.0,26.0,12.0
7011,31.0,10.0,31.0,10.0
7012,31.0,10.0,31.0,10.0
7013,31.0,10.0,31.0,10.0
7014,31.0,10.0,27.0,17.0
7015,31.0,10.0,28.0,14.0
7016,31.0,10.0,30.0,13.0
7017,31.0,10.0,30.0,13.0
7018,31.0,10.0,32.0,10.0
7019,31.0,10.0,32.0,10.0
7020,31.0,10.0,31.0,10.0
7021,31.0,10.0,28.0,14.0
7022,31.0,10.0,31.0,11.0
7023,31.0,10.0,31.0,10.0
7024,31.0,10.0,31.0,10.0
7025,31.0,10.0,27.0,17.0
7026,31.0,10.0,31.0,10.0
7027,31.0,10.0,31.0,11.0
7028,31.0,10.0,26.0,12.0
7029,31.0,10.0,26.0,12.0
7030,31.0,10.0,30.0,13.0
7031,31.0,10.0,31.0,11.0
7032,31.0,10.0,27.0,17.0
7033,31.0,10.0,31.0,10.0
7034,31.0,10.0,27.0,17.0
7035,31.0,10.0,30.0,13.0
7036,31.0,10.0,26.0,12.0
7037,31.0,10.0,31.0,10.0
7038,31.0,10.0,28.0,14.0
7039,31.0,10.0,31.0,10.0
7040,31.0,10.0,31.0,11.0
7041,31.0,10.0,31.0,10.0
7042,31.0,10.0,31.0,10.0
7043,31.0,10.0,26.0,12.0
7044,31.0,10.0,32.0,10.0
7045,31.0,10.0,32.0,10.0
7046,31.0,10.0,31.0,11.0
7047,31.0,10.0,27.0,17.0
7048,31.0,10.0,26.0,12.0
7049,31.0,10.0,31.0,10.0
7050,31.0,10.0,31.0,10.0
7051,31.0,10.0,28.0,14.0
7052,31.0,10.0,26.0,12.0
7053,31.0,10.0,31.0,10.0
7054,31.0,10.0,27.0,17.0
7055,31.0,10.0,31.0,10.0
7056,31.0,10.0,28.0,14.0
7057,31.0,10.0,27.0,17.0
7058,31.0,10.0,31.0,10.0
7059,31.0,10.0,31.0,10.0
7060,31.0,10.0,31.0,11.0
7061,31.0,10.0,30.0,13.0
7062,31.0,10.0,27.0,17.0
7063,31.0,10.0,31.0,10.0
7064,31.0,10.0,32.0,10.0
7065,31.0,10.0,30.0,13.0
7066,31.0,10.0,28.0,14.0
7067,31.0,10.0,32.0,10.0
7068,31.0,10.0,31.0,10.0
7069,31.0,10.0,31.0,10.0
7070,31.0,10.0,31.0,10.0
7071,31.0,10.0,32.0,10.0
7072,31.0,10.0,26.0,12.0
7073,31.0,10.0,26.0,12.0
7074,31.0,10.0,26.0,12.0
7075,31.0,10.0,28.0,14.0
7076,31.0,10.0,28.0,14.0
7077,31.0,10.0,31.0,11.0
7078,31.0,10.0,26.0,12.0
7079,31.0,10.0,27.0,17.0
7080,31.0,10.0,27.0,17.0
7081,31.0,10.0,31.0,10.0
7082,31.0,10.0,28.0,14.0
7083,31.0,10.0,31.0,10.0
7084,31.0,10.0,27.0,17.0
7085,31.0,10.0,31.0,11.0
7086,31.0,10.0,28.0,14.0
7087,31.0,10.0,26.0,12.0
7088,31.0,10.0,31.0,10.0
7089,31.0,10.0,27.0,17.0
7090,31.0,10.0,32.0,10.0
7091,31.0,10.0,28.0,14.0
7092,31.0,10.0,26.0,12.0
7093,31.0,10.0,31.0,10.0
7094,31.0,10.0,27.0,17.0
7095,31.0,10.0,32.0,10.0
7096,31.0,10.0,26.0,12.0
7097,31.0,10.0,31.0,10.0
7098,31.0,10.0,31.0,10.0
7099,31.0,10.0,28.0,14.0
7100,31.0,10.0,32.0,10.0
7101,31.0,10.0,31.0,10.0
7102,31.0,10.0,28.0,14.0
7103,31.0,10.0,30.0,13.0
7104,31.0,10.0,27.0,17.0
7105,31.0,10.0,31.0,10.0
7106,31.0,10.0,31.0,10.0
7107,31.0,10.0,27.0,17.0
7108,31.0,10.0,28.0,14.0
7109,31.0,10.0,28.0,14.0
7110,31.0,10.0,31.0,11.0
7111,31.0,10.0,28.0,14.0
7112,31.0,10.0,27.0,17.0
7113,31.0,10.0,31.0,10.0
7114,31.0,10.0,31.0,10.0
7115,31.0,10.0,31.0,10.0
7116,31.0,10.0,31.0,10.0
7117,31.0,10.0,28.0,14.0
7118,31.0,10.0,27.0,17.0
7119,31.0,10.0,30.0,13.0
7120,31.0,10.0,31.0,10.0
7121,31.0,10.0,26.0,12.0
7122,31.0,10.0,31.0,10.0
7123,31.0,10.0,27.0,17.0
7124,31.0,10.0,27.0,17.0
7125,31.0,10.0,26.0,12.0
7126,31.0,10.0,32.0,10.0
7127,31.0,10.0,27.0,17.0
7128,31.0,10.0,31.0,10.0
7129,31.0,10.0,32.0,10.0
7130,31.0,10.0,31.0,10.0
7131,31.0,10.0,27.0,17.0
7132,31.0,10.0,31.0,11.0
7133,31.0,10.0,31.0,10.0
7134,31.0,10.0,28.0,14.0
7135,31.0,10.0,31.0,11.0
7136,31.0,10.0,31.0,10.0
7137,31.0,10.0,32.0,10.0
7138,31.0,10.0,28.0,14.0
7139,31.0,10.0,31.0,11.0
7140,31.0,10.0,28.0,14.0
7141,31.0,10.0,31.0,10.0
7142,31.0,10.0,31.0,11.0
7143,31.0,10.0,28.0,14.0
7144,31.0,10.0,31.0,10.0
7145,31.0,10.0,26.0,12.0
7146,31.0,10.0,31.0,10.0
7147,31.0,10.0,31.0,10.0
7148,31.0,10.0,32.0,10.0
7149,31.0,10.0,32.0,10.0
7150,31.0,10.0,30.0,13.0
7151,31.0,10.0,30.0,13.0
7152,31.0,10.0,31.0,10.0
7153,31.0,10.0,30.0,13.0
7154,31.0,10.0,31.0,10.0
7155,31.0,10.0,31.0,10.0
7156,31.0,10.0,30.0,13.0
7157,31.0,10.0,28.0,14.0
7158,31.0,10.0,31.0,10.0
7159,31.0,10.0,26.0,12.0
7160,31.0,10.0,27.0,17.0
7161,31.0,10.0,32.0,10.0
7162,31.0,10.0,31.0,10.0
7163,31.0,10.0,27.0,17.0
7164,31.0,10.0,30.0,13.0
7165,31.0,10.0,28.0,14.0
7166,31.0,10.0,31.0,10.0
7167,31.0,10.0,32.0,10.0
7168,31.0,10.0,32.0,10.0
7169,31.0,10.0,31.0,11.0
7170,31.0,10.0,31.0,10.0
7171,31.0,10.0,30.0,13.0
7172,31.0,10.0,27.0,17.0
7173,31.0,10.0,26.0,12.0
7174,31.0,10.0,30.0,13.0
7175,31.0,10.0,27.0,17.0
7176,31.0,10.0,32.0,10.0
7177,31.0,10.0,26.0,12.0
7178,31.0,10.0,28.0,14.0
7179,31.0,10.0,31.0,10.0
7180,31.0,10.0,26.0,12.0
7181,31.0,10.0,28.0,14.0
7182,31.0,10.0,31.0,11.0
7183,31.0,10.0,31.0,10.0
7184,31.0,10.0,32.0,10.0
7185,31.0,10.0,30.0,13.0
7186,31.0,10.0,32.0,10.0
7187,31.0,10.0,31.0,10.0
7188,31.0,10.0,31.0,10.0
7189,31.0,10.0,32.0,10.0
7190,31.0,10.0,31.0,10.0
7191,31.0,10.0,26.0,12.0
7192,31.0,10.0,31.0,10.0
7193,31.0,10.0,31.0,10.0
7194,31.0,10.0,31.0,10.0
7195,31.0,10.0,26.0,12.0
7196,31.0,10.0,27.0,17.0
7197,31.0,10.0,31.0,11.0
7198,31.0,10.0,26.0,12.0
7199,31.0,10.0,26.0,12.0
7200,31.0,10.0,28.0,14.0
7201,31.0,10.0,28.0,14.0
7202,31.0,10.0,28.0,14.0
7203,31.0,10.0,28.0,14.0
7204,31.0,10.0,31.0,11.0
7205,31.0,10.0,31.0,10.0
7206,31.0,10.0,28.0,14.0
7207,31.0,10.0,31.0,10.0
7208,31.0,10.0,27.0,17.0
7209,31.0,10.0,32.0,10.0
7210,31.0,10.0,31.0,11.0
7211,31.0,10.0,31.0,10.0
7212,31.0,10.0,32.0,10.0
7213,31.0,10.0,31.0,11.0
7214,31.0,10.0,31.0,10.0
7215,31.0,10.0,31.0,11.0
7216,31.0,10.0,30.0,13.0
7217,31.0,10.0,31.0,11.0
7218,31.0,10.0,28.0,14.0
7219,31.0,10.0,32.0,10.0
7220,31.0,10.0,31.0,10.0
7221,31.0,10.0,26.0,12.0
7222,31.0,10.0,26.0,12.0
7223,31.0,10.0,31.0,10.0
7224,31.0,10.0,31.0,10.0
7225,31.0,10.0,32.0,10.0
7226,31.0,10.0,28.0,14.0
7227,31.0,10.0,31.0,11.0
7228,31.0,10.0,31.0,10.0
7229,31.0,10.0,27.0,17.0
7230,31.0,10.0,30.0,13.0
7231,31.0,10.0,31.0,11.0
7232,31.0,10.0,31.0,10.0
7233,31.0,10.0,31.0,11.0
7234,31.0,10.0,26.0,12.0
7235,31.0,10.0,31.0,10.0
7236,31.0,10.0,31.0,10.0
7237,31.0,10.0,28.0,14.0
7238,31.0,10.0,26.0,12.0
7239,31.0,10.0,31.0,10.0
7240,31.0,10.0,26.0,12.0
7241,31.0,10.0,31.0,11.0
7242,31.0,10.0,31.0,10.0
7243,31.0,10.0,28.0,14.0
7244,31.0,10.0,26.0,12.0
7245,31.0,10.0,28.0,14.0
7246,31.0,10.0,31.0,10.0
7247,31.0,10.0,31.0,10.0
7248,31.0,10.0,27.0,17.0
7249,31.0,10.0,32.0,10.0
7250,31.0,10.0,31.0,10.0
7251,31.0,10.0,31.0,10.0
7252,31.0,10.0,28.0,14.0
7253,31.0,10.0,31.0,11.0
7254,31.0,10.0,27.0,17.0
7255,31.0,10.0,31.0,10.0
7256,31.0,10.0,31.0,10.0
7257,31.0,10.0,30.0,13.0
7258,31.0,10.0,31.0,11.0
7259,31.0,10.0,31.0,10.0
7260,31.0,10.0,32.0,10.0
7261,31.0,10.0,31.0,10.0
7262,31.0,10.0,30.0,13.0
7263,31.0,10.0,30.0,13.0
7264,31.0,10.0,28.0,14.0
7265,31.0,10.0,27.0,17.0
7266,31.0,10.0,31.0,11.0
7267,31.0,10.0,26.0,12.0
7268,31.0,10.0,27.0,17.0
7269,31.0,10.0,32.0,10.0
7270,31.0,10.0,28.0,14.0
7271,31.0,10.0,27.0,17.0
7272,31.0,10.0,32.0,10.0
7273,31.0,10.0,32.0,10.0
7274,31.0,10.0,30.0,13.0
7275,31.0,10.0,28.0,14.0
7276,31.0,10.0,32.0,10.0
7277,31.0,10.0,30.0,13.0
7278,31.0,10.0,31.0,10.0
7279,31.0,10.0,26.0,12.0
7280,31.0,10.0,28.0,14.0
7281,31.0,10.0,32.0,10.0
7282,31.0,10.0,30.0,13.0
7283,31.0,10.0,31.0,11.0
7284,31.0,10.0,31.0,10.0
7285,31.0,10.0,31.0,10.0
7286,31.0,10.0,30.0,13.0
7287,31.0,10.0,31.0,10.0
7288,31.0,10.0,31.0,10.0
7289,31.0,10.0,30.0,13.0
7290,31.0,10.0,27.0,17.0
7291,31.0,10.0,31.0,11.0
7292,31.0,10.0,27.0,17.0
7293,31.0,10.0,31.0,10.0
7294,31.0,10.0,30.0,13.0
7295,31.0,10.0,26.0,12.0
7296,31.0,10.0,31.0,10.0
7297,31.0,10.0,28.0,14.0
7298,31.0,10.0,30.0,13.0
7299,31.0,10.0,31.0,10.0
7300,31.0,10.0,30.0,13.0
7301,31.0,10.0,31.0,10.0
7302,31.0,10.0,31.0,11.0
7303,31.0,10.0,28.0,14.0
7304,31.0,10.0,26.0,12.0
7305,31.0,10.0,30.0,13.0
7306,31.0,10.0,28.0,14.0
7307,31.0,10.0,30.0,13.0
7308,31.0,10.0,31.0,11.0
7309,31.0,10.0,31.0,10.0
7310,31.0,10.0,32.0,10.0
7311,31.0,10.0,28.0,14.0
7312,31.0,10.0,31.0,11.0
7313,31.0,10.0,31.0,10.0
7314,31.0,10.0,31.0,10.0
7315,31.0,10.0,31.0,11.0
7316,31.0,10.0,28.0,14.0
7317,31.0,10.0,28.0,14.0
7318,31.0,10.0,31.0,11.0
7319,31.0,10.0,27.0,17.0
7320,31.0,10.0,28.0,14.0
7321,31.0,10.0,28.0,14.0
7322,31.0,10.0,31.0,10.0
7323,31.0,10.0,30.0,13.0
7324,31.0,10.0,30.0,13.0
7325,31.0,10.0,31.0,10.0
7326,31.0,10.0,26.0,12.0
7327,31.0,10.0,28.0,14.0
7328,31.0,10.0,31.0,10.0
7329,31.0,10.0,27.0,17.0
7330,31.0,10.0,31.0,10.0
7331,31.0,10.0,30.0,13.0
7332,31.0,10.0,28.0,14.0
7333,31.0,10.0,32.0,10.0
7334,31.0,10.0,30.0,13.0
7335,31.0,10.0,31.0,10.0
7336,31.0,10.0,31.0,10.0
7337,31.0,10.0,31.0,11.0
7338,31.0,10.0,26.0,12.0
7339,31.0,10.0,31.0,10.0
7340,31.0,10.0,31.0,10.0
7341,31.0,10.0,31.0,11.0
7342,31.0,10.0,28.0,14.0
7343,31.0,10.0,31.0,10.0
7344,31.0,10.0,26.0,12.0
7345,31.0,10.0,28.0,14.0
7346,31.0,10.0,31.0,10.0
7347,31.0,10.0,28.0,14.0
7348,31.0,10.0,32.0,10.0
7349,31.0,10.0,31.0,10.0
7350,31.0,10.0,27.0,17.0
7351,31.0,10.0,30.0,13.0
7352,31.0,10.0,31.0,10.0
7353,31.0,10.0,26.0,12.0
7354,31.0,10.0,30.0,13.0
7355,31.0,10.0,28.0,14.0
7356,31.0,10.0,28.0,14.0
7357,31.0,10.0,31.0,10.0
7358,31.0,10.0,30.0,13.0
7359,31.0,10.0,30.0,13.0
7360,31.0,10.0,31.0,10.0
7361,31.0,10.0,31.0,10.0
7362,31.0,10.0,31.0,10.0
7363,31.0,10.0,30.0,13.0
7364,31.0,10.0,26.0,12.0
7365,31.0,10.0,31.0,10.0
7366,31.0,10.0,31.0,10.0
7367,31.0,10.0,31.0,10.0
7368,31.0,10.0,31.0,10.0
7369,31.0,10.0,26.0,12.0
7370,31.0,10.0,26.0,12.0
7371,31.0,10.0,31.0,11.0
7372,31.0,10.0,26.0,12.0
7373,31.0,10.0,31.0,10.0
7374,31.0,10.0,30.0,13.0
7375,31.0,10.0,32.0,10.0
7376,31.0,10.0,31.0,10.0
7377,31.0,10.0,28.0,14.0
7378,31.0,10.0,27.0,17.0
7379,31.0,10.0,31.0,10.0
7380,31.0,10.0,31.0,10.0
7381,31.0,10.0,31.0,11.0
7382,31.0,10.0,30.0,13.0
7383,31.0,10.0,31.0,10.0
7384,31.0,10.0,30.0,13.0
7385,31.0,10.0,31.0,10.0
7386,31.0,10.0,31.0,10.0
7387,31.0,10.0,32.0,10.0
7388,31.0,10.0,32.0,10.0
7389,31.0,10.0,31.0,10.0
7390,31.0,10.0,32.0,10.0
7391,31.0,10.0,31.0,11.0
7392,31.0,10.0,27.0,17.0
7393,31.0,10.0,26.0,12.0
7394,31.0,10.0,31.0,10.0
7395,31.0,10.0,26.0,12.0
7396,31.0,10.0,31.0,10.0
7397,31.0,10.0,32.0,10.0
7398,31.0,10.0,31.0,10.0
7399,31.0,10.0,31.0,10.0
7400,31.0,10.0,31.0,10.0
7401,31.0,10.0,32.0,10.0
7402,31.0,10.0,31.0,10.0
7403,31.0,10.0,28.0,14.0
7404,31.0,10.0,27.0,17.0
7405,31.0,10.0,26.0,12.0
7406,31.0,10.0,31.0,11.0
7407,31.0,10.0,26.0,12.0
7408,31.0,10.0,26.0,12.0
7409,31.0,10.0,31.0,10.0
7410,31.0,10.0,28.0,14.0
7411,31.0,10.0,31.0,10.0
7412,31.0,10.0,28.0,14.0
7413,31.0,10.0,28.0,14.0
7414,31.0,10.0,32.0,10.0
7415,31.0,10.0,28.0,14.0
7416,31.0,10.0,27.0,17.0
7417,31.0,10.0,31.0,10.0
7418,31.0,10.0,31.0,10.0
7419,31.0,10.0,30.0,13.0
7420,31.0,10.0,26.0,12.0
7421,31.0,10.0,30.0,13.0
7422,31.0,10.0,31.0,11.0
7423,31.0,10.0,27.0,17.0
7424,31.0,10.0,27.0,17.0
7425,31.0,10.0,28.0,14.0
7426,31.0,10.0,26.0,12.0
7427,31.0,10.0,31.0,10.0
7428,31.0,10.0,28.0,14.0
7429,31.0,10.0,31.0,11.0
7430,31.0,10.0,27.0,17.0
7431,31.0,10.0,28.0,14.0
7432,31.0,10.0,32.0,10.0
7433,31.0,10.0,31.0,10.0
7434,31.0,10.0,28.0,14.0
7435,31.0,10.0,30.0,13.0
7436,31.0,10.0,26.0,12.0
7437,31.0,10.0,31.0,10.0
7438,31.0,10.0,30.0,13.0
7439,31.0,10.0,31.0,11.0
7440,31.0,10.0,32.0,10.0
7441,31.0,10.0,32.0,10.0
7442,31.0,10.0,30.0,13.0
7443,31.0,10.0,26.0,12.0
7444,31.0,10.0,31.0,10.0
7445,31.0,10.0,31.0,11.0
7446,31.0,10.0,26.0,12.0
7447,31.0,10.0,31.0,10.0
7448,31.0,10.0,28.0,14.0
7449,31.0,10.0,31.0,10.0
7450,31.0,10.0,31.0,10.0
7451,31.0,10.0,31.0,10.0
7452,31.0,10.0,28.0,14.0
7453,31.0,10.0,31.0,10.0
7454,31.0,10.0,31.0,11.0
7455,31.0,10.0,28.0,14.0
7456,31.0,10.0,31.0,10.0
7457,31.0,10.0,30.0,13.0
7458,31.0,10.0,31.0,10.0
7459,31.0,10.0,26.0,12.0
7460,31.0,10.0,28.0,14.0
7461,31.0,10.0,30.0,13.0
7462,31.0,10.0,31.0,10.0
7463,31.0,10.0,31.0,10.0
7464,31.0,10.0,26.0,12.0
7465,31.0,10.0,27.0,17.0
7466,31.0,10.0,31.0,11.0
7467,31.0,10.0,27.0,17.0
7468,31.0,10.0,27.0,17.0
7469,31.0,10.0,31.0,11.0
7470,31.0,10.0,32.0,10.0
7471,31.0,10.0,32.0,10.0
7472,31.0,10.0,28.0,14.0
7473,31.0,10.0,31.0,11.0
7474,31.0,10.0,31.0,11.0
7475,31.0,10.0,32.0,10.0
7476,31.0,10.0,27.0,17.0
7477,31.0,10.0,27.0,17.0
7478,31.0,10.0,31.0,11.0
7479,31.0,10.0,32.0,10.0
7480,31.0,10.0,30.0,13.0
7481,31.0,10.0,31.0,10.0
7482,31.0,10.0,31.0,11.0
7483,31.0,10.0,31.0,10.0
7484,31.0,10.0,32.0,10.0
7485,31.0,10.0,26.0,12.0
7486,31.0,10.0,32.0,10.0
7487,31.0,10.0,31.0,11.0
7488,31.0,10.0,27.0,17.0
7489,31.0,10.0,26.0,12.0
7490,31.0,10.0,28.0,14.0
7491,31.0,10.0,32.0,10.0
7492,31.0,10.0,30.0,13.0
7493,31.0,10.0,30.0,13.0
7494,31.0,10.0,31.0,11.0
7495,31.0,10.0,31.0,10.0
7496,31.0,10.0,27.0,17.0
7497,31.0,10.0,31.0,10.0
7498,31.0,10.0,31.0,10.0
7499,31.0,10.0,30.0,13.0
7500,31.0,10.0,28.0,14.0
7501,31.0,10.0,30.0,13.0
7502,31.0,10.0,31.0,10.0
7503,31.0,10.0,28.0,14.0
7504,31.0,10.0,31.0,10.0
7505,31.0,10.0,31.0,10.0
7506,31.0,10.0,31.0,10.0
7507,31.0,10.0,30.0,13.0
7508,31.0,10.0,32.0,10.0
7509,31.0,10.0,31.0,11.0
7510,31.0,10.0,31.0,10.0
7511,31.0,10.0,31.0,10.0
7512,31.0,10.0,28.0,14.0
7513,31.0,10.0,31.0,10.0
7514,31.0,10.0,28.0,14.0
7515,31.0,10.0,28.0,14.0
7516,31.0,10.0,31.0,10.0
7517,31.0,10.0,28.0,14.0
7518,31.0,10.0,31.0,10.0
7519,31.0,10.0,30.0,13.0
7520,31.0,10.0,31.0,10.0
7521,31.0,10.0,27.0,17.0
7522,31.0,10.0,28.0,14.0
7523,31.0,10.0,27.0,17.0
7524,31.0,10.0,31.0,10.0
7525,31.0,10.0,28.0,14.0
7526,31.0,10.0,31.0,11.0
7527,31.0,10.0,32.0,10.0
7528,31.0,10.0,26.0,12.0
7529,31.0,10.0,26.0,12.0
7530,31.0,10.0,30.0,13.0
7531,31.0,10.0,31.0,10.0
7532,31.0,10.0,28.0,14.0
7533,31.0,10.0,31.0,10.0
7534,31.0,10.0,30.0,13.0
7535,31.0,10.0,31.0,11.0
7536,31.0,10.0,28.0,14.0
7537,31.0,10.0,32.0,10.0
7538,31.0,10.0,26.0,12.0
7539,31.0,10.0,28.0,14.0
7540,31.0,10.0,28.0,14.0
7541,31.0,10.0,32.0,10.0
7542,31.0,10.0,31.0,10.0
7543,31.0,10.0,31.0,10.0
7544,31.0,10.0,31.0,11.0
7545,31.0,10.0,32.0,10.0
7546,31.0,10.0,31.0,10.0
7547,31.0,10.0,26.0,12.0
7548,31.0,10.0,31.0,10.0
7549,31.0,10.0,31.0,10.0
7550,31.0,10.0,32.0,10.0
7551,31.0,10.0,30.0,13.0
7552,31.0,10.0,26.0,12.0
7553,31.0,10.0,31.0,10.0
7554,31.0,10.0,31.0,11.0
7555,31.0,10.0,27.0,17.0
7556,31.0,10.0,31.0,11.0
7557,31.0,10.0,31.0,10.0
7558,31.0,10.0,28.0,14.0
7559,31.0,10.0,32.0,10.0
7560,31.0,10.0,31.0,10.0
7561,31.0,10.0,31.0,10.0
7562,31.0,10.0,31.0,10.0
7563,31.0,10.0,32.0,10.0
7564,31.0,10.0,27.0,17.0
7565,31.0,10.0,31.0,10.0
7566,31.0,10.0,32.0,10.0
7567,31.0,10.0,30.0,13.0
7568,31.0,10.0,31.0,10.0
7569,31.0,10.0,26.0,12.0
7570,31.0,10.0,31.0,10.0
7571,31.0,10.0,30.0,13.0
7572,31.0,10.0,26.0,12.0
7573,31.0,10.0,30.0,13.0
7574,31.0,10.0,31.0,11.0
7575,31.0,10.0,31.0,11.0
7576,31.0,10.0,30.0,13.0
7577,31.0,10.0,27.0,17.0
7578,31.0,10.0,27.0,17.0
7579,31.0,10.0,28.0,14.0
7580,31.0,10.0,31.0,10.0
7581,31.0,10.0,31.0,10.0
7582,31.0,10.0,32.0,10.0
7583,31.0,10.0,27.0,17.0
7584,31.0,10.0,32.0,10.0
7585,31.0,10.0,27.0,17.0
7586,31.0,10.0,28.0,14.0
7587,31.0,10.0,31.0,10.0
7588,31.0,10.0,28.0,14.0
7589,31.0,10.0,31.0,10.0
7590,31.0,10.0,31.0,10.0
7591,31.0,10.0,27.0,17.0
7592,31.0,10.0,32.0,10.0
7593,31.0,10.0,28.0,14.0
7594,31.0,10.0,31.0,11.0
7595,31.0,10.0,31.0,10.0
7596,31.0,10.0,30.0,13.0
7597,31.0,10.0,31.0,11.0
7598,31.0,10.0,31.0,10.0
7599,31.0,10.0,28.0,14.0
7600,31.0,10.0,28.0,14.0
7601,31.0,10.0,31.0,10.0
7602,31.0,10.0,26.0,12.0
7603,31.0,10.0,32.0,10.0
7604,31.0,10.0,28.0,14.0
7605,31.0,10.0,31.0,10.0
7606,31.0,10.0,28.0,14.0
7607,31.0,10.0,28.0,14.0
7608,31.0,10.0,31.0,10.0
7609,31.0,10.0,31.0,11.0
7610,31.0,10.0,28.0,14.0
7611,31.0,10.0,26.0,12.0
7612,31.0,10.0,31.0,10.0
7613,31.0,10.0,31.0,10.0
7614,31.0,10.0,26.0,12.0
7615,31.0,10.0,27.0,17.0
7616,31.0,10.0,26.0,12.0
7617,31.0,10.0,31.0,10.0
7618,31.0,10.0,28.0,14.0
7619,31.0,10.0,31.0,10.0
7620,31.0,10.0,32.0,10.0
7621,31.0,10.0,31.0,10.0
7622,31.0,10.0,31.0,11.0
7623,31.0,10.0,26.0,12.0
7624,31.0,10.0,31.0,11.0
7625,31.0,10.0,32.0,10.0
7626,31.0,10.0,28.0,14.0
7627,31.0,10.0,31.0,10.0
7628,31.0,10.0,30.0,13.0
7629,31.0,10.0,32.0,10.0
7630,31.0,10.0,31.0,10.0
7631,31.0,10.0,28.0,14.0
7632,31.0,10.0,31.0,11.0
7633,31.0,10.0,31.0,10.0
7634,31.0,10.0,26.0,12.0
7635,31.0,10.0,31.0,11.0
7636,31.0,10.0,28.0,14.0
7637,31.0,10.0,32.0,10.0
7638,31.0,10.0,30.0,13.0
7639,31.0,10.0,28.0,14.0
7640,31.0,10.0,26.0,12.0
7641,31.0,10.0,30.0,13.0
7642,31.0,10.0,30.0,13.0
7643,31.0,10.0,28.0,14.0
7644,31.0,10.0,31.0,10.0
7645,31.0,10.0,26.0,12.0
7646,31.0,10.0,27.0,17.0
7647,31.0,10.0,28.0,14.0
7648,31.0,10.0,27.0,17.0
7649,31.0,10.0,31.0,11.0
7650,31.0,10.0,31.0,10.0
7651,31.0,10.0,30.0,13.0
7652,31.0,10.0,31.0,10.0
7653,31.0,10.0,26.0,12.0
7654,31.0,10.0,28.0,14.0
7655,31.0,10.0,27.0,17.0
7656,31.0,10.0,31.0,10.0
7657,31.0,10.0,31.0,10.0
7658,31.0,10.0,31.0,10.0
7659,31.0,10.0,28.0,14.0
7660,31.0,10.0,31.0,10.0
7661,31.0,10.0,31.0,10.0
7662,31.0,10.0,27.0,17.0
7663,31.0,10.0,30.0,13.0
7664,31.0,10.0,32.0,10.0
7665,31.0,10.0,31.0,10.0
7666,31.0,10.0,30.0,13.0
7667,31.0,10.0,31.0,10.0
7668,31.0,10.0,32.0,10.0
7669,31.0,10.0,31.0,10.0
7670,31.0,10.0,32.0,10.0
7671,31.0,10.0,31.0,10.0
7672,31.0,10.0,28.0,14.0
7673,31.0,10.0,26.0,12.0
7674,31.0,10.0,31.0,10.0
7675,31.0,10.0,30.0,13.0
7676,31.0,10.0,28.0,14.0
7677,31.0,10.0,27.0,17.0
7678,31.0,10.0,31.0,10.0
7679,31.0,10.0,26.0,12.0
7680,31.0,10.0,28.0,14.0
7681,31.0,10.0,32.0,10.0
7682,31.0,10.0,31.0,10.0
7683,31.0,10.0,31.0,11.0
7684,31.0,10.0,27.0,17.0
7685,31.0,10.0,31.0,11.0
7686,31.0,10.0,31.0,10.0
7687,31.0,10.0,28.0,14.0
7688,31.0,10.0,32.0,10.0
7689,31.0,10.0,28.0,14.0
7690,31.0,10.0,27.0,17.0
7691,31.0,10.0,32.0,10.0
7692,31.0,10.0,32.0,10.0
7693,31.0,10.0,28.0,14.0
7694,31.0,10.0,31.0,10.0
7695,31.0,10.0,31.0,10.0
7696,31.0,10.0,32.0,10.0
7697,31.0,10.0,28.0,14.0
7698,31.0,10.0,28.0,14.0
7699,31.0,10.0,31.0,11.0
7700,31.0,10.0,30.0,13.0
7701,31.0,10.0,28.0,14.0
7702,31.0,10.0,32.0,10.0
7703,31.0,10.0,27.0,17.0
7704,31.0,10.0,32.0,10.0
7705,31.0,10.0,26.0,12.0
7706,31.0,10.0,31.0,10.0
7707,31.0,10.0,31.0,10.0
7708,31.0,10.0,30.0,13.0
7709,31.0,10.0,28.0,14.0
7710,31.0,10.0,31.0,10.0
7711,31.0,10.0,26.0,12.0
7712,31.0,10.0,31.0,10.0
7713,31.0,10.0,31.0,11.0
7714,31.0,10.0,28.0,14.0
7715,31.0,10.0,27.0,17.0
7716,31.0,10.0,31.0,10.0
7717,31.0,10.0,30.0,13.0
7718,31.0,10.0,31.0,11.0
7719,31.0,10.0,28.0,14.0
7720,31.0,10.0,31.0,10.0
7721,31.0,10.0,31.0,11.0
7722,31.0,10.0,32.0,10.0
7723,31.0,10.0,31.0,10.0
7724,31.0,10.0,32.0,10.0
7725,31.0,10.0,26.0,12.0
7726,31.0,10.0,32.0,10.0
7727,31.0,10.0,27.0,17.0
7728,31.0,10.0,26.0,12.0
7729,31.0,10.0,27.0,17.0
7730,31.0,10.0,31.0,11.0
7731,31.0,10.0,30.0,13.0
7732,31.0,10.0,31.0,11.0
7733,31.0,10.0,30.0,13.0
7734,31.0,10.0,28.0,14.0
7735,31.0,10.0,31.0,11.0
7736,31.0,10.0,31.0,10.0
7737,31.0,10.0,31.0,11.0
7738,31.0,10.0,31.0,11.0
7739,31.0,10.0,27.0,17.0
7740,31.0,10.0,30.0,13.0
7741,31.0,10.0,31.0,11.0
7742,31.0,10.0,28.0,14.0
7743,31.0,10.0,31.0,10.0
7744,31.0,10.0,32.0,10.0
7745,31.0,10.0,31.0,10.0
7746,31.0,10.0,26.0,12.0
7747,31.0,10.0,31.0,11.0
7748,31.0,10.0,31.0,10.0
7749,31.0,10.0,31.0,11.0
7750,31.0,10.0,31.0,10.0
7751,31.0,10.0,31.0,10.0
7752,31.0,10.0,27.0,17.0
7753,31.0,10.0,31.0,10.0
7754,31.0,10.0,31.0,10.0
7755,31.0,10.0,31.0,10.0
7756,31.0,10.0,30.0,13.0
7757,31.0,10.0,26.0,12.0
7758,31.0,10.0,26.0,12.0
7759,31.0,10.0,27.0,17.0
7760,31.0,10.0,28.0,14.0
7761,31.0,10.0,31.0,10.0
7762,31.0,10.0,31.0,11.0
7763,31.0,10.0,26.0,12.0
7764,31.0,10.0,32.0,10.0
7765,31.0,10.0,31.0,10.0
7766,31.0,10.0,30.0,13.0
7767,31.0,10.0,31.0,11.0
7768,31.0,10.0,31.0,10.0
7769,31.0,10.0,31.0,10.0
7770,31.0,10.0,27.0,17.0
7771,31.0,10.0,31.0,10.0
7772,31.0,10.0,31.0,10.0
7773,31.0,10.0,28.0,14.0
7774,31.0,10.0,27.0,17.0
7775,31.0,10.0,31.0,11.0
7776,31.0,10.0,28.0,14.0
7777,31.0,10.0,26.0,12.0
7778,31.0,10.0,31.0,10.0
7779,31.0,10.0,27.0,17.0
7780,31.0,10.0,28.0,14.0
7781,31.0,10.0,31.0,10.0
7782,31.0,10.0,31.0,10.0
7783,31.0,10.0,31.0,10.0
7784,31.0,10.0,30.0,13.0
7785,31.0,10.0,31.0,10.0
7786,31.0,10.0,31.0,11.0
7787,31.0,10.0,26.0,12.0
7788,31.0,10.0,32.0,10.0
7789,31.0,10.0,28.0,14.0
7790,31.0,10.0,31.0,11.0
7791,31.0,10.0,31.0,10.0
7792,31.0,10.0,31.0,10.0
7793,31.0,10.0,30.0,13.0
7794,31.0,10.0,27.0,17.0
7795,31.0,10.0,26.0,12.0
7796,31.0,10.0,31.0,11.0
7797,31.0,10.0,30.0,13.0
7798,31.0,10.0,26.0,12.0
7799,31.0,10.0,28.0,14.0
7800,31.0,10.0,30.0,13.0
7801,31.0,10.0,26.0,12.0
7802,31.0,10.0,31.0,10.0
7803,31.0,10.0,26.0,12.0
7804,31.0,10.0,28.0,14.0
7805,31.0,10.0,27.0,17.0
7806,31.0,10.0,31.0,10.0
7807,31.0,10.0,31.0,10.0
7808,31.0,10.0,32.0,10.0
7809,31.0,10.0,30.0,13.0
7810,31.0,10.0,31.0,10.0
7811,31.0,10.0,27.0,17.0
7812,31.0,10.0,31.0,10.0
7813,31.0,10.0,31.0,10.0
7814,31.0,10.0,31.0,10.0
7815,31.0,10.0,26.0,12.0
7816,31.0,10.0,26.0,12.0
7817,31.0,10.0,31.0,10.0
7818,31.0,10.0,31.0,10.0
7819,31.0,10.0,31.0,10.0
7820,31.0,10.0,26.0,12.0
7821,31.0,10.0,27.0,17.0
7822,31.0,10.0,26.0,12.0
7823,31.0,10.0,31.0,11.0
7824,31.0,10.0,31.0,10.0
7825,31.0,10.0,26.0,12.0
7826,31.0,10.0,27.0,17.0
7827,31.0,10.0,31.0,11.0
7828,31.0,10.0,31.0,10.0
7829,31.0,10.0,27.0,17.0
7830,31.0,10.0,26.0,12.0
7831,31.0,10.0,26.0,12.0
7832,31.0,10.0,28.0,14.0
7833,31.0,10.0,31.0,11.0
7834,31.0,10.0,30.0,13.0
7835,31.0,10.0,31.0,10.0
7836,31.0,10.0,26.0,12.0
7837,31.0,10.0,26.0,12.0
7838,31.0,10.0,31.0,10.0
7839,31.0,10.0,31.0,10.0
7840,31.0,10.0,27.0,17.0
7841,31.0,10.0,31.0,10.0
7842,31.0,10.0,31.0,11.0
7843,31.0,10.0,31.0,10.0
7844,31.0,10.0,32.0,10.0
7845,31.0,10.0,27.0,17.0
7846,31.0,10.0,31.0,10.0
7847,31.0,10.0,28.0,14.0
7848,31.0,10.0,30.0,13.0
7849,31.0,10.0,31.0,10.0
7850,31.0,10.0,31.0,11.0
7851,31.0,10.0,31.0,11.0
7852,31.0,10.0,31.0,11.0
7853,31.0,10.0,26.0,12.0
7854,31.0,10.0,31.0,11.0
7855,31.0,10.0,31.0,11.0
7856,31.0,10.0,28.0,14.0
7857,31.0,10.0,26.0,12.0
7858,31.0,10.0,31.0,11.0
7859,31.0,10.0,26.0,12.0
7860,31.0,10.0,32.0,10.0
7861,31.0,10.0,31.0,10.0
7862,31.0,10.0,27.0,17.0
7863,31.0,10.0,30.0,13.0
7864,31.0,10.0,31.0,10.0
7865,31.0,10.0,31.0,10.0
7866,31.0,10.0,30.0,13.0
7867,31.0,10.0,26.0,12.0
7868,31.0,10.0,31.0,11.0
7869,31.0,10.0,31.0,10.0
7870,31.0,10.0,28.0,14.0
7871,31.0,10.0,26.0,12.0
7872,31.0,10.0,32.0,10.0
7873,31.0,10.0,31.0,10.0
7874,31.0,10.0,31.0,10.0
7875,31.0,10.0,31.0,10.0
7876,31.0,10.0,31.0,10.0
7877,31.0,10.0,31.0,10.0
7878,31.0,10.0,31.0,10.0
7879,31.0,10.0,30.0,13.0
7880,31.0,10.0,30.0,13.0
7881,31.0,10.0,31.0,10.0
7882,31.0,10.0,30.0,13.0
7883,31.0,10.0,31.0,10.0
7884,31.0,10.0,27.0,17.0
7885,31.0,10.0,31.0,10.0
7886,31.0,10.0,31.0,11.0
7887,31.0,10.0,28.0,14.0
7888,31.0,10.0,31.0,11.0
7889,31.0,10.0,31.0,10.0
7890,31.0,10.0,27.0,17.0
7891,31.0,10.0,31.0,10.0
7892,31.0,10.0,26.0,12.0
7893,31.0,10.0,30.0,13.0
7894,31.0,10.0,31.0,10.0
7895,31.0,10.0,32.0,10.0
7896,31.0,10.0,27.0,17.0
7897,31.0,10.0,31.0,10.0
7898,31.0,10.0,32.0,10.0
7899,31.0,10.0,31.0,10.0
7900,31.0,10.0,27.0,17.0
7901,31.0,10.0,31.0,11.0
7902,31.0,10.0,31.0,10.0
7903,31.0,10.0,28.0,14.0
7904,31.0,10.0,27.0,17.0
7905,31.0,10.0,31.0,11.0
7906,31.0,10.0,27.0,17.0
7907,31.0,10.0,32.0,10.0
7908,31.0,10.0,27.0,17.0
7909,31.0,10.0,28.0,14.0
7910,31.0,10.0,31.0,11.0
7911,31.0,10.0,27.0,17.0
7912,31.0,10.0,31.0,10.0
7913,31.0,10.0,26.0,12.0
7914,31.0,10.0,30.0,13.0
7915,31.0,10.0,30.0,13.0
7916,31.0,10.0,31.0,10.0
7917,31.0,10.0,32.0,10.0
7918,31.0,10.0,31.0,10.0
7919,31.0,10.0,28.0,14.0
7920,31.0,10.0,32.0,10.0
7921,31.0,10.0,26.0,12.0
7922,31.0,10.0,26.0,12.0
7923,31.0,10.0,31.0,10.0
7924,31.0,10.0,28.0,14.0
7925,31.0,10.0,27.0,17.0
7926,31.0,10.0,30.0,13.0
7927,31.0,10.0,26.0,12.0
7928,31.0,10.0,31.0,10.0
7929,31.0,10.0,31.0,10.0
7930,31.0,10.0,27.0,17.0
7931,31.0,10.0,31.0,10.0
7932,31.0,10.0,27.0,17.0
7933,31.0,10.0,26.0,12.0
7934,31.0,10.0,31.0,10.0
7935,31.0,10.0,31.0,10.0
7936,31.0,10.0,32.0,10.0
7937,31.0,10.0,31.0,10.0
7938,31.0,10.0,26.0,12.0
7939,31.0,10.0,30.0,13.0
7940,31.0,10.0,31.0,10.0
7941,31.0,10.0,26.0,12.0
7942,31.0,10.0,31.0,10.0
7943,31.0,10.0,32.0,10.0
7944,31.0,10.0,28.0,14.0
7945,31.0,10.0,27.0,17.0
7946,31.0,10.0,27.0,17.0
7947,31.0,10.0,27.0,17.0
7948,31.0,10.0,30.0,13.0
7949,31.0,10.0,31.0,10.0
7950,31.0,10.0,28.0,14.0
7951,31.0,10.0,32.0,10.0
7952,31.0,10.0,32.0,10.0
7953,31.0,10.0,28.0,14.0
7954,31.0,10.0,28.0,14.0
7955,31.0,10.0,32.0,10.0
7956,31.0,10.0,27.0,17.0
7957,31.0,10.0,31.0,11.0
7958,31.0,10.0,27.0,17.0
7959,31.0,10.0,31.0,11.0
7960,31.0,10.0,31.0,10.0
7961,31.0,10.0,30.0,13.0
7962,31.0,10.0,31.0,11.0
7963,31.0,10.0,28.0,14.0
7964,31.0,10.0,26.0,12.0
7965,31.0,10.0,27.0,17.0
7966,31.0,10.0,31.0,10.0
7967,31.0,10.0,27.0,17.0
7968,31.0,10.0,28.0,14.0
7969,31.0,10.0,26.0,12.0
7970,31.0,10.0,31.0,10.0
7971,31.0,10.0,31.0,10.0
7972,31.0,10.0,31.0,11.0
7973,31.0,10.0,32.0,10.0
7974,31.0,10.0,28.0,14.0
7975,31.0,10.0,32.0,10.0
7976,31.0,10.0,31.0,10.0
7977,31.0,10.0,27.0,17.0
7978,31.0,10.0,26.0,12.0
7979,31.0,10.0,32.0,10.0
7980,31.0,10.0,30.0,13.0
7981,31.0,10.0,31.0,10.0
7982,31.0,10.0,32.0,10.0
7983,31.0,10.0,28.0,14.0
7984,31.0,10.0,31.0,10.0
7985,31.0,10.0,31.0,10.0
7986,31.0,10.0,26.0,12.0
7987,31.0,10.0,31.0,10.0
7988,31.0,10.0,26.0,12.0
7989,31.0,10.0,28.0,14.0
7990,31.0,10.0,27.0,17.0
7991,31.0,10.0,31.0,10.0
7992,31.0,10.0,31.0,10.0
7993,31.0,10.0,32.0,10.0
7994,31.0,10.0,28.0,14.0
7995,31.0,10.0,27.0,17.0
7996,31.0,10.0,30.0,13.0
7997,31.0,10.0,31.0,10.0
7998,31.0,10.0,26.0,12.0
7999,31.0,10.0,31.0,10.0
8000,31.0,10.0,30.0,13.0
8001,31.0,10.0,28.0,14.0
8002,31.0,10.0,31.0,10.0
8003,31.0,10.0,31.0,10.0
8004,31.0,10.0,26.0,12.0
8005,31.0,10.0,30.0,13.0
8006,31.0,10.0,30.0,13.0
8007,31.0,10.0,30.0,13.0
8008,31.0,10.0,28.0,14.0
8009,31.0,10.0,30.0,13.0
8010,31.0,10.0,31.0,10.0
8011,31.0,10.0,31.0,10.0
8012,31.0,10.0,27.0,17.0
8013,31.0,10.0,31.0,10.0
8014,31.0,10.0,32.0,10.0
8015,31.0,10.0,27.0,17.0
8016,31.0,10.0,31.0,11.0
8017,31.0,10.0,27.0,17.0
8018,31.0,10.0,31.0,10.0
8019,31.0,10.0,31.0,10.0
8020,31.0,10.0,26.0,12.0
8021,31.0,10.0,28.0,14.0
8022,31.0,10.0,30.0,13.0
8023,31.0,10.0,31.0,10.0
8024,31.0,10.0,27.0,17.0
8025,31.0,10.0,27.0,17.0
8026,31.0,10.0,28.0,14.0
8027,31.0,10.0,30.0,13.0
8028,31.0,10.0,31.0,10.0
8029,31.0,10.0,30.0,13.0
8030,31.0,10.0,32.0,10.0
8031,31.0,10.0,31.0,10.0
8032,31.0,10.0,31.0,10.0
8033,31.0,10.0,27.0,17.0
8034,31.0,10.0,31.0,10.0
8035,31.0,10.0,31.0,10.0
8036,31.0,10.0,31.0,10.0
8037,31.0,10.0,28.0,14.0
8038,31.0,10.0,32.0,10.0
8039,31.0,10.0,31.0,10.0
8040,31.0,10.0,31.0,11.0
8041,31.0,10.0,31.0,10.0
8042,31.0,10.0,31.0,10.0
8043,31.0,10.0,27.0,17.0
8044,31.0,10.0,31.0,10.0
8045,31.0,10.0,30.0,13.0
8046,31.0,10.0,31.0,11.0
8047,31.0,10.0,32.0,10.0
8048,31.0,10.0,32.0,10.0
8049,31.0,10.0,30.0,13.0
8050,31.0,10.0,31.0,10.0
8051,31.0,10.0,31.0,10.0
8052,31.0,10.0,31.0,10.0
8053,31.0,10.0,28.0,14.0
8054,31.0,10.0,27.0,17.0
8055,31.0,10.0,27.0,17.0
8056,31.0,10.0,26.0,12.0
8057,31.0,10.0,27.0,17.0
8058,31.0,10.0,26.0,12.0
8059,31.0,10.0,28.0,14.0
8060,31.0,10.0,28.0,14.0
8061,31.0,10.0,32.0,10.0
8062,31.0,10.0,31.0,10.0
8063,31.0,10.0,32.0,10.0
8064,31.0,10.0,32.0,10.0
8065,31.0,10.0,30.0,13.0
8066,31.0,10.0,31.0,10.0
8067,31.0,10.0,30.0,13.0
8068,31.0,10.0,31.0,11.0
8069,31.0,10.0,28.0,14.0
8070,31.0,10.0,31.0,10.0
8071,31.0,10.0,27.0,17.0
8072,31.0,10.0,26.0,12.0
8073,31.0,10.0,28.0,14.0
8074,31.0,10.0,28.0,14.0
8075,31.0,10.0,31.0,11.0
8076,31.0,10.0,31.0,10.0
8077,31.0,10.0,28.0,14.0
8078,31.0,10.0,28.0,14.0
8079,31.0,10.0,31.0,10.0
8080,31.0,10.0,26.0,12.0
8081,31.0,10.0,30.0,13.0
8082,31.0,10.0,28.0,14.0
8083,31.0,10.0,26.0,12.0
8084,31.0,10.0,31.0,10.0
8085,31.0,10.0,32.0,10.0
8086,31.0,10.0,28.0,14.0
8087,31.0,10.0,31.0,11.0
8088,31.0,10.0,31.0,10.0
8089,31.0,10.0,32.0,10.0
8090,31.0,10.0,31.0,11.0
8091,31.0,10.0,31.0,10.0
8092,31.0,10.0,31.0,10.0
8093,31.0,10.0,31.0,10.0
8094,31.0,10.0,31.0,10.0
8095,31.0,10.0,31.0,10.0
8096,31.0,10.0,31.0,10.0
8097,31.0,10.0,31.0,10.0
8098,31.0,10.0,31.0,11.0
8099,31.0,10.0,31.0,11.0
8100,31.0,10.0,31.0,10.0
8101,31.0,10.0,26.0,12.0
8102,31.0,10.0,28.0,14.0
8103,31.0,10.0,26.0,12.0
8104,31.0,10.0,28.0,14.0
8105,31.0,10.0,27.0,17.0
8106,31.0,10.0,31.0,10.0
8107,31.0,10.0,26.0,12.0
8108,31.0,10.0,30.0,13.0
8109,31.0,10.0,31.0,11.0
8110,31.0,10.0,28.0,14.0
8111,31.0,10.0,32.0,10.0
8112,31.0,10.0,28.0,14.0
8113,31.0,10.0,30.0,13.0
8114,31.0,10.0,27.0,17.0
8115,31.0,10.0,31.0,10.0
8116,31.0,10.0,31.0,10.0
8117,31.0,10.0,31.0,10.0
8118,31.0,10.0,30.0,13.0
8119,31.0,10.0,26.0,12.0
8120,31.0,10.0,32.0,10.0
8121,31.0,10.0,28.0,14.0
8122,31.0,10.0,28.0,14.0
8123,31.0,10.0,31.0,11.0
8124,31.0,10.0,26.0,12.0
8125,31.0,10.0,31.0,11.0
8126,31.0,10.0,30.0,13.0
8127,31.0,10.0,32.0,10.0
8128,31.0,10.0,32.0,10.0
8129,31.0,10.0,27.0,17.0
8130,31.0,10.0,27.0,17.0
8131,31.0,10.0,26.0,12.0
8132,31.0,10.0,28.0,14.0
8133,31.0,10.0,26.0,12.0
8134,31.0,10.0,26.0,12.0
8135,31.0,10.0,27.0,17.0
8136,31.0,10.0,28.0,14.0
8137,31.0,10.0,28.0,14.0
8138,31.0,10.0,31.0,10.0
8139,31.0,10.0,28.0,14.0
8140,31.0,10.0,31.0,10.0
8141,31.0,10.0,31.0,10.0
8142,31.0,10.0,32.0,10.0
8143,31.0,10.0,31.0,11.0
8144,31.0,10.0,32.0,10.0
8145,31.0,10.0,31.0,10.0
8146,31.0,10.0,27.0,17.0
8147,31.0,10.0,31.0,10.0
8148,31.0,10.0,26.0,12.0
8149,31.0,10.0,32.0,10.0
8150,31.0,10.0,27.0,17.0
8151,31.0,10.0,31.0,10.0
8152,31.0,10.0,31.0,11.0
8153,31.0,10.0,31.0,10.0
8154,31.0,10.0,27.0,17.0
8155,31.0,10.0,32.0,10.0
8156,31.0,10.0,32.0,10.0
8157,31.0,10.0,31.0,10.0
8158,31.0,10.0,28.0,14.0
8159,31.0,10.0,31.0,10.0
8160,31.0,10.0,32.0,10.0
8161,31.0,10.0,31.0,11.0
8162,31.0,10.0,30.0,13.0
8163,31.0,10.0,31.0,10.0
8164,31.0,10.0,30.0,13.0
8165,31.0,10.0,28.0,14.0
8166,31.0,10.0,28.0,14.0
8167,31.0,10.0,27.0,17.0
8168,31.0,10.0,31.0,10.0
8169,31.0,10.0,31.0,10.0
8170,31.0,10.0,31.0,10.0
8171,31.0,10.0,31.0,11.0
8172,31.0,10.0,28.0,14.0
8173,31.0,10.0,27.0,17.0
8174,31.0,10.0,32.0,10.0
8175,31.0,10.0,31.0,10.0
8176,31.0,10.0,31.0,10.0
8177,31.0,10.0,28.0,14.0
8178,31.0,10.0,28.0,14.0
8179,31.0,10.0,31.0,11.0
8180,31.0,10.0,27.0,17.0
8181,31.0,10.0,31.0,10.0
8182,31.0,10.0,31.0,10.0
8183,31.0,10.0,32.0,10.0
8184,31.0,10.0,27.0,17.0
8185,31.0,10.0,31.0,11.0
8186,31.0,10.0,31.0,10.0
8187,31.0,10.0,31.0,11.0
8188,31.0,10.0,31.0,10.0
8189,31.0,10.0,32.0,10.0
8190,31.0,10.0,31.0,10.0
8191,31.0,10.0,28.0,14.0
8192,31.0,10.0,28.0,14.0
8193,31.0,10.0,30.0,13.0
8194,31.0,10.0,30.0,13.0
8195,31.0,10.0,31.0,10.0
8196,31.0,10.0,27.0,17.0
8197,31.0,10.0,28.0,14.0
8198,31.0,10.0,30.0,13.0
8199,31.0,10.0,31.0,10.0
8200,31.0,10.0,31.0,10.0
8201,31.0,10.0,30.0,13.0
8202,31.0,10.0,31.0,11.0
8203,31.0,10.0,31.0,10.0
8204,31.0,10.0,28.0,14.0
8205,31.0,10.0,31.0,10.0
8206,31.0,10.0,31.0,11.0
8207,31.0,10.0,28.0,14.0
8208,31.0,10.0,26.0,12.0
8209,31.0,10.0,27.0,17.0
8210,31.0,10.0,31.0,10.0
8211,31.0,10.0,28.0,14.0
8212,31.0,10.0,31.0,10.0
8213,31.0,10.0,28.0,14.0
8214,31.0,10.0,32.0,10.0
8215,31.0,10.0,31.0,10.0
8216,31.0,10.0,31.0,10.0
8217,31.0,10.0,31.0,11.0
8218,31.0,10.0,27.0,17.0
8219,31.0,10.0,27.0,17.0
8220,31.0,10.0,27.0,17.0
8221,31.0,10.0,27.0,17.0
8222,31.0,10.0,30.0,13.0
8223,31.0,10.0,32.0,10.0
8224,31.0,10.0,31.0,10.0
8225,31.0,10.0,28.0,14.0
8226,31.0,10.0,27.0,17.0
8227,31.0,10.0,26.0,12.0
8228,31.0,10.0,27.0,17.0
8229,31.0,10.0,26.0,12.0
8230,31.0,10.0,31.0,11.0
8231,31.0,10.0,31.0,10.0
8232,31.0,10.0,30.0,13.0
8233,31.0,10.0,31.0,11.0
8234,31.0,10.0,28.0,14.0
8235,31.0,10.0,30.0,13.0
8236,31.0,10.0,27.0,17.0
8237,31.0,10.0,27.0,17.0
8238,31.0,10.0,31.0,10.0
8239,31.0,10.0,26.0,12.0
8240,31.0,10.0,28.0,14.0
8241,31.0,10.0,32.0,10.0
8242,31.0,10.0,31.0,10.0
8243,31.0,10.0,32.0,10.0
8244,31.0,10.0,28.0,14.0
8245,31.0,10.0,30.0,13.0
8246,31.0,10.0,28.0,14.0
8247,31.0,10.0,28.0,14.0
8248,31.0,10.0,27.0,17.0
8249,31.0,10.0,28.0,14.0
8250,31.0,10.0,27.0,17.0
8251,31.0,10.0,31.0,10.0
8252,31.0,10.0,30.0,13.0
8253,31.0,10.0,31.0,11.0
8254,31.0,10.0,26.0,12.0
8255,31.0,10.0,28.0,14.0
8256,31.0,10.0,26.0,12.0
8257,31.0,10.0,26.0,12.0
8258,31.0,10.0,31.0,10.0
8259,31.0,10.0,31.0,10.0
8260,31.0,10.0,27.0,17.0
8261,31.0,10.0,32.0,10.0
8262,31.0,10.0,27.0,17.0
8263,31.0,10.0,26.0,12.0
8264,31.0,10.0,31.0,10.0
8265,31.0,10.0,31.0,10.0
8266,31.0,10.0,27.0,17.0
8267,31.0,10.0,31.0,11.0
8268,31.0,10.0,26.0,12.0
8269,31.0,10.0,28.0,14.0
8270,31.0,10.0,27.0,17.0
8271,31.0,10.0,32.0,10.0
8272,31.0,10.0,31.0,10.0
8273,31.0,10.0,30.0,13.0
8274,31.0,10.0,31.0,10.0
8275,31.0,10.0,26.0,12.0
8276,31.0,10.0,32.0,10.0
8277,31.0,10.0,26.0,12.0
8278,31.0,10.0,30.0,13.0
8279,31.0,10.0,28.0,14.0
8280,31.0,10.0,31.0,10.0
8281,31.0,10.0,31.0,10.0
8282,31.0,10.0,27.0,17.0
8283,31.0,10.0,30.0,13.0
8284,31.0,10.0,30.0,13.0
8285,31.0,10.0,31.0,10.0
8286,31.0,10.0,27.0,17.0
8287,31.0,10.0,31.0,10.0
8288,31.0,10.0,28.0,14.0
8289,31.0,10.0,28.0,14.0
8290,31.0,10.0,31.0,10.0
8291,31.0,10.0,31.0,10.0
8292,31.0,10.0,30.0,13.0
8293,31.0,10.0,27.0,17.0
8294,31.0,10.0,31.0,11.0
8295,31.0,10.0,27.0,17.0
8296,31.0,10.0,30.0,13.0
8297,31.0,10.0,31.0,10.0
8298,31.0,10.0,31.0,10.0
8299,31.0,10.0,27.0,17.0
8300,31.0,10.0,28.0,14.0
8301,31.0,10.0,31.0,11.0
8302,31.0,10.0,31.0,11.0
8303,31.0,10.0,31.0,10.0
8304,31.0,10.0,32.0,10.0
8305,31.0,10.0,27.0,17.0
8306,31.0,10.0,27.0,17.0
8307,31.0,10.0,30.0,13.0
8308,31.0,10.0,28.0,14.0
8309,31.0,10.0,31.0,10.0
8310,31.0,10.0,31.0,11.0
8311,31.0,10.0,31.0,10.0
8312,31.0,10.0,27.0,17.0
8313,31.0,10.0,26.0,12.0
8314,31.0,10.0,28.0,14.0
8315,31.0,10.0,31.0,10.0
8316,31.0,10.0,26.0,12.0
8317,31.0,10.0,28.0,14.0
8318,31.0,10.0,31.0,10.0
8319,31.0,10.0,31.0,11.0
8320,31.0,10.0,26.0,12.0
8321,31.0,10.0,27.0,17.0
8322,31.0,10.0,31.0,10.0
8323,31.0,10.0,28.0,14.0
8324,31.0,10.0,32.0,10.0
8325,31.0,10.0,31.0,10.0
8326,31.0,10.0,32.0,10.0
8327,31.0,10.0,31.0,11.0
8328,31.0,10.0,28.0,14.0
8329,31.0,10.0,26.0,12.0
8330,31.0,10.0,28.0,14.0
8331,31.0,10.0,31.0,11.0
8332,31.0,10.0,31.0,10.0
8333,31.0,10.0,31.0,10.0
8334,31.0,10.0,32.0,10.0
8335,31.0,10.0,30.0,13.0
8336,31.0,10.0,32.0,10.0
8337,31.0,10.0,31.0,10.0
8338,31.0,10.0,31.0,10.0
8339,31.0,10.0,30.0,13.0
8340,31.0,10.0,31.0,10.0
8341,31.0,10.0,26.0,12.0
8342,31.0,10.0,28.0,14.0
8343,31.0,10.0,31.0,10.0
8344,31.0,10.0,26.0,12.0
8345,31.0,10.0,28.0,14.0
8346,31.0,10.0,26.0,12.0
8347,31.0,10.0,28.0,14.0
8348,31.0,10.0,31.0,10.0
8349,31.0,10.0,32.0,10.0
8350,31.0,10.0,32.0,10.0
8351,31.0,10.0,26.0,12.0
8352,31.0,10.0,31.0,10.0
8353,31.0,10.0,32.0,10.0
8354,31.0,10.0,28.0,14.0
8355,31.0,10.0,32.0,10.0
8356,31.0,10.0,26.0,12.0
8357,31.0,10.0,27.0,17.0
8358,31.0,10.0,31.0,11.0
8359,31.0,10.0,27.0,17.0
8360,31.0,10.0,32.0,10.0
8361,31.0,10.0,30.0,13.0
8362,31.0,10.0,26.0,12.0
8363,31.0,10.0,32.0,10.0
8364,31.0,10.0,28.0,14.0
8365,31.0,10.0,32.0,10.0
8366,31.0,10.0,26.0,12.0
8367,31.0,10.0,31.0,10.0
8368,31.0,10.0,31.0,10.0
8369,31.0,10.0,28.0,14.0
8370,31.0,10.0,26.0,12.0
8371,31.0,10.0,30.0,13.0
8372,31.0,10.0,30.0,13.0
8373,31.0,10.0,27.0,17.0
8374,31.0,10.0,31.0,10.0
8375,31.0,10.0,30.0,13.0
8376,31.0,10.0,31.0,11.0
8377,31.0,10.0,28.0,14.0
8378,31.0,10.0,28.0,14.0
8379,31.0,10.0,31.0,10.0
8380,31.0,10.0,32.0,10.0
8381,31.0,10.0,31.0,10.0
8382,31.0,10.0,28.0,14.0
8383,31.0,10.0,30.0,13.0
8384,31.0,10.0,31.0,10.0
8385,31.0,10.0,32.0,10.0
8386,31.0,10.0,28.0,14.0
8387,31.0,10.0,31.0,10.0
8388,31.0,10.0,31.0,10.0
8389,31.0,10.0,31.0,11.0
8390,31.0,10.0,27.0,17.0
8391,31.0,10.0,30.0,13.0
8392,31.0,10.0,28.0,14.0
8393,31.0,10.0,27.0,17.0
8394,31.0,10.0,31.0,10.0
8395,31.0,10.0,31.0,10.0
8396,31.0,10.0,26.0,12.0
8397,31.0,10.0,26.0,12.0
8398,31.0,10.0,31.0,10.0
8399,31.0,10.0,28.0,14.0
8400,31.0,10.0,28.0,14.0
8401,31.0,10.0,31.0,11.0
8402,31.0,10.0,31.0,11.0
8403,31.0,10.0,28.0,14.0
8404,31.0,10.0,31.0,11.0
8405,31.0,10.0,31.0,10.0
8406,31.0,10.0,32.0,10.0
8407,31.0,10.0,31.0,10.0
8408,31.0,10.0,27.0,17.0
8409,31.0,10.0,28.0,14.0
8410,31.0,10.0,27.0,17.0
8411,31.0,10.0,26.0,12.0
8412,31.0,10.0,31.0,10.0
8413,31.0,10.0,30.0,13.0
8414,31.0,10.0,27.0,17.0
8415,31.0,10.0,27.0,17.0
8416,31.0,10.0,28.0,14.0
8417,31.0,10.0,31.0,11.0
8418,31.0,10.0,31.0,10.0
8419,31.0,10.0,31.0,10.0
8420,31.0,10.0,32.0,10.0
8421,31.0,10.0,31.0,11.0
8422,31.0,10.0,28.0,14.0
8423,31.0,10.0,31.0,11.0
8424,31.0,10.0,31.0,10.0
8425,31.0,10.0,27.0,17.0
8426,31.0,10.0,30.0,13.0
8427,31.0,10.0,31.0,11.0
8428,31.0,10.0,31.0,10.0
8429,31.0,10.0,31.0,10.0
8430,31.0,10.0,28.0,14.0
8431,31.0,10.0,26.0,12.0
8432,31.0,10.0,27.0,17.0
8433,31.0,10.0,30.0,13.0
8434,31.0,10.0,30.0,13.0
8435,31.0,10.0,32.0,10.0
8436,31.0,10.0,28.0,14.0
8437,31.0,10.0,31.0,10.0
8438,31.0,10.0,31.0,10.0
8439,31.0,10.0,26.0,12.0
8440,31.0,10.0,31.0,10.0
8441,31.0,10.0,27.0,17.0
8442,31.0,10.0,28.0,14.0
8443,31.0,10.0,28.0,14.0
8444,31.0,10.0,27.0,17.0
8445,31.0,10.0,31.0,10.0
8446,31.0,10.0,30.0,13.0
8447,31.0,10.0,32.0,10.0
8448,31.0,10.0,31.0,10.0
8449,31.0,10.0,31.0,10.0
8450,31.0,10.0,31.0,10.0
8451,31.0,10.0,27.0,17.0
8452,31.0,10.0,28.0,14.0
8453,31.0,10.0,31.0,11.0
8454,31.0,10.0,31.0,10.0
8455,31.0,10.0,27.0,17.0
8456,31.0,10.0,31.0,11.0
8457,31.0,10.0,28.0,14.0
8458,31.0,10.0,31.0,10.0
8459,31.0,10.0,26.0,12.0
8460,31.0,10.0,28.0,14.0
8461,31.0,10.0,28.0,14.0
8462,31.0,10.0,27.0,17.0
8463,31.0,10.0,31.0,10.0
8464,31.0,10.0,28.0,14.0
8465,31.0,10.0,31.0,10.0
8466,31.0,10.0,28.0,14.0
8467,31.0,10.0,32.0,10.0
8468,31.0,10.0,28.0,14.0
8469,31.0,10.0,32.0,10.0
8470,31.0,10.0,26.0,12.0
8471,31.0,10.0,27.0,17.0
8472,31.0,10.0,26.0,12.0
8473,31.0,10.0,31.0,10.0
8474,31.0,10.0,27.0,17.0
8475,31.0,10.0,31.0,10.0
8476,31.0,10.0,32.0,10.0
8477,31.0,10.0,30.0,13.0
8478,31.0,10.0,30.0,13.0
8479,31.0,10.0,30.0,13.0
8480,31.0,10.0,31.0,10.0
8481,31.0,10.0,28.0,14.0
8482,31.0,10.0,28.0,14.0
8483,31.0,10.0,28.0,14.0
8484,31.0,10.0,30.0,13.0
8485,31.0,10.0,30.0,13.0
8486,31.0,10.0,31.0,10.0
8487,31.0,10.0,28.0,14.0
8488,31.0,10.0,31.0,11.0
8489,31.0,10.0,31.0,11.0
8490,31.0,10.0,31.0,11.0
8491,31.0,10.0,31.0,10.0
8492,31.0,10.0,30.0,13.0
8493,31.0,10.0,31.0,11.0
8494,31.0,10.0,26.0,12.0
8495,31.0,10.0,27.0,17.0
8496,31.0,10.0,31.0,11.0
8497,31.0,10.0,32.0,10.0
8498,31.0,10.0,31.0,10.0
8499,31.0,10.0,31.0,11.0
8500,31.0,10.0,32.0,10.0
8501,31.0,10.0,32.0,10.0
8502,31.0,10.0,28.0,14.0
8503,31.0,10.0,27.0,17.0
8504,31.0,10.0,28.0,14.0
8505,31.0,10.0,27.0,17.0
8506,31.0,10.0,28.0,14.0
8507,31.0,10.0,31.0,11.0
8508,31.0,10.0,28.0,14.0
8509,31.0,10.0,31.0,10.0
8510,31.0,10.0,26.0,12.0
8511,31.0,10.0,31.0,10.0
8512,31.0,10.0,26.0,12.0
8513,31.0,10.0,31.0,10.0
8514,31.0,10.0,31.0,11.0
8515,31.0,10.0,27.0,17.0
8516,31.0,10.0,28.0,14.0
8517,31.0,10.0,28.0,14.0
8518,31.0,10.0,28.0,14.0
8519,31.0,10.0,31.0,10.0
8520,31.0,10.0,26.0,12.0
8521,31.0,10.0,27.0,17.0
8522,31.0,10.0,31.0,11.0
8523,31.0,10.0,28.0,14.0
8524,31.0,10.0,31.0,10.0
8525,31.0,10.0,32.0,10.0
8526,31.0,10.0,31.0,11.0
8527,31.0,10.0,27.0,17.0
8528,31.0,10.0,32.0,10.0
8529,31.0,10.0,31.0,10.0
8530,31.0,10.0,28.0,14.0
8531,31.0,10.0,28.0,14.0
8532,31.0,10.0,26.0,12.0
8533,31.0,10.0,30.0,13.0
8534,31.0,10.0,26.0,12.0
8535,31.0,10.0,31.0,10.0
8536,31.0,10.0,30.0,13.0
8537,31.0,10.0,27.0,17.0
8538,31.0,10.0,31.0,11.0
8539,31.0,10.0,31.0,10.0
8540,31.0,10.0,32.0,10.0
8541,31.0,10.0,26.0,12.0
8542,31.0,10.0,32.0,10.0
8543,31.0,10.0,32.0,10.0
8544,31.0,10.0,26.0,12.0
8545,31.0,10.0,30.0,13.0
8546,31.0,10.0,31.0,11.0
8547,31.0,10.0,31.0,10.0
8548,31.0,10.0,32.0,10.0
8549,31.0,10.0,27.0,17.0
8550,31.0,10.0,26.0,12.0
8551,31.0,10.0,30.0,13.0
8552,31.0,10.0,31.0,11.0
8553,31.0,10.0,31.0,11.0
8554,31.0,10.0,32.0,10.0
8555,31.0,10.0,30.0,13.0
8556,31.0,10.0,28.0,14.0
8557,31.0,10.0,26.0,12.0
8558,31.0,10.0,28.0,14.0
8559,31.0,10.0,30.0,13.0
8560,31.0,10.0,31.0,10.0
8561,31.0,10.0,31.0,10.0
8562,31.0,10.0,31.0,10.0
8563,31.0,10.0,28.0,14.0
8564,31.0,10.0,26.0,12.0
8565,31.0,10.0,30.0,13.0
8566,31.0,10.0,28.0,14.0
8567,31.0,10.0,31.0,10.0
8568,31.0,10.0,27.0,17.0
8569,31.0,10.0,32.0,10.0
8570,31.0,10.0,32.0,10.0
8571,31.0,10.0,31.0,10.0
8572,31.0,10.0,31.0,10.0
8573,31.0,10.0,28.0,14.0
8574,31.0,10.0,31.0,10.0
8575,31.0,10.0,31.0,10.0
8576,31.0,10.0,32.0,10.0
8577,31.0,10.0,31.0,10.0
8578,31.0,10.0,31.0,11.0
8579,31.0,10.0,31.0,10.0
8580,31.0,10.0,31.0,10.0
8581,31.0,10.0,28.0,14.0
8582,31.0,10.0,26.0,12.0
8583,31.0,10.0,31.0,10.0
8584,31.0,10.0,31.0,10.0
8585,31.0,10.0,27.0,17.0
8586,31.0,10.0,26.0,12.0
8587,31.0,10.0,31.0,10.0
8588,31.0,10.0,30.0,13.0
8589,31.0,10.0,27.0,17.0
8590,31.0,10.0,31.0,10.0
8591,31.0,10.0,30.0,13.0
8592,31.0,10.0,31.0,10.0
8593,31.0,10.0,31.0,10.0
8594,31.0,10.0,31.0,10.0
8595,31.0,10.0,26.0,12.0
8596,31.0,10.0,26.0,12.0
8597,31.0,10.0,31.0,10.0
8598,31.0,10.0,31.0,10.0
8599,31.0,10.0,30.0,13.0
8600,31.0,10.0,28.0,14.0
8601,31.0,10.0,30.0,13.0
8602,31.0,10.0,32.0,10.0
8603,31.0,10.0,28.0,14.0
8604,31.0,10.0,31.0,10.0
8605,31.0,10.0,27.0,17.0
8606,31.0,10.0,31.0,10.0
8607,31.0,10.0,31.0,10.0
8608,31.0,10.0,26.0,12.0
8609,31.0,10.0,31.0,11.0
8610,31.0,10.0,28.0,14.0
8611,31.0,10.0,28.0,14.0
8612,31.0,10.0,30.0,13.0
8613,31.0,10.0,28.0,14.0
8614,31.0,10.0,28.0,14.0
8615,31.0,10.0,31.0,10.0
8616,31.0,10.0,31.0,10.0
8617,31.0,10.0,32.0,10.0
8618,31.0,10.0,26.0,12.0
8619,31.0,10.0,27.0,17.0
8620,31.0,10.0,27.0,17.0
8621,31.0,10.0,32.0,10.0
8622,31.0,10.0,26.0,12.0
8623,31.0,10.0,26.0,12.0
8624,31.0,10.0,31.0,10.0
8625,31.0,10.0,31.0,10.0
8626,31.0,10.0,31.0,10.0
8627,31.0,10.0,28.0,14.0
8628,31.0,10.0,26.0,12.0
8629,31.0,10.0,28.0,14.0
8630,31.0,10.0,27.0,17.0
8631,31.0,10.0,31.0,10.0
8632,31.0,10.0,31.0,10.0
8633,31.0,10.0,27.0,17.0
8634,31.0,10.0,28.0,14.0
8635,31.0,10.0,27.0,17.0
8636,31.0,10.0,31.0,10.0
8637,31.0,10.0,32.0,10.0
8638,31.0,10.0,28.0,14.0
8639,31.0,10.0,31.0,10.0
8640,31.0,10.0,31.0,10.0
8641,31.0,10.0,28.0,14.0
8642,31.0,10.0,30.0,13.0
8643,31.0,10.0,27.0,17.0
8644,31.0,10.0,31.0,10.0
8645,31.0,10.0,31.0,10.0
8646,31.0,10.0,31.0,11.0
8647,31.0,10.0,31.0,11.0
8648,31.0,10.0,31.0,10.0
8649,31.0,10.0,27.0,17.0
8650,31.0,10.0,28.0,14.0
8651,31.0,10.0,30.0,13.0
8652,31.0,10.0,30.0,13.0
8653,31.0,10.0,31.0,10.0
8654,31.0,10.0,31.0,11.0
8655,31.0,10.0,31.0,11.0
8656,31.0,10.0,26.0,12.0
8657,31.0,10.0,28.0,14.0
8658,31.0,10.0,31.0,10.0
8659,31.0,10.0,26.0,12.0
8660,31.0,10.0,28.0,14.0
8661,31.0,10.0,32.0,10.0
8662,31.0,10.0,30.0,13.0
8663,31.0,10.0,27.0,17.0
8664,31.0,10.0,26.0,12.0
8665,31.0,10.0,30.0,13.0
8666,31.0,10.0,31.0,10.0
8667,31.0,10.0,30.0,13.0
8668,31.0,10.0,30.0,13.0
8669,31.0,10.0,31.0,10.0
8670,31.0,10.0,31.0,10.0
8671,31.0,10.0,28.0,14.0
8672,31.0,10.0,26.0,12.0
8673,31.0,10.0,32.0,10.0
8674,31.0,10.0,32.0,10.0
8675,31.0,10.0,31.0,11.0
8676,31.0,10.0,26.0,12.0
8677,31.0,10.0,31.0,10.0
8678,31.0,10.0,31.0,10.0
8679,31.0,10.0,32.0,10.0
8680,31.0,10.0,31.0,10.0
8681,31.0,10.0,26.0,12.0
8682,31.0,10.0,31.0,10.0
8683,31.0,10.0,31.0,10.0
8684,31.0,10.0,30.0,13.0
8685,31.0,10.0,32.0,10.0
8686,31.0,10.0,31.0,11.0
8687,31.0,10.0,31.0,10.0
8688,31.0,10.0,26.0,12.0
8689,31.0,10.0,28.0,14.0
8690,31.0,10.0,26.0,12.0
8691,31.0,10.0,26.0,12.0
8692,31.0,10.0,31.0,10.0
8693,31.0,10.0,32.0,10.0
8694,31.0,10.0,28.0,14.0
8695,31.0,10.0,26.0,12.0
8696,31.0,10.0,31.0,10.0
8697,31.0,10.0,31.0,10.0
8698,31.0,10.0,31.0,10.0
8699,31.0,10.0,30.0,13.0
8700,31.0,10.0,27.0,17.0
8701,31.0,10.0,26.0,12.0
8702,31.0,10.0,31.0,10.0
8703,31.0,10.0,31.0,10.0
8704,31.0,10.0,32.0,10.0
8705,31.0,10.0,30.0,13.0
8706,31.0,10.0,31.0,11.0
8707,31.0,10.0,30.0,13.0
8708,31.0,10.0,32.0,10.0
8709,31.0,10.0,27.0,17.0
8710,31.0,10.0,32.0,10.0
8711,31.0,10.0,31.0,10.0
8712,31.0,10.0,27.0,17.0
8713,31.0,10.0,26.0,12.0
8714,31.0,10.0,26.0,12.0
8715,31.0,10.0,32.0,10.0
8716,31.0,10.0,32.0,10.0
8717,31.0,10.0,26.0,12.0
8718,31.0,10.0,30.0,13.0
8719,31.0,10.0,28.0,14.0
8720,31.0,10.0,30.0,13.0
8721,31.0,10.0,32.0,10.0
8722,31.0,10.0,30.0,13.0
8723,31.0,10.0,27.0,17.0
8724,31.0,10.0,31.0,11.0
8725,31.0,10.0,31.0,10.0
8726,31.0,10.0,28.0,14.0
8727,31.0,10.0,31.0,10.0
8728,31.0,10.0,31.0,10.0
8729,31.0,10.0,31.0,10.0
8730,31.0,10.0,31.0,10.0
8731,31.0,10.0,32.0,10.0
8732,31.0,10.0,32.0,10.0
8733,31.0,10.0,27.0,17.0
8734,31.0,10.0,27.0,17.0
8735,31.0,10.0,30.0,13.0
8736,31.0,10.0,31.0,11.0
8737,31.0,10.0,31.0,10.0
8738,31.0,10.0,32.0,10.0
8739,31.0,10.0,28.0,14.0
8740,31.0,10.0,30.0,13.0
8741,31.0,10.0,32.0,10.0
8742,31.0,10.0,28.0,14.0
8743,31.0,10.0,26.0,12.0
8744,31.0,10.0,28.0,14.0
8745,31.0,10.0,28.0,14.0
8746,31.0,10.0,31.0,10.0
8747,31.0,10.0,28.0,14.0
8748,31.0,10.0,28.0,14.0
8749,31.0,10.0,31.0,10.0
8750,31.0,10.0,32.0,10.0
8751,31.0,10.0,31.0,11.0
8752,31.0,10.0,26.0,12.0
8753,31.0,10.0,30.0,13.0
8754,31.0,10.0,31.0,10.0
8755,31.0,10.0,32.0,10.0
8756,31.0,10.0,31.0,11.0
8757,31.0,10.0,31.0,10.0
8758,31.0,10.0,27.0,17.0
8759,31.0,10.0,31.0,10.0
8760,31.0,10.0,31.0,10.0
8761,31.0,10.0,31.0,11.0
8762,31.0,10.0,31.0,10.0
8763,31.0,10.0,31.0,11.0
8764,31.0,10.0,31.0,10.0
8765,31.0,10.0,31.0,10.0
8766,31.0,10.0,32.0,10.0
8767,31.0,10.0,28.0,14.0
8768,31.0,10.0,28.0,14.0
8769,31.0,10.0,26.0,12.0
8770,31.0,10.0,31.0,10.0
8771,31.0,10.0,27.0,17.0
8772,31.0,10.0,28.0,14.0
8773,31.0,10.0,27.0,17.0
8774,31.0,10.0,31.0,11.0
8775,31.0,10.0,30.0,13.0
8776,31.0,10.0,31.0,10.0
8777,31.0,10.0,31.0,10.0
8778,31.0,10.0,31.0,10.0
8779,31.0,10.0,31.0,10.0
8780,31.0,10.0,30.0,13.0
8781,31.0,10.0,28.0,14.0
8782,31.0,10.0,31.0,10.0
8783,31.0,10.0,28.0,14.0
8784,31.0,10.0,26.0,12.0
8785,31.0,10.0,31.0,10.0
8786,31.0,10.0,32.0,10.0
8787,31.0,10.0,26.0,12.0
8788,31.0,10.0,30.0,13.0
8789,31.0,10.0,31.0,10.0
8790,31.0,10.0,26.0,12.0
8791,31.0,10.0,31.0,10.0
8792,31.0,10.0,31.0,10.0
8793,31.0,10.0,31.0,10.0
8794,31.0,10.0,31.0,10.0
8795,31.0,10.0,31.0,10.0
8796,31.0,10.0,28.0,14.0
8797,31.0,10.0,28.0,14.0
8798,31.0,10.0,28.0,14.0
8799,31.0,10.0,27.0,17.0
8800,31.0,10.0,31.0,10.0
8801,31.0,10.0,27.0,17.0
8802,31.0,10.0,30.0,13.0
8803,31.0,10.0,31.0,10.0
8804,31.0,10.0,31.0,10.0
8805,31.0,10.0,31.0,11.0
8806,31.0,10.0,31.0,10.0
8807,31.0,10.0,32.0,10.0
8808,31.0,10.0,30.0,13.0
8809,31.0,10.0,28.0,14.0
8810,31.0,10.0,32.0,10.0
8811,31.0,10.0,28.0,14.0
8812,31.0,10.0,31.0,10.0
8813,31.0,10.0,31.0,10.0
8814,31.0,10.0,27.0,17.0
8815,31.0,10.0,32.0,10.0
8816,31.0,10.0,28.0,14.0
8817,31.0,10.0,26.0,12.0
8818,31.0,10.0,31.0,10.0
8819,31.0,10.0,30.0,13.0
8820,31.0,10.0,31.0,10.0
8821,31.0,10.0,30.0,13.0
8822,31.0,10.0,31.0,10.0
8823,31.0,10.0,31.0,10.0
8824,31.0,10.0,28.0,14.0
8825,31.0,10.0,28.0,14.0
8826,31.0,10.0,26.0,12.0
8827,31.0,10.0,32.0,10.0
8828,31.0,10.0,28.0,14.0
8829,31.0,10.0,31.0,10.0
8830,31.0,10.0,31.0,10.0
8831,31.0,10.0,31.0,10.0
8832,31.0,10.0,26.0,12.0
8833,31.0,10.0,28.0,14.0
8834,31.0,10.0,31.0,10.0
8835,31.0,10.0,30.0,13.0
8836,31.0,10.0,32.0,10.0
8837,31.0,10.0,30.0,13.0
8838,31.0,10.0,32.0,10.0
8839,31.0,10.0,32.0,10.0
8840,31.0,10.0,32.0,10.0
8841,31.0,10.0,31.0,10.0
8842,31.0,10.0,28.0,14.0
8843,31.0,10.0,27.0,17.0
8844,31.0,10.0,30.0,13.0
8845,31.0,10.0,30.0,13.0
8846,31.0,10.0,32.0,10.0
8847,31.0,10.0,31.0,10.0
8848,31.0,10.0,31.0,10.0
8849,31.0,10.0,30.0,13.0
8850,31.0,10.0,28.0,14.0
8851,31.0,10.0,27.0,17.0
8852,31.0,10.0,30.0,13.0
8853,31.0,10.0,31.0,10.0
8854,31.0,10.0,28.0,14.0
8855,31.0,10.0,31.0,10.0
8856,31.0,10.0,32.0,10.0
8857,31.0,10.0,31.0,10.0
8858,31.0,10.0,31.0,10.0
8859,31.0,10.0,31.0,11.0
8860,31.0,10.0,30.0,13.0
8861,31.0,10.0,30.0,13.0
8862,31.0,10.0,31.0,10.0
8863,31.0,10.0,28.0,14.0
8864,31.0,10.0,27.0,17.0
8865,31.0,10.0,31.0,10.0
8866,31.0,10.0,31.0,10.0
8867,31.0,10.0,31.0,10.0
8868,31.0,10.0,31.0,10.0
8869,31.0,10.0,31.0,10.0
8870,31.0,10.0,26.0,12.0
8871,31.0,10.0,32.0,10.0
8872,31.0,10.0,28.0,14.0
8873,31.0,10.0,32.0,10.0
8874,31.0,10.0,28.0,14.0
8875,31.0,10.0,26.0,12.0
8876,31.0,10.0,31.0,10.0
8877,31.0,10.0,32.0,10.0
8878,31.0,10.0,27.0,17.0
8879,31.0,10.0,32.0,10.0
8880,31.0,10.0,31.0,10.0
8881,31.0,10.0,30.0,13.0
8882,31.0,10.0,27.0,17.0
8883,31.0,10.0,31.0,11.0
8884,31.0,10.0,31.0,10.0
8885,31.0,10.0,30.0,13.0
8886,31.0,10.0,27.0,17.0
8887,31.0,10.0,31.0,10.0
8888,31.0,10.0,30.0,13.0
8889,31.0,10.0,32.0,10.0
8890,31.0,10.0,31.0,10.0
8891,31.0,10.0,30.0,13.0
8892,31.0,10.0,32.0,10.0
8893,31.0,10.0,28.0,14.0
8894,31.0,10.0,31.0,11.0
8895,31.0,10.0,28.0,14.0
8896,31.0,10.0,31.0,11.0
8897,31.0,10.0,31.0,10.0
8898,31.0,10.0,32.0,10.0
8899,31.0,10.0,31.0,10.0
8900,31.0,10.0,28.0,14.0
8901,31.0,10.0,31.0,10.0
8902,31.0,10.0,31.0,10.0
8903,31.0,10.0,31.0,10.0
8904,31.0,10.0,31.0,10.0
8905,31.0,10.0,31.0,10.0
8906,31.0,10.0,26.0,12.0
8907,31.0,10.0,32.0,10.0
8908,31.0,10.0,31.0,10.0
8909,31.0,10.0,32.0,10.0
8910,31.0,10.0,27.0,17.0
8911,31.0,10.0,30.0,13.0
8912,31.0,10.0,31.0,10.0
8913,31.0,10.0,30.0,13.0
8914,31.0,10.0,31.0,10.0
8915,31.0,10.0,32.0,10.0
8916,31.0,10.0,26.0,12.0
8917,31.0,10.0,30.0,13.0
8918,31.0,10.0,28.0,14.0
8919,31.0,10.0,27.0,17.0
8920,31.0,10.0,32.0,10.0
8921,31.0,10.0,31.0,11.0
8922,31.0,10.0,32.0,10.0
8923,31.0,10.0,26.0,12.0
8924,31.0,10.0,28.0,14.0
8925,31.0,10.0,28.0,14.0
8926,31.0,10.0,31.0,10.0
8927,31.0,10.0,28.0,14.0
8928,31.0,10.0,31.0,10.0
8929,31.0,10.0,27.0,17.0
8930,31.0,10.0,32.0,10.0
8931,31.0,10.0,32.0,10.0
8932,31.0,10.0,26.0,12.0
8933,31.0,10.0,31.0,10.0
8934,31.0,10.0,31.0,11.0
8935,31.0,10.0,26.0,12.0
8936,31.0,10.0,27.0,17.0
8937,31.0,10.0,26.0,12.0
8938,31.0,10.0,30.0,13.0
8939,31.0,10.0,31.0,10.0
8940,31.0,10.0,28.0,14.0
8941,31.0,10.0,27.0,17.0
8942,31.0,10.0,31.0,10.0
8943,31.0,10.0,31.0,11.0
8944,31.0,10.0,31.0,10.0
8945,31.0,10.0,31.0,10.0
8946,31.0,10.0,32.0,10.0
8947,31.0,10.0,32.0,10.0
8948,31.0,10.0,31.0,10.0
8949,31.0,10.0,31.0,11.0
8950,31.0,10.0,32.0,10.0
8951,31.0,10.0,30.0,13.0
8952,31.0,10.0,28.0,14.0
8953,31.0,10.0,31.0,10.0
8954,31.0,10.0,28.0,14.0
8955,31.0,10.0,31.0,11.0
8956,31.0,10.0,27.0,17.0
8957,31.0,10.0,32.0,10.0
8958,31.0,10.0,31.0,10.0
8959,31.0,10.0,28.0,14.0
8960,31.0,10.0,31.0,10.0
8961,31.0,10.0,31.0,10.0
8962,31.0,10.0,28.0,14.0
8963,31.0,10.0,27.0,17.0
8964,31.0,10.0,27.0,17.0
8965,31.0,10.0,28.0,14.0
8966,31.0,10.0,31.0,10.0
8967,31.0,10.0,27.0,17.0
8968,31.0,10.0,28.0,14.0
8969,31.0,10.0,31.0,10.0
8970,31.0,10.0,31.0,10.0
8971,31.0,10.0,26.0,12.0
8972,31.0,10.0,30.0,13.0
8973,31.0,10.0,31.0,10.0
8974,31.0,10.0,27.0,17.0
8975,31.0,10.0,26.0,12.0
8976,31.0,10.0,32.0,10.0
8977,31.0,10.0,28.0,14.0
8978,31.0,10.0,27.0,17.0
8979,31.0,10.0,31.0,10.0
8980,31.0,10.0,30.0,13.0
8981,31.0,10.0,28.0,14.0
8982,31.0,10.0,26.0,12.0
8983,31.0,10.0,28.0,14.0
8984,31.0,10.0,31.0,11.0
8985,31.0,10.0,31.0,10.0
8986,31.0,10.0,31.0,10.0
8987,31.0,10.0,26.0,12.0
8988,31.0,10.0,30.0,13.0
8989,31.0,10.0,31.0,10.0
8990,31.0,10.0,26.0,12.0
8991,31.0,10.0,26.0,12.0
8992,31.0,10.0,30.0,13.0
8993,31.0,10.0,31.0,10.0
8994,31.0,10.0,31.0,10.0
8995,31.0,10.0,30.0,13.0
8996,31.0,10.0,31.0,11.0
8997,31.0,10.0,26.0,12.0
8998,31.0,10.0,31.0,10.0
8999,31.0,10.0,32.0,10.0
9000,31.0,10.0,31.0,10.0
9001,31.0,10.0,31.0,11.0
9002,31.0,10.0,31.0,10.0
9003,31.0,10.0,31.0,10.0
9004,31.0,10.0,31.0,10.0
9005,31.0,10.0,31.0,10.0
9006,31.0,10.0,31.0,10.0
9007,31.0,10.0,31.0,10.0
9008,31.0,10.0,31.0,10.0
9009,31.0,10.0,32.0,10.0
9010,31.0,10.0,30.0,13.0
9011,31.0,10.0,31.0,10.0
9012,31.0,10.0,31.0,10.0
9013,31.0,10.0,31.0,10.0
9014,31.0,10.0,27.0,17.0
9015,31.0,10.0,26.0,12.0
9016,31.0,10.0,31.0,10.0
9017,31.0,10.0,26.0,12.0
9018,31.0,10.0,27.0,17.0
9019,31.0,10.0,30.0,13.0
9020,31.0,10.0,32.0,10.0
9021,31.0,10.0,31.0,10.0
9022,31.0,10.0,28.0,14.0
9023,31.0,10.0,28.0,14.0
9024,31.0,10.0,31.0,11.0
9025,31.0,10.0,27.0,17.0
9026,31.0,10.0,28.0,14.0
9027,31.0,10.0,31.0,10.0
9028,31.0,10.0,32.0,10.0
9029,31.0,10.0,31.0,10.0
9030,31.0,10.0,26.0,12.0
9031,31.0,10.0,28.0,14.0
9032,31.0,10.0,31.0,10.0
9033,31.0,10.0,31.0,10.0
9034,31.0,10.0,26.0,12.0
9035,31.0,10.0,32.0,10.0
9036,31.0,10.0,26.0,12.0
9037,31.0,10.0,32.0,10.0
9038,31.0,10.0,26.0,12.0
9039,31.0,10.0,31.0,10.0
9040,31.0,10.0,31.0,11.0
9041,31.0,10.0,28.0,14.0
9042,31.0,10.0,30.0,13.0
9043,31.0,10.0,31.0,10.0
9044,31.0,10.0,27.0,17.0
9045,31.0,10.0,31.0,10.0
9046,31.0,10.0,28.0,14.0
9047,31.0,10.0,26.0,12.0
9048,31.0,10.0,30.0,13.0
9049,31.0,10.0,31.0,10.0
9050,31.0,10.0,28.0,14.0
9051,31.0,10.0,31.0,10.0
9052,31.0,10.0,27.0,17.0
9053,31.0,10.0,26.0,12.0
9054,31.0,10.0,27.0,17.0
9055,31.0,10.0,28.0,14.0
9056,31.0,10.0,31.0,11.0
9057,31.0,10.0,26.0,12.0
9058,31.0,10.0,32.0,10.0
9059,31.0,10.0,32.0,10.0
9060,31.0,10.0,30.0,13.0
9061,31.0,10.0,30.0,13.0
9062,31.0,10.0,30.0,13.0
9063,31.0,10.0,31.0,11.0
9064,31.0,10.0,26.0,12.0
9065,31.0,10.0,32.0,10.0
9066,31.0,10.0,26.0,12.0
9067,31.0,10.0,32.0,10.0
9068,31.0,10.0,28.0,14.0
9069,31.0,10.0,30.0,13.0
9070,31.0,10.0,27.0,17.0
9071,31.0,10.0,31.0,11.0
9072,31.0,10.0,31.0,10.0
9073,31.0,10.0,27.0,17.0
9074,31.0,10.0,31.0,11.0
9075,31.0,10.0,28.0,14.0
9076,31.0,10.0,27.0,17.0
9077,31.0,10.0,32.0,10.0
9078,31.0,10.0,27.0,17.0
9079,31.0,10.0,28.0,14.0
9080,31.0,10.0,31.0,11.0
9081,31.0,10.0,31.0,10.0
9082,31.0,10.0,27.0,17.0
9083,31.0,10.0,31.0,10.0
9084,31.0,10.0,28.0,14.0
9085,31.0,10.0,31.0,10.0
9086,31.0,10.0,26.0,12.0
9087,31.0,10.0,31.0,11.0
9088,31.0,10.0,31.0,10.0
9089,31.0,10.0,26.0,12.0
9090,31.0,10.0,30.0,13.0
9091,31.0,10.0,30.0,13.0
9092,31.0,10.0,30.0,13.0
9093,31.0,10.0,26.0,12.0
9094,31.0,10.0,26.0,12.0
9095,31.0,10.0,31.0,10.0
9096,31.0,10.0,26.0,12.0
9097,31.0,10.0,31.0,10.0
9098,31.0,10.0,26.0,12.0
9099,31.0,10.0,26.0,12.0
9100,31.0,10.0,32.0,10.0
9101,31.0,10.0,31.0,10.0
9102,31.0,10.0,30.0,13.0
9103,31.0,10.0,27.0,17.0
9104,31.0,10.0,26.0,12.0
9105,31.0,10.0,31.0,10.0
9106,31.0,10.0,27.0,17.0
9107,31.0,10.0,28.0,14.0
9108,31.0,10.0,30.0,13.0
9109,31.0,10.0,27.0,17.0
9110,31.0,10.0,27.0,17.0
9111,31.0,10.0,30.0,13.0
9112,31.0,10.0,31.0,10.0
9113,31.0,10.0,31.0,10.0
9114,31.0,10.0,26.0,12.0
9115,31.0,10.0,32.0,10.0
9116,31.0,10.0,31.0,10.0
9117,31.0,10.0,26.0,12.0
9118,31.0,10.0,26.0,12.0
9119,31.0,10.0,31.0,10.0
9120,31.0,10.0,32.0,10.0
9121,31.0,10.0,30.0,13.0
9122,31.0,10.0,28.0,14.0
9123,31.0,10.0,26.0,12.0
9124,31.0,10.0,28.0,14.0
9125,31.0,10.0,31.0,11.0
9126,31.0,10.0,32.0,10.0
9127,31.0,10.0,31.0,10.0
9128,31.0,10.0,26.0,12.0
9129,31.0,10.0,26.0,12.0
9130,31.0,10.0,31.0,11.0
9131,31.0,10.0,30.0,13.0
9132,31.0,10.0,27.0,17.0
9133,31.0,10.0,27.0,17.0
9134,31.0,10.0,31.0,10.0
9135,31.0,10.0,31.0,11.0
9136,31.0,10.0,26.0,12.0
9137,31.0,10.0,27.0,17.0
9138,31.0,10.0,31.0,10.0
9139,31.0,10.0,32.0,10.0
9140,31.0,10.0,31.0,10.0
9141,31.0,10.0,27.0,17.0
9142,31.0,10.0,31.0,10.0
9143,31.0,10.0,32.0,10.0
9144,31.0,10.0,31.0,10.0
9145,31.0,10.0,31.0,10.0
9146,31.0,10.0,31.0,10.0
9147,31.0,10.0,31.0,10.0
9148,31.0,10.0,31.0,11.0
9149,31.0,10.0,27.0,17.0
9150,31.0,10.0,27.0,17.0
9151,31.0,10.0,30.0,13.0
9152,31.0,10.0,31.0,10.0
9153,31.0,10.0,32.0,10.0
9154,31.0,10.0,32.0,10.0
9155,31.0,10.0,28.0,14.0
9156,31.0,10.0,28.0,14.0
9157,31.0,10.0,27.0,17.0
9158,31.0,10.0,31.0,10.0
9159,31.0,10.0,31.0,11.0
9160,31.0,10.0,31.0,10.0
9161,31.0,10.0,30.0,13.0
9162,31.0,10.0,31.0,10.0
9163,31.0,10.0,30.0,13.0
9164,31.0,10.0,32.0,10.0
9165,31.0,10.0,27.0,17.0
9166,31.0,10.0,28.0,14.0
9167,31.0,10.0,28.0,14.0
9168,31.0,10.0,31.0,10.0
9169,31.0,10.0,31.0,11.0
9170,31.0,10.0,32.0,10.0
9171,31.0,10.0,31.0,10.0
9172,31.0,10.0,30.0,13.0
9173,31.0,10.0,31.0,11.0
9174,31.0,10.0,26.0,12.0
9175,31.0,10.0,27.0,17.0
9176,31.0,10.0,31.0,11.0
9177,31.0,10.0,31.0,11.0
9178,31.0,10.0,26.0,12.0
9179,31.0,10.0,30.0,13.0
9180,31.0,10.0,32.0,10.0
9181,31.0,10.0,27.0,17.0
9182,31.0,10.0,32.0,10.0
9183,31.0,10.0,27.0,17.0
9184,31.0,10.0,26.0,12.0
9185,31.0,10.0,31.0,11.0
9186,31.0,10.0,31.0,10.0
9187,31.0,10.0,31.0,10.0
9188,31.0,10.0,26.0,12.0
9189,31.0,10.0,26.0,12.0
9190,31.0,10.0,26.0,12.0
9191,31.0,10.0,31.0,10.0
9192,31.0,10.0,26.0,12.0
9193,31.0,10.0,27.0,17.0
9194,31.0,10.0,30.0,13.0
9195,31.0,10.0,31.0,11.0
9196,31.0,10.0,28.0,14.0
9197,31.0,10.0,31.0,10.0
9198,31.0,10.0,30.0,13.0
9199,31.0,10.0,28.0,14.0
9200,31.0,10.0,30.0,13.0
9201,31.0,10.0,31.0,11.0
9202,31.0,10.0,31.0,11.0
9203,31.0,10.0,27.0,17.0
9204,31.0,10.0,32.0,10.0
9205,31.0,10.0,26.0,12.0
9206,31.0,10.0,31.0,10.0
9207,31.0,10.0,32.0,10.0
9208,31.0,10.0,31.0,10.0
9209,31.0,10.0,31.0,10.0
9210,31.0,10.0,31.0,10.0
9211,31.0,10.0,32.0,10.0
9212,31.0,10.0,27.0,17.0
9213,31.0,10.0,31.0,10.0
9214,31.0,10.0,26.0,12.0
9215,31.0,10.0,28.0,14.0
9216,31.0,10.0,28.0,14.0
9217,31.0,10.0,31.0,10.0
9218,31.0,10.0,28.0,14.0
9219,31.0,10.0,30.0,13.0
9220,31.0,10.0,28.0,14.0
9221,31.0,10.0,31.0,11.0
9222,31.0,10.0,31.0,11.0
9223,31.0,10.0,27.0,17.0
9224,31.0,10.0,31.0,10.0
9225,31.0,10.0,31.0,11.0
9226,31.0,10.0,31.0,10.0
9227,31.0,10.0,28.0,14.0
9228,31.0,10.0,26.0,12.0
9229,31.0,10.0,30.0,13.0
9230,31.0,10.0,31.0,10.0
9231,31.0,10.0,28.0,14.0
9232,31.0,10.0,28.0,14.0
9233,31.0,10.0,30.0,13.0
9234,31.0,10.0,28.0,14.0
9235,31.0,10.0,31.0,11.0
9236,31.0,10.0,31.0,10.0
9237,31.0,10.0,31.0,11.0
9238,31.0,10.0,32.0,10.0
9239,31.0,10.0,26.0,12.0
9240,31.0,10.0,32.0,10.0
9241,31.0,10.0,26.0,12.0
9242,31.0,10.0,27.0,17.0
9243,31.0,10.0,27.0,17.0
9244,31.0,10.0,26.0,12.0
9245,31.0,10.0,28.0,14.0
9246,31.0,10.0,31.0,11.0
9247,31.0,10.0,26.0,12.0
9248,31.0,10.0,28.0,14.0
9249,31.0,10.0,30.0,13.0
9250,31.0,10.0,31.0,10.0
9251,31.0,10.0,27.0,17.0
9252,31.0,10.0,26.0,12.0
9253,31.0,10.0,27.0,17.0
9254,31.0,10.0,31.0,11.0
9255,31.0,10.0,26.0,12.0
9256,31.0,10.0,32.0,10.0
9257,31.0,10.0,32.0,10.0
9258,31.0,10.0,27.0,17.0
9259,31.0,10.0,31.0,10.0
9260,31.0,10.0,28.0,14.0
9261,31.0,10.0,32.0,10.0
9262,31.0,10.0,32.0,10.0
9263,31.0,10.0,26.0,12.0
9264,31.0,10.0,28.0,14.0
9265,31.0,10.0,31.0,10.0
9266,31.0,10.0,32.0,10.0
9267,31.0,10.0,32.0,10.0
9268,31.0,10.0,31.0,10.0
9269,31.0,10.0,27.0,17.0
9270,31.0,10.0,27.0,17.0
9271,31.0,10.0,30.0,13.0
9272,31.0,10.0,32.0,10.0
9273,31.0,10.0,31.0,10.0
9274,31.0,10.0,30.0,13.0
9275,31.0,10.0,31.0,11.0
9276,31.0,10.0,31.0,10.0
9277,31.0,10.0,32.0,10.0
9278,31.0,10.0,31.0,10.0
9279,31.0,10.0,31.0,10.0
9280,31.0,10.0,30.0,13.0
9281,31.0,10.0,30.0,13.0
9282,31.0,10.0,30.0,13.0
9283,31.0,10.0,31.0,10.0
9284,31.0,10.0,26.0,12.0
9285,31.0,10.0,28.0,14.0
9286,31.0,10.0,32.0,10.0
9287,31.0,10.0,31.0,11.0
9288,31.0,10.0,26.0,12.0
9289,31.0,10.0,30.0,13.0
9290,31.0,10.0,27.0,17.0
9291,31.0,10.0,31.0,10.0
9292,31.0,10.0,32.0,10.0
9293,31.0,10.0,30.0,13.0
9294,31.0,10.0,31.0,10.0
9295,31.0,10.0,31.0,10.0
9296,31.0,10.0,31.0,10.0
9297,31.0,10.0,27.0,17.0
9298,31.0,10.0,28.0,14.0
9299,31.0,10.0,32.0,10.0
9300,31.0,10.0,31.0,10.0
9301,31.0,10.0,31.0,11.0
9302,31.0,10.0,26.0,12.0
9303,31.0,10.0,28.0,14.0
9304,31.0,10.0,28.0,14.0
9305,31.0,10.0,31.0,11.0
9306,31.0,10.0,31.0,10.0
9307,31.0,10.0,31.0,10.0
9308,31.0,10.0,31.0,11.0
9309,31.0,10.0,28.0,14.0
9310,31.0,10.0,28.0,14.0
9311,31.0,10.0,26.0,12.0
9312,31.0,10.0,31.0,10.0
9313,31.0,10.0,31.0,10.0
9314,31.0,10.0,32.0,10.0
9315,31.0,10.0,30.0,13.0
9316,31.0,10.0,27.0,17.0
9317,31.0,10.0,27.0,17.0
9318,31.0,10.0,31.0,10.0
9319,31.0,10.0,27.0,17.0
9320,31.0,10.0,26.0,12.0
9321,31.0,10.0,28.0,14.0
9322,31.0,10.0,26.0,12.0
9323,31.0,10.0,31.0,11.0
9324,31.0,10.0,30.0,13.0
9325,31.0,10.0,27.0,17.0
9326,31.0,10.0,26.0,12.0
9327,31.0,10.0,30.0,13.0
9328,31.0,10.0,30.0,13.0
9329,31.0,10.0,30.0,13.0
9330,31.0,10.0,30.0,13.0
9331,31.0,10.0,31.0,10.0
9332,31.0,10.0,32.0,10.0
9333,31.0,10.0,31.0,10.0
9334,31.0,10.0,31.0,11.0
9335,31.0,10.0,32.0,10.0
9336,31.0,10.0,31.0,11.0
9337,31.0,10.0,31.0,11.0
9338,31.0,10.0,32.0,10.0
9339,31.0,10.0,32.0,10.0
9340,31.0,10.0,31.0,10.0
9341,31.0,10.0,28.0,14.0
9342,31.0,10.0,32.0,10.0
9343,31.0,10.0,31.0,10.0
9344,31.0,10.0,26.0,12.0
9345,31.0,10.0,31.0,10.0
9346,31.0,10.0,27.0,17.0
9347,31.0,10.0,28.0,14.0
9348,31.0,10.0,32.0,10.0
9349,31.0,10.0,27.0,17.0
9350,31.0,10.0,31.0,10.0
9351,31.0,10.0,26.0,12.0
9352,31.0,10.0,31.0,10.0
9353,31.0,10.0,31.0,10.0
9354,31.0,10.0,31.0,11.0
9355,31.0,10.0,26.0,12.0
9356,31.0,10.0,31.0,10.0
9357,31.0,10.0,26.0,12.0
9358,31.0,10.0,27.0,17.0
9359,31.0,10.0,26.0,12.0
9360,31.0,10.0,27.0,17.0
9361,31.0,10.0,28.0,14.0
9362,31.0,10.0,31.0,10.0
9363,31.0,10.0,30.0,13.0
9364,31.0,10.0,31.0,10.0
9365,31.0,10.0,28.0,14.0
9366,31.0,10.0,31.0,11.0
9367,31.0,10.0,31.0,10.0
9368,31.0,10.0,26.0,12.0
9369,31.0,10.0,31.0,10.0
9370,31.0,10.0,26.0,12.0
9371,31.0,10.0,26.0,12.0
9372,31.0,10.0,31.0,11.0
9373,31.0,10.0,32.0,10.0
9374,31.0,10.0,30.0,13.0
9375,31.0,10.0,27.0,17.0
9376,31.0,10.0,28.0,14.0
9377,31.0,10.0,28.0,14.0
9378,31.0,10.0,32.0,10.0
9379,31.0,10.0,26.0,12.0
9380,31.0,10.0,31.0,10.0
9381,31.0,10.0,26.0,12.0
9382,31.0,10.0,31.0,10.0
9383,31.0,10.0,31.0,10.0
9384,31.0,10.0,32.0,10.0
9385,31.0,10.0,32.0,10.0
9386,31.0,10.0,27.0,17.0
9387,31.0,10.0,26.0,12.0
9388,31.0,10.0,31.0,10.0
9389,31.0,10.0,31.0,10.0
9390,31.0,10.0,26.0,12.0
9391,31.0,10.0,32.0,10.0
9392,31.0,10.0,26.0,12.0
9393,31.0,10.0,27.0,17.0
9394,31.0,10.0,30.0,13.0
9395,31.0,10.0,31.0,10.0
9396,31.0,10.0,28.0,14.0
9397,31.0,10.0,31.0,11.0
9398,31.0,10.0,28.0,14.0
9399,31.0,10.0,27.0,17.0
9400,31.0,10.0,30.0,13.0
9401,31.0,10.0,31.0,11.0
9402,31.0,10.0,31.0,10.0
9403,31.0,10.0,31.0,10.0
9404,31.0,10.0,32.0,10.0
9405,31.0,10.0,27.0,17.0
9406,31.0,10.0,28.0,14.0
9407,31.0,10.0,31.0,10.0
9408,31.0,10.0,26.0,12.0
9409,31.0,10.0,26.0,12.0
9410,31.0,10.0,31.0,11.0
9411,31.0,10.0,30.0,13.0
9412,31.0,10.0,31.0,10.0
9413,31.0,10.0,30.0,13.0
9414,31.0,10.0,31.0,10.0
9415,31.0,10.0,31.0,11.0
9416,31.0,10.0,31.0,10.0
9417,31.0,10.0,27.0,17.0
9418,31.0,10.0,27.0,17.0
9419,31.0,10.0,32.0,10.0
9420,31.0,10.0,28.0,14.0
9421,31.0,10.0,26.0,12.0
9422,31.0,10.0,31.0,10.0
9423,31.0,10.0,26.0,12.0
9424,31.0,10.0,28.0,14.0
9425,31.0,10.0,28.0,14.0
9426,31.0,10.0,27.0,17.0
9427,31.0,10.0,27.0,17.0
9428,31.0,10.0,26.0,12.0
9429,31.0,10.0,27.0,17.0
9430,31.0,10.0,31.0,11.0
9431,31.0,10.0,31.0,10.0
9432,31.0,10.0,31.0,10.0
9433,31.0,10.0,31.0,10.0
9434,31.0,10.0,31.0,11.0
9435,31.0,10.0,27.0,17.0
9436,31.0,10.0,26.0,12.0
9437,31.0,10.0,31.0,10.0
9438,31.0,10.0,30.0,13.0
9439,31.0,10.0,27.0,17.0
9440,31.0,10.0,26.0,12.0
9441,31.0,10.0,26.0,12.0
9442,31.0,10.0,26.0,12.0
9443,31.0,10.0,28.0,14.0
9444,31.0,10.0,30.0,13.0
9445,31.0,10.0,27.0,17.0
9446,31.0,10.0,26.0,12.0
9447,31.0,10.0,27.0,17.0
9448,31.0,10.0,31.0,11.0
9449,31.0,10.0,27.0,17.0
9450,31.0,10.0,27.0,17.0
9451,31.0,10.0,32.0,10.0
9452,31.0,10.0,31.0,10.0
9453,31.0,10.0,31.0,10.0
9454,31.0,10.0,31.0,10.0
9455,31.0,10.0,27.0,17.0
9456,31.0,10.0,28.0,14.0
9457,31.0,10.0,26.0,12.0
9458,31.0,10.0,31.0,10.0
9459,31.0,10.0,31.0,11.0
9460,31.0,10.0,28.0,14.0
9461,31.0,10.0,26.0,12.0
9462,31.0,10.0,31.0,10.0
9463,31.0,10.0,26.0,12.0
9464,31.0,10.0,26.0,12.0
9465,31.0,10.0,31.0,10.0
9466,31.0,10.0,28.0,14.0
9467,31.0,10.0,27.0,17.0
9468,31.0,10.0,26.0,12.0
9469,31.0,10.0,28.0,14.0
9470,31.0,10.0,30.0,13.0
9471,31.0,10.0,31.0,10.0
9472,31.0,10.0,31.0,11.0
9473,31.0,10.0,31.0,11.0
9474,31.0,10.0,31.0,11.0
9475,31.0,10.0,31.0,11.0
9476,31.0,10.0,27.0,17.0
9477,31.0,10.0,31.0,10.0
9478,31.0,10.0,32.0,10.0
9479,31.0,10.0,31.0,10.0
9480,31.0,10.0,31.0,10.0
9481,31.0,10.0,28.0,14.0
9482,31.0,10.0,31.0,11.0
9483,31.0,10.0,32.0,10.0
9484,31.0,10.0,27.0,17.0
9485,31.0,10.0,31.0,10.0
9486,31.0,10.0,31.0,10.0
9487,31.0,10.0,28.0,14.0
9488,31.0,10.0,31.0,10.0
9489,31.0,10.0,31.0,10.0
9490,31.0,10.0,27.0,17.0
9491,31.0,10.0,27.0,17.0
9492,31.0,10.0,31.0,10.0
9493,31.0,10.0,32.0,10.0
9494,31.0,10.0,31.0,10.0
9495,31.0,10.0,32.0,10.0
9496,31.0,10.0,31.0,11.0
9497,31.0,10.0,31.0,10.0
9498,31.0,10.0,30.0,13.0
9499,31.0,10.0,31.0,11.0
9500,31.0,10.0,31.0,11.0
9501,31.0,10.0,31.0,11.0
9502,31.0,10.0,30.0,13.0
9503,31.0,10.0,31.0,10.0
9504,31.0,10.0,31.0,10.0
9505,31.0,10.0,31.0,10.0
9506,31.0,10.0,32.0,10.0
9507,31.0,10.0,31.0,11.0
9508,31.0,10.0,31.0,10.0
9509,31.0,10.0,31.0,10.0
9510,31.0,10.0,32.0,10.0
9511,31.0,10.0,31.0,10.0
9512,31.0,10.0,31.0,11.0
9513,31.0,10.0,28.0,14.0
9514,31.0,10.0,30.0,13.0
9515,31.0,10.0,31.0,10.0
9516,31.0,10.0,28.0,14.0
9517,31.0,10.0,30.0,13.0
9518,31.0,10.0,26.0,12.0
9519,31.0,10.0,31.0,10.0
9520,31.0,10.0,31.0,11.0
9521,31.0,10.0,30.0,13.0
9522,31.0,10.0,28.0,14.0
9523,31.0,10.0,26.0,12.0
9524,31.0,10.0,32.0,10.0
9525,31.0,10.0,28.0,14.0
9526,31.0,10.0,27.0,17.0
9527,31.0,10.0,31.0,10.0
9528,31.0,10.0,27.0,17.0
9529,31.0,10.0,30.0,13.0
9530,31.0,10.0,27.0,17.0
9531,31.0,10.0,26.0,12.0
9532,31.0,10.0,32.0,10.0
9533,31.0,10.0,28.0,14.0
9534,31.0,10.0,27.0,17.0
9535,31.0,10.0,31.0,10.0
9536,31.0,10.0,26.0,12.0
9537,31.0,10.0,31.0,10.0
9538,31.0,10.0,26.0,12.0
9539,31.0,10.0,28.0,14.0
9540,31.0,10.0,26.0,12.0
9541,31.0,10.0,30.0,13.0
9542,31.0,10.0,26.0,12.0
9543,31.0,10.0,30.0,13.0
9544,31.0,10.0,31.0,10.0
9545,31.0,10.0,32.0,10.0
9546,31.0,10.0,30.0,13.0
9547,31.0,10.0,28.0,14.0
9548,31.0,10.0,30.0,13.0
9549,31.0,10.0,31.0,11.0
9550,31.0,10.0,28.0,14.0
9551,31.0,10.0,32.0,10.0
9552,31.0,10.0,31.0,10.0
9553,31.0,10.0,27.0,17.0
9554,31.0,10.0,31.0,11.0
9555,31.0,10.0,31.0,11.0
9556,31.0,10.0,32.0,10.0
9557,31.0,10.0,26.0,12.0
9558,31.0,10.0,31.0,10.0
9559,31.0,10.0,26.0,12.0
9560,31.0,10.0,31.0,10.0
9561,31.0,10.0,32.0,10.0
9562,31.0,10.0,26.0,12.0
9563,31.0,10.0,27.0,17.0
9564,31.0,10.0,26.0,12.0
9565,31.0,10.0,28.0,14.0
9566,31.0,10.0,28.0,14.0
9567,31.0,10.0,31.0,10.0
9568,31.0,10.0,32.0,10.0
9569,31.0,10.0,30.0,13.0
9570,31.0,10.0,26.0,12.0
9571,31.0,10.0,28.0,14.0
9572,31.0,10.0,27.0,17.0
9573,31.0,10.0,31.0,10.0
9574,31.0,10.0,26.0,12.0
9575,31.0,10.0,26.0,12.0
9576,31.0,10.0,31.0,11.0
9577,31.0,10.0,28.0,14.0
9578,31.0,10.0,31.0,10.0
9579,31.0,10.0,28.0,14.0
9580,31.0,10.0,31.0,10.0
9581,31.0,10.0,32.0,10.0
9582,31.0,10.0,30.0,13.0
9583,31.0,10.0,31.0,10.0
9584,31.0,10.0,28.0,14.0
9585,31.0,10.0,26.0,12.0
9586,31.0,10.0,31.0,10.0
9587,31.0,10.0,32.0,10.0
9588,31.0,10.0,27.0,17.0
9589,31.0,10.0,31.0,10.0
9590,31.0,10.0,26.0,12.0
9591,31.0,10.0,28.0,14.0
9592,31.0,10.0,27.0,17.0
9593,31.0,10.0,31.0,10.0
9594,31.0,10.0,26.0,12.0
9595,31.0,10.0,31.0,10.0
9596,31.0,10.0,31.0,11.0
9597,31.0,10.0,27.0,17.0
9598,31.0,10.0,28.0,14.0
9599,31.0,10.0,26.0,12.0
9600,31.0,10.0,30.0,13.0
9601,31.0,10.0,31.0,10.0
9602,31.0,10.0,30.0,13.0
9603,31.0,10.0,28.0,14.0
9604,31.0,10.0,30.0,13.0
9605,31.0,10.0,30.0,13.0
9606,31.0,10.0,27.0,17.0
9607,31.0,10.0,31.0,10.0
9608,31.0,10.0,26.0,12.0
9609,31.0,10.0,31.0,11.0
9610,31.0,10.0,31.0,10.0
9611,31.0,10.0,32.0,10.0
9612,31.0,10.0,31.0,10.0
9613,31.0,10.0,27.0,17.0
9614,31.0,10.0,32.0,10.0
9615,31.0,10.0,31.0,10.0
9616,31.0,10.0,31.0,11.0
9617,31.0,10.0,27.0,17.0
9618,31.0,10.0,31.0,11.0
9619,31.0,10.0,32.0,10.0
9620,31.0,10.0,26.0,12.0
9621,31.0,10.0,30.0,13.0
9622,31.0,10.0,31.0,10.0
9623,31.0,10.0,31.0,11.0
9624,31.0,10.0,31.0,10.0
9625,31.0,10.0,32.0,10.0
9626,31.0,10.0,32.0,10.0
9627,31.0,10.0,26.0,12.0
9628,31.0,10.0,31.0,10.0
9629,31.0,10.0,31.0,10.0
9630,31.0,10.0,32.0,10.0
9631,31.0,10.0,32.0,10.0
9632,31.0,10.0,32.0,10.0
9633,31.0,10.0,31.0,11.0
9634,31.0,10.0,31.0,11.0
9635,31.0,10.0,31.0,10.0
9636,31.0,10.0,30.0,13.0
9637,31.0,10.0,28.0,14.0
9638,31.0,10.0,31.0,10.0
9639,31.0,10.0,28.0,14.0
9640,31.0,10.0,32.0,10.0
9641,31.0,10.0,31.0,10.0
9642,31.0,10.0,27.0,17.0
9643,31.0,10.0,26.0,12.0
9644,31.0,10.0,26.0,12.0
9645,31.0,10.0,31.0,10.0
9646,31.0,10.0,31.0,10.0
9647,31.0,10.0,31.0,10.0
9648,31.0,10.0,26.0,12.0
9649,31.0,10.0,31.0,10.0
9650,31.0,10.0,28.0,14.0
9651,31.0,10.0,28.0,14.0
9652,31.0,10.0,30.0,13.0
9653,31.0,10.0,31.0,11.0
9654,31.0,10.0,30.0,13.0
9655,31.0,10.0,27.0,17.0
9656,31.0,10.0,26.0,12.0
9657,31.0,10.0,31.0,10.0
9658,31.0,10.0,32.0,10.0
9659,31.0,10.0,28.0,14.0
9660,31.0,10.0,31.0,10.0
9661,31.0,10.0,26.0,12.0
9662,31.0,10.0,31.0,10.0
9663,31.0,10.0,28.0,14.0
9664,31.0,10.0,31.0,10.0
9665,31.0,10.0,31.0,10.0
9666,31.0,10.0,32.0,10.0
9667,31.0,10.0,31.0,10.0
9668,31.0,10.0,31.0,10.0
9669,31.0,10.0,31.0,11.0
9670,31.0,10.0,27.0,17.0
9671,31.0,10.0,26.0,12.0
9672,31.0,10.0,26.0,12.0
9673,31.0,10.0,28.0,14.0
9674,31.0,10.0,26.0,12.0
9675,31.0,10.0,31.0,10.0
9676,31.0,10.0,31.0,10.0
9677,31.0,10.0,31.0,10.0
9678,31.0,10.0,26.0,12.0
9679,31.0,10.0,28.0,14.0
9680,31.0,10.0,28.0,14.0
9681,31.0,10.0,31.0,10.0
9682,31.0,10.0,28.0,14.0
9683,31.0,10.0,30.0,13.0
9684,31.0,10.0,30.0,13.0
9685,31.0,10.0,30.0,13.0
9686,31.0,10.0,26.0,12.0
9687,31.0,10.0,26.0,12.0
9688,31.0,10.0,31.0,10.0
9689,31.0,10.0,27.0,17.0
9690,31.0,10.0,26.0,12.0
9691,31.0,10.0,27.0,17.0
9692,31.0,10.0,31.0,10.0
9693,31.0,10.0,31.0,10.0
9694,31.0,10.0,27.0,17.0
9695,31.0,10.0,32.0,10.0
9696,31.0,10.0,30.0,13.0
9697,31.0,10.0,30.0,13.0
9698,31.0,10.0,26.0,12.0
9699,31.0,10.0,28.0,14.0
9700,31.0,10.0,30.0,13.0
9701,31.0,10.0,28.0,14.0
9702,31.0,10.0,31.0,11.0
9703,31.0,10.0,26.0,12.0
9704,31.0,10.0,28.0,14.0
9705,31.0,10.0,32.0,10.0
9706,31.0,10.0,31.0,10.0
9707,31.0,10.0,31.0,10.0
9708,31.0,10.0,30.0,13.0
9709,31.0,10.0,31.0,11.0
9710,31.0,10.0,31.0,11.0
9711,31.0,10.0,31.0,10.0
9712,31.0,10.0,26.0,12.0
9713,31.0,10.0,31.0,11.0
9714,31.0,10.0,31.0,10.0
9715,31.0,10.0,32.0,10.0
9716,31.0,10.0,31.0,11.0
9717,31.0,10.0,31.0,10.0
9718,31.0,10.0,31.0,11.0
9719,31.0,10.0,28.0,14.0
9720,31.0,10.0,32.0,10.0
9721,31.0,10.0,28.0,14.0
9722,31.0,10.0,31.0,10.0
9723,31.0,10.0,31.0,10.0
9724,31.0,10.0,31.0,10.0
9725,31.0,10.0,31.0,11.0
9726,31.0,10.0,27.0,17.0
9727,31.0,10.0,31.0,10.0
9728,31.0,10.0,31.0,10.0
9729,31.0,10.0,31.0,10.0
9730,31.0,10.0,27.0,17.0
9731,31.0,10.0,32.0,10.0
9732,31.0,10.0,28.0,14.0
9733,31.0,10.0,28.0,14.0
9734,31.0,10.0,31.0,10.0
9735,31.0,10.0,31.0,10.0
9736,31.0,10.0,28.0,14.0
9737,31.0,10.0,27.0,17.0
9738,31.0,10.0,31.0,10.0
9739,31.0,10.0,31.0,11.0
9740,31.0,10.0,31.0,10.0
9741,31.0,10.0,31.0,10.0
9742,31.0,10.0,31.0,10.0
9743,31.0,10.0,31.0,10.0
9744,31.0,10.0,32.0,10.0
9745,31.0,10.0,32.0,10.0
9746,31.0,10.0,32.0,10.0
9747,31.0,10.0,26.0,12.0
9748,31.0,10.0,28.0,14.0
9749,31.0,10.0,27.0,17.0
9750,31.0,10.0,26.0,12.0
9751,31.0,10.0,32.0,10.0
9752,31.0,10.0,26.0,12.0
9753,31.0,10.0,26.0,12.0
9754,31.0,10.0,31.0,10.0
9755,31.0,10.0,30.0,13.0
9756,31.0,10.0,32.0,10.0
9757,31.0,10.0,31.0,11.0
9758,31.0,10.0,31.0,10.0
9759,31.0,10.0,30.0,13.0
9760,31.0,10.0,30.0,13.0
9761,31.0,10.0,28.0,14.0
9762,31.0,10.0,31.0,10.0
9763,31.0,10.0,31.0,10.0
9764,31.0,10.0,26.0,12.0
9765,31.0,10.0,31.0,11.0
9766,31.0,10.0,31.0,10.0
9767,31.0,10.0,31.0,11.0
9768,31.0,10.0,30.0,13.0
9769,31.0,10.0,28.0,14.0
9770,31.0,10.0,31.0,11.0
9771,31.0,10.0,31.0,10.0
9772,31.0,10.0,30.0,13.0
9773,31.0,10.0,32.0,10.0
9774,31.0,10.0,31.0,11.0
9775,31.0,10.0,31.0,11.0
9776,31.0,10.0,31.0,11.0
9777,31.0,10.0,31.0,10.0
9778,31.0,10.0,28.0,14.0
9779,31.0,10.0,31.0,11.0
9780,31.0,10.0,32.0,10.0
9781,31.0,10.0,28.0,14.0
9782,31.0,10.0,31.0,10.0
9783,31.0,10.0,30.0,13.0
9784,31.0,10.0,26.0,12.0
9785,31.0,10.0,27.0,17.0
9786,31.0,10.0,27.0,17.0
9787,31.0,10.0,30.0,13.0
9788,31.0,10.0,26.0,12.0
9789,31.0,10.0,31.0,11.0
9790,31.0,10.0,26.0,12.0
9791,31.0,10.0,28.0,14.0
9792,31.0,10.0,26.0,12.0
9793,31.0,10.0,27.0,17.0
9794,31.0,10.0,27.0,17.0
9795,31.0,10.0,31.0,11.0
9796,31.0,10.0,27.0,17.0
9797,31.0,10.0,28.0,14.0
9798,31.0,10.0,28.0,14.0
9799,31.0,10.0,30.0,13.0
9800,31.0,10.0,27.0,17.0
9801,31.0,10.0,26.0,12.0
9802,31.0,10.0,31.0,10.0
9803,31.0,10.0,28.0,14.0
9804,31.0,10.0,32.0,10.0
9805,31.0,10.0,26.0,12.0
9806,31.0,10.0,28.0,14.0
9807,31.0,10.0,31.0,10.0
9808,31.0,10.0,30.0,13.0
9809,31.0,10.0,31.0,10.0
9810,31.0,10.0,28.0,14.0
9811,31.0,10.0,31.0,10.0
9812,31.0,10.0,30.0,13.0
9813,31.0,10.0,32.0,10.0
9814,31.0,10.0,28.0,14.0
9815,31.0,10.0,31.0,10.0
9816,31.0,10.0,26.0,12.0
9817,31.0,10.0,27.0,17.0
9818,31.0,10.0,31.0,10.0
9819,31.0,10.0,31.0,10.0
9820,31.0,10.0,31.0,10.0
9821,31.0,10.0,31.0,10.0
9822,31.0,10.0,26.0,12.0
9823,31.0,10.0,27.0,17.0
9824,31.0,10.0,32.0,10.0
9825,31.0,10.0,28.0,14.0
9826,31.0,10.0,31.0,11.0
9827,31.0,10.0,31.0,10.0
9828,31.0,10.0,31.0,10.0
9829,31.0,10.0,26.0,12.0
9830,31.0,10.0,30.0,13.0
9831,31.0,10.0,31.0,10.0
9832,31.0,10.0,28.0,14.0
9833,31.0,10.0,31.0,10.0
9834,31.0,10.0,30.0,13.0
9835,31.0,10.0,31.0,10.0
9836,31.0,10.0,32.0,10.0
9837,31.0,10.0,27.0,17.0
9838,31.0,10.0,30.0,13.0
9839,31.0,10.0,26.0,12.0
9840,31.0,10.0,31.0,10.0
9841,31.0,10.0,31.0,11.0
9842,31.0,10.0,31.0,11.0
9843,31.0,10.0,31.0,11.0
9844,31.0,10.0,27.0,17.0
9845,31.0,10.0,30.0,13.0
9846,31.0,10.0,27.0,17.0
9847,31.0,10.0,31.0,10.0
9848,31.0,10.0,31.0,10.0
9849,31.0,10.0,28.0,14.0
9850,31.0,10.0,28.0,14.0
9851,31.0,10.0,31.0,11.0
9852,31.0,10.0,26.0,12.0
9853,31.0,10.0,32.0,10.0
9854,31.0,10.0,31.0,11.0
9855,31.0,10.0,26.0,12.0
9856,31.0,10.0,26.0,12.0
9857,31.0,10.0,31.0,10.0
9858,31.0,10.0,31.0,10.0
9859,31.0,10.0,28.0,14.0
9860,31.0,10.0,31.0,10.0
9861,31.0,10.0,31.0,10.0
9862,31.0,10.0,32.0,10.0
9863,31.0,10.0,31.0,11.0
9864,31.0,10.0,27.0,17.0
9865,31.0,10.0,31.0,10.0
9866,31.0,10.0,32.0,10.0
9867,31.0,10.0,31.0,10.0
9868,31.0,10.0,31.0,10.0
9869,31.0,10.0,32.0,10.0
9870,31.0,10.0,27.0,17.0
9871,31.0,10.0,30.0,13.0
9872,31.0,10.0,30.0,13.0
9873,31.0,10.0,31.0,10.0
9874,31.0,10.0,31.0,10.0
9875,31.0,10.0,30.0,13.0
9876,31.0,10.0,31.0,11.0
9877,31.0,10.0,27.0,17.0
9878,31.0,10.0,31.0,10.0
9879,31.0,10.0,30.0,13.0
9880,31.0,10.0,30.0,13.0
9881,31.0,10.0,26.0,12.0
9882,31.0,10.0,27.0,17.0
9883,31.0,10.0,31.0,10.0
9884,31.0,10.0,27.0,17.0
9885,31.0,10.0,26.0,12.0
9886,31.0,10.0,31.0,10.0
9887,31.0,10.0,32.0,10.0
9888,31.0,10.0,31.0,11.0
9889,31.0,10.0,31.0,10.0
9890,31.0,10.0,31.0,11.0
9891,31.0,10.0,31.0,10.0
9892,31.0,10.0,27.0,17.0
9893,31.0,10.0,30.0,13.0
9894,31.0,10.0,31.0,10.0
9895,31.0,10.0,27.0,17.0
9896,31.0,10.0,26.0,12.0
9897,31.0,10.0,30.0,13.0
9898,31.0,10.0,31.0,10.0
9899,31.0,10.0,28.0,14.0
9900,31.0,10.0,31.0,10.0
9901,31.0,10.0,26.0,12.0
9902,31.0,10.0,31.0,11.0
9903,31.0,10.0,31.0,11.0
9904,31.0,10.0,26.0,12.0
9905,31.0,10.0,31.0,10.0
9906,31.0,10.0,28.0,14.0
9907,31.0,10.0,28.0,14.0
9908,31.0,10.0,27.0,17.0
9909,31.0,10.0,31.0,11.0
9910,31.0,10.0,32.0,10.0
9911,31.0,10.0,31.0,11.0
9912,31.0,10.0,31.0,11.0
9913,31.0,10.0,31.0,10.0
9914,31.0,10.0,31.0,10.0
9915,31.0,10.0,31.0,10.0
9916,31.0,10.0,27.0,17.0
9917,31.0,10.0,30.0,13.0
9918,31.0,10.0,28.0,14.0
9919,31.0,10.0,27.0,17.0
9920,31.0,10.0,31.0,10.0
9921,31.0,10.0,27.0,17.0
9922,31.0,10.0,26.0,12.0
9923,31.0,10.0,27.0,17.0
9924,31.0,10.0,31.0,10.0
9925,31.0,10.0,31.0,10.0
9926,31.0,10.0,27.0,17.0
9927,31.0,10.0,32.0,10.0
9928,31.0,10.0,31.0,11.0
9929,31.0,10.0,30.0,13.0
9930,31.0,10.0,28.0,14.0
9931,31.0,10.0,31.0,10.0
9932,31.0,10.0,28.0,14.0
9933,31.0,10.0,31.0,11.0
9934,31.0,10.0,32.0,10.0
9935,31.0,10.0,31.0,11.0
9936,31.0,10.0,28.0,14.0
9937,31.0,10.0,30.0,13.0
9938,31.0,10.0,28.0,14.0
9939,31.0,10.0,27.0,17.0
9940,31.0,10.0,32.0,10.0
9941,31.0,10.0,31.0,10.0
9942,31.0,10.0,26.0,12.0
9943,31.0,10.0,31.0,10.0
9944,31.0,10.0,32.0,10.0
9945,31.0,10.0,27.0,17.0
9946,31.0,10.0,31.0,10.0
9947,31.0,10.0,26.0,12.0
9948,31.0,10.0,31.0,11.0
9949,31.0,10.0,31.0,10.0
9950,31.0,10.0,31.0,10.0
9951,31.0,10.0,27.0,17.0
9952,31.0,10.0,31.0,10.0
9953,31.0,10.0,32.0,10.0
9954,31.0,10.0,26.0,12.0
9955,31.0,10.0,28.0,14.0
9956,31.0,10.0,31.0,11.0
9957,31.0,10.0,32.0,10.0
9958,31.0,10.0,31.0,10.0
9959,31.0,10.0,31.0,10.0
9960,31.0,10.0,28.0,14.0
9961,31.0,10.0,27.0,17.0
9962,31.0,10.0,28.0,14.0
9963,31.0,10.0,31.0,10.0
9964,31.0,10.0,27.0,17.0
9965,31.0,10.0,30.0,13.0
9966,31.0,10.0,26.0,12.0
9967,31.0,10.0,31.0,10.0
9968,31.0,10.0,28.0,14.0
9969,31.0,10.0,31.0,11.0
9970,31.0,10.0,31.0,11.0
9971,31.0,10.0,31.0,11.0
9972,31.0,10.0,27.0,17.0
9973,31.0,10.0,30.0,13.0
9974,31.0,10.0,31.0,10.0
9975,31.0,10.0,31.0,10.0
9976,31.0,10.0,28.0,14.0
9977,31.0,10.0,26.0,12.0
9978,31.0,10.0,31.0,10.0
9979,31.0,10.0,32.0,10.0
9980,31.0,10.0,27.0,17.0
9981,31.0,10.0,28.0,14.0
9982,31.0,10.0,27.0,17.0
9983,31.0,10.0,27.0,17.0
9984,31.0,10.0,31.0,10.0
9985,31.0,10.0,28.0,14.0
9986,31.0,10.0,31.0,10.0
9987,31.0,10.0,31.0,10.0
9988,31.0,10.0,32.0,10.0
9989,31.0,10.0,30.0,13.0
9990,31.0,10.0,31.0,10.0
9991,31.0,10.0,31.0,11.0
9992,31.0,10.0,31.0,10.0
9993,31.0,10.0,31.0,11.0
9994,31.0,10.0,31.0,10.0
9995,31.0,10.0,28.0,14.0
9996,31.0,10.0,31.0,10.0
9997,31.0,10.0,26.0,12.0
9998,31.0,10.0,31.0,10.0
9999,31.0,10.0,31.0,11.0
10000,31.0,10.0,27.0,17.0
10001,31.0,10.0,28.0,14.0
10002,31.0,10.0,31.0,11.0
10003,31.0,10.0,31.0,10.0
10004,31.0,10.0,31.0,10.0
10005,31.0,10.0,31.0,10.0
10006,31.0,10.0,32.0,10.0
10007,31.0,10.0,31.0,10.0
10008,31.0,10.0,30.0,13.0
10009,31.0,10.0,30.0,13.0
10010,31.0,10.0,27.0,17.0
10011,31.0,10.0,27.0,17.0
10012,31.0,10.0,31.0,10.0
10013,31.0,10.0,26.0,12.0
10014,31.0,10.0,28.0,14.0
10015,31.0,10.0,28.0,14.0
10016,31.0,10.0,31.0,11.0
10017,31.0,10.0,26.0,12.0
10018,31.0,10.0,31.0,10.0
10019,31.0,10.0,31.0,10.0
10020,31.0,10.0,31.0,10.0
10021,31.0,10.0,31.0,10.0
10022,31.0,10.0,27.0,17.0
10023,31.0,10.0,27.0,17.0
10024,31.0,10.0,30.0,13.0
10025,31.0,10.0,27.0,17.0
10026,31.0,10.0,28.0,14.0
10027,31.0,10.0,27.0,17.0
10028,31.0,10.0,28.0,14.0
10029,31.0,10.0,31.0,10.0
10030,31.0,10.0,31.0,10.0
10031,31.0,10.0,31.0,11.0
10032,31.0,10.0,31.0,10.0
10033,31.0,10.0,31.0,10.0
10034,31.0,10.0,31.0,10.0
10035,31.0,10.0,27.0,17.0
10036,31.0,10.0,30.0,13.0
10037,31.0,10.0,28.0,14.0
10038,31.0,10.0,26.0,12.0
10039,31.0,10.0,26.0,12.0
10040,31.0,10.0,31.0,11.0
10041,31.0,10.0,31.0,10.0
10042,31.0,10.0,32.0,10.0
10043,31.0,10.0,30.0,13.0
10044,31.0,10.0,26.0,12.0
10045,31.0,10.0,32.0,10.0
10046,31.0,10.0,28.0,14.0
10047,31.0,10.0,26.0,12.0
10048,31.0,10.0,31.0,10.0
10049,31.0,10.0,28.0,14.0
10050,31.0,10.0,31.0,10.0
10051,31.0,10.0,32.0,10.0
10052,31.0,10.0,27.0,17.0
10053,31.0,10.0,28.0,14.0
10054,31.0,10.0,31.0,11.0
10055,31.0,10.0,31.0,10.0
10056,31.0,10.0,30.0,13.0
10057,31.0,10.0,31.0,10.0
10058,31.0,10.0,32.0,10.0
10059,31.0,10.0,31.0,11.0
10060,31.0,10.0,31.0,10.0
10061,31.0,10.0,26.0,12.0
10062,31.0,10.0,31.0,10.0
10063,31.0,10.0,28.0,14.0
10064,31.0,10.0,30.0,13.0
10065,31.0,10.0,28.0,14.0
10066,31.0,10.0,27.0,17.0
10067,31.0,10.0,26.0,12.0
10068,31.0,10.0,27.0,17.0
10069,31.0,10.0,31.0,11.0
10070,31.0,10.0,27.0,17.0
10071,31.0,10.0,28.0,14.0
10072,31.0,10.0,32.0,10.0
10073,31.0,10.0,31.0,11.0
10074,31.0,10.0,30.0,13.0
10075,31.0,10.0,31.0,10.0
10076,31.0,10.0,32.0,10.0
10077,31.0,10.0,32.0,10.0
10078,31.0,10.0,31.0,10.0
10079,31.0,10.0,31.0,10.0
10080,31.0,10.0,26.0,12.0
10081,31.0,10.0,28.0,14.0
10082,31.0,10.0,30.0,13.0
10083,31.0,10.0,28.0,14.0
10084,31.0,10.0,27.0,17.0
10085,31.0,10.0,31.0,10.0
10086,31.0,10.0,31.0,11.0
10087,31.0,10.0,31.0,11.0
10088,31.0,10.0,32.0,10.0
10089,31.0,10.0,31.0,10.0
10090,31.0,10.0,27.0,17.0
10091,31.0,10.0,32.0,10.0
10092,31.0,10.0,31.0,10.0
10093,31.0,10.0,31.0,10.0
10094,31.0,10.0,26.0,12.0
10095,31.0,10.0,31.0,10.0
10096,31.0,10.0,31.0,10.0
10097,31.0,10.0,31.0,11.0
10098,31.0,10.0,32.0,10.0
10099,31.0,10.0,31.0,10.0
10100,31.0,10.0,31.0,10.0
10101,31.0,10.0,31.0,11.0
10102,31.0,10.0,31.0,10.0
10103,31.0,10.0,32.0,10.0
10104,31.0,10.0,31.0,11.0
10105,31.0,10.0,28.0,14.0
10106,31.0,10.0,31.0,10.0
10107,31.0,10.0,28.0,14.0
10108,31.0,10.0,30.0,13.0
10109,31.0,10.0,32.0,10.0
10110,31.0,10.0,31.0,11.0
10111,31.0,10.0,30.0,13.0
10112,31.0,10.0,31.0,10.0
10113,31.0,10.0,30.0,13.0
10114,31.0,10.0,31.0,10.0
10115,31.0,10.0,31.0,10.0
10116,31.0,10.0,27.0,17.0
10117,31.0,10.0,31.0,11.0
10118,31.0,10.0,27.0,17.0
10119,31.0,10.0,30.0,13.0
10120,31.0,10.0,32.0,10.0
10121,31.0,10.0,27.0,17.0
10122,31.0,10.0,32.0,10.0
10123,31.0,10.0,26.0,12.0
10124,31.0,10.0,32.0,10.0
10125,31.0,10.0,31.0,10.0
10126,31.0,10.0,26.0,12.0
10127,31.0,10.0,32.0,10.0
10128,31.0,10.0,28.0,14.0
10129,31.0,10.0,31.0,10.0
10130,31.0,10.0,31.0,10.0
10131,31.0,10.0,30.0,13.0
10132,31.0,10.0,31.0,10.0
10133,31.0,10.0,31.0,10.0
10134,31.0,10.0,31.0,11.0
10135,31.0,10.0,28.0,14.0
10136,31.0,10.0,30.0,13.0
10137,31.0,10.0,27.0,17.0
10138,31.0,10.0,30.0,13.0
10139,31.0,10.0,28.0,14.0
10140,31.0,10.0,31.0,11.0
10141,31.0,10.0,31.0,11.0
10142,31.0,10.0,28.0,14.0
10143,31.0,10.0,28.0,14.0
10144,31.0,10.0,26.0,12.0
10145,31.0,10.0,32.0,10.0
10146,31.0,10.0,31.0,10.0
10147,31.0,10.0,31.0,10.0
10148,31.0,10.0,32.0,10.0
10149,31.0,10.0,31.0,11.0
10150,31.0,10.0,31.0,11.0
10151,31.0,10.0,26.0,12.0
10152,31.0,10.0,31.0,10.0
10153,31.0,10.0,32.0,10.0
10154,31.0,10.0,27.0,17.0
10155,31.0,10.0,27.0,17.0
10156,31.0,10.0,28.0,14.0
10157,31.0,10.0,26.0,12.0
10158,31.0,10.0,28.0,14.0
10159,31.0,10.0,28.0,14.0
10160,31.0,10.0,32.0,10.0
10161,31.0,10.0,28.0,14.0
10162,31.0,10.0,31.0,10.0
10163,31.0,10.0,31.0,10.0
10164,31.0,10.0,27.0,17.0
10165,31.0,10.0,32.0,10.0
10166,31.0,10.0,31.0,11.0
10167,31.0,10.0,32.0,10.0
10168,31.0,10.0,31.0,10.0
10169,31.0,10.0,31.0,10.0
10170,31.0,10.0,28.0,14.0
10171,31.0,10.0,31.0,11.0
10172,31.0,10.0,31.0,10.0
10173,31.0,10.0,32.0,10.0
10174,31.0,10.0,27.0,17.0
10175,31.0,10.0,27.0,17.0
10176,31.0,10.0,32.0,10.0
10177,31.0,10.0,31.0,11.0
10178,31.0,10.0,31.0,10.0
10179,31.0,10.0,28.0,14.0
10180,31.0,10.0,26.0,12.0
10181,31.0,10.0,28.0,14.0
10182,31.0,10.0,28.0,14.0
10183,31.0,10.0,27.0,17.0
10184,31.0,10.0,28.0,14.0
10185,31.0,10.0,30.0,13.0
10186,31.0,10.0,28.0,14.0
10187,31.0,10.0,27.0,17.0
10188,31.0,10.0,31.0,10.0
10189,31.0,10.0,31.0,10.0
10190,31.0,10.0,31.0,10.0
10191,31.0,10.0,31.0,10.0
10192,31.0,10.0,27.0,17.0
10193,31.0,10.0,31.0,10.0
10194,31.0,10.0,30.0,13.0
10195,31.0,10.0,31.0,10.0
10196,31.0,10.0,30.0,13.0
10197,31.0,10.0,28.0,14.0
10198,31.0,10.0,31.0,10.0
10199,31.0,10.0,26.0,12.0
10200,31.0,10.0,31.0,10.0
10201,31.0,10.0,28.0,14.0
10202,31.0,10.0,27.0,17.0
10203,31.0,10.0,28.0,14.0
10204,31.0,10.0,32.0,10.0
10205,31.0,10.0,26.0,12.0
10206,31.0,10.0,32.0,10.0
10207,31.0,10.0,30.0,13.0
10208,31.0,10.0,32.0,10.0
10209,31.0,10.0,26.0,12.0
10210,31.0,10.0,31.0,10.0
10211,31.0,10.0,26.0,12.0
10212,31.0,10.0,30.0,13.0
10213,31.0,10.0,28.0,14.0
10214,31.0,10.0,31.0,10.0
10215,31.0,10.0,27.0,17.0
10216,31.0,10.0,31.0,11.0
10217,31.0,10.0,27.0,17.0
10218,31.0,10.0,26.0,12.0
10219,31.0,10.0,31.0,10.0
10220,31.0,10.0,30.0,13.0
10221,31.0,10.0,31.0,10.0
10222,31.0,10.0,26.0,12.0
10223,31.0,10.0,31.0,10.0
10224,31.0,10.0,31.0,11.0
10225,31.0,10.0,32.0,10.0
10226,31.0,10.0,31.0,10.0
10227,31.0,10.0,32.0,10.0
10228,31.0,10.0,28.0,14.0
10229,31.0,10.0,32.0,10.0
10230,31.0,10.0,32.0,10.0
10231,31.0,10.0,28.0,14.0
10232,31.0,10.0,26.0,12.0
10233,31.0,10.0,31.0,10.0
10234,31.0,10.0,32.0,10.0
10235,31.0,10.0,28.0,14.0
10236,31.0,10.0,31.0,11.0
10237,31.0,10.0,31.0,11.0
10238,31.0,10.0,28.0,14.0
10239,31.0,10.0,26.0,12.0
10240,31.0,10.0,28.0,14.0
10241,31.0,10.0,32.0,10.0
10242,31.0,10.0,31.0,10.0
10243,31.0,10.0,31.0,10.0
10244,31.0,10.0,26.0,12.0
10245,31.0,10.0,26.0,12.0
10246,31.0,10.0,26.0,12.0
10247,31.0,10.0,31.0,11.0
10248,31.0,10.0,26.0,12.0
10249,31.0,10.0,28.0,14.0
10250,31.0,10.0,28.0,14.0
10251,31.0,10.0,30.0,13.0
10252,31.0,10.0,31.0,10.0
10253,31.0,10.0,26.0,12.0
10254,31.0,10.0,32.0,10.0
10255,31.0,10.0,32.0,10.0
10256,31.0,10.0,31.0,10.0
10257,31.0,10.0,30.0,13.0
10258,31.0,10.0,28.0,14.0
10259,31.0,10.0,31.0,10.0
10260,31.0,10.0,31.0,10.0
10261,31.0,10.0,31.0,10.0
10262,31.0,10.0,31.0,10.0
10263,31.0,10.0,28.0,14.0
10264,31.0,10.0,31.0,10.0
10265,31.0,10.0,31.0,11.0
10266,31.0,10.0,27.0,17.0
10267,31.0,10.0,30.0,13.0
10268,31.0,10.0,27.0,17.0
10269,31.0,10.0,28.0,14.0
10270,31.0,10.0,27.0,17.0
10271,31.0,10.0,31.0,11.0
10272,31.0,10.0,31.0,11.0
10273,31.0,10.0,31.0,10.0
10274,31.0,10.0,28.0,14.0
10275,31.0,10.0,30.0,13.0
10276,31.0,10.0,31.0,11.0
10277,31.0,10.0,27.0,17.0
10278,31.0,10.0,26.0,12.0
10279,31.0,10.0,31.0,10.0
10280,31.0,10.0,31.0,10.0
10281,31.0,10.0,32.0,10.0
10282,31.0,10.0,32.0,10.0
10283,31.0,10.0,31.0,10.0
10284,31.0,10.0,32.0,10.0
10285,31.0,10.0,27.0,17.0
10286,31.0,10.0,31.0,11.0
10287,31.0,10.0,31.0,11.0
10288,31.0,10.0,26.0,12.0
10289,31.0,10.0,31.0,11.0
10290,31.0,10.0,28.0,14.0
10291,31.0,10.0,31.0,10.0
10292,31.0,10.0,32.0,10.0
10293,31.0,10.0,30.0,13.0
10294,31.0,10.0,28.0,14.0
10295,31.0,10.0,31.0,11.0
10296,31.0,10.0,31.0,11.0
10297,31.0,10.0,31.0,10.0
10298,31.0,10.0,32.0,10.0
10299,31.0,10.0,27.0,17.0
10300,31.0,10.0,27.0,17.0
10301,31.0,10.0,30.0,13.0
10302,31.0,10.0,27.0,17.0
10303,31.0,10.0,26.0,12.0
10304,31.0,10.0,28.0,14.0
10305,31.0,10.0,27.0,17.0
10306,31.0,10.0,32.0,10.0
10307,31.0,10.0,27.0,17.0
10308,31.0,10.0,30.0,13.0
10309,31.0,10.0,32.0,10.0
10310,31.0,10.0,31.0,11.0
10311,31.0,10.0,28.0,14.0
10312,31.0,10.0,26.0,12.0
10313,31.0,10.0,26.0,12.0
10314,31.0,10.0,26.0,12.0
10315,31.0,10.0,28.0,14.0
10316,31.0,10.0,31.0,11.0
10317,31.0,10.0,31.0,11.0
10318,31.0,10.0,32.0,10.0
10319,31.0,10.0,28.0,14.0
10320,31.0,10.0,31.0,10.0
10321,31.0,10.0,31.0,11.0
10322,31.0,10.0,31.0,11.0
10323,31.0,10.0,31.0,10.0
10324,31.0,10.0,28.0,14.0
10325,31.0,10.0,31.0,10.0
10326,31.0,10.0,31.0,10.0
10327,31.0,10.0,30.0,13.0
10328,31.0,10.0,31.0,10.0
10329,31.0,10.0,26.0,12.0
10330,31.0,10.0,27.0,17.0
10331,31.0,10.0,27.0,17.0
10332,31.0,10.0,28.0,14.0
10333,31.0,10.0,26.0,12.0
10334,31.0,10.0,28.0,14.0
10335,31.0,10.0,28.0,14.0
10336,31.0,10.0,31.0,10.0
10337,31.0,10.0,32.0,10.0
10338,31.0,10.0,31.0,10.0
10339,31.0,10.0,31.0,10.0
10340,31.0,10.0,31.0,11.0
10341,31.0,10.0,31.0,10.0
10342,31.0,10.0,31.0,10.0
10343,31.0,10.0,27.0,17.0
10344,31.0,10.0,30.0,13.0
10345,31.0,10.0,31.0,11.0
10346,31.0,10.0,31.0,11.0
10347,31.0,10.0,31.0,10.0
10348,31.0,10.0,28.0,14.0
10349,31.0,10.0,27.0,17.0
10350,31.0,10.0,32.0,10.0
10351,31.0,10.0,31.0,10.0
10352,31.0,10.0,32.0,10.0
10353,31.0,10.0,30.0,13.0
10354,31.0,10.0,31.0,10.0
10355,31.0,10.0,32.0,10.0
10356,31.0,10.0,31.0,10.0
10357,31.0,10.0,32.0,10.0
10358,31.0,10.0,30.0,13.0
10359,31.0,10.0,32.0,10.0
10360,31.0,10.0,30.0,13.0
10361,31.0,10.0,27.0,17.0
10362,31.0,10.0,30.0,13.0
10363,31.0,10.0,27.0,17.0
10364,31.0,10.0,28.0,14.0
10365,31.0,10.0,26.0,12.0
10366,31.0,10.0,26.0,12.0
10367,31.0,10.0,32.0,10.0
10368,31.0,10.0,31.0,11.0
10369,31.0,10.0,31.0,10.0
10370,31.0,10.0,32.0,10.0
10371,31.0,10.0,31.0,10.0
10372,31.0,10.0,27.0,17.0
10373,31.0,10.0,31.0,10.0
10374,31.0,10.0,31.0,10.0
10375,31.0,10.0,32.0,10.0
10376,31.0,10.0,32.0,10.0
10377,31.0,10.0,28.0,14.0
10378,31.0,10.0,31.0,10.0
10379,31.0,10.0,26.0,12.0
10380,31.0,10.0,26.0,12.0
10381,31.0,10.0,31.0,10.0
10382,31.0,10.0,31.0,10.0
10383,31.0,10.0,32.0,10.0
10384,31.0,10.0,28.0,14.0
10385,31.0,10.0,31.0,10.0
10386,31.0,10.0,28.0,14.0
10387,31.0,10.0,31.0,10.0
10388,31.0,10.0,28.0,14.0
10389,31.0,10.0,28.0,14.0
10390,31.0,10.0,32.0,10.0
10391,31.0,10.0,27.0,17.0
10392,31.0,10.0,26.0,12.0
10393,31.0,10.0,28.0,14.0
10394,31.0,10.0,27.0,17.0
10395,31.0,10.0,27.0,17.0
10396,31.0,10.0,26.0,12.0
10397,31.0,10.0,31.0,11.0
10398,31.0,10.0,27.0,17.0
10399,31.0,10.0,27.0,17.0
10400,31.0,10.0,32.0,10.0
10401,31.0,10.0,28.0,14.0
10402,31.0,10.0,31.0,10.0
10403,31.0,10.0,31.0,10.0
10404,31.0,10.0,26.0,12.0
10405,31.0,10.0,31.0,10.0
10406,31.0,10.0,32.0,10.0
10407,31.0,10.0,32.0,10.0
10408,31.0,10.0,27.0,17.0
10409,31.0,10.0,28.0,14.0
10410,31.0,10.0,26.0,12.0
10411,31.0,10.0,31.0,10.0
10412,31.0,10.0,30.0,13.0
10413,31.0,10.0,28.0,14.0
10414,31.0,10.0,31.0,10.0
10415,31.0,10.0,27.0,17.0
10416,31.0,10.0,32.0,10.0
10417,31.0,10.0,31.0,10.0
10418,31.0,10.0,27.0,17.0
10419,31.0,10.0,31.0,10.0
10420,31.0,10.0,28.0,14.0
10421,31.0,10.0,28.0,14.0
10422,31.0,10.0,32.0,10.0
10423,31.0,10.0,30.0,13.0
10424,31.0,10.0,28.0,14.0
10425,31.0,10.0,28.0,14.0
10426,31.0,10.0,30.0,13.0
10427,31.0,10.0,31.0,10.0
10428,31.0,10.0,26.0,12.0
10429,31.0,10.0,31.0,10.0
10430,31.0,10.0,31.0,11.0
10431,31.0,10.0,31.0,10.0
10432,31.0,10.0,30.0,13.0
10433,31.0,10.0,32.0,10.0
10434,31.0,10.0,28.0,14.0
10435,31.0,10.0,27.0,17.0
10436,31.0,10.0,30.0,13.0
10437,31.0,10.0,28.0,14.0
10438,31.0,10.0,31.0,10.0
10439,31.0,10.0,31.0,11.0
10440,31.0,10.0,26.0,12.0
10441,31.0,10.0,32.0,10.0
10442,31.0,10.0,31.0,10.0
10443,31.0,10.0,31.0,10.0
10444,31.0,10.0,27.0,17.0
10445,31.0,10.0,32.0,10.0
10446,31.0,10.0,31.0,10.0
10447,31.0,10.0,31.0,10.0
10448,31.0,10.0,28.0,14.0
10449,31.0,10.0,31.0,10.0
10450,31.0,10.0,31.0,10.0
10451,31.0,10.0,27.0,17.0
10452,31.0,10.0,27.0,17.0
10453,31.0,10.0,32.0,10.0
10454,31.0,10.0,27.0,17.0
10455,31.0,10.0,31.0,10.0
10456,31.0,10.0,27.0,17.0
10457,31.0,10.0,31.0,11.0
10458,31.0,10.0,28.0,14.0
10459,31.0,10.0,27.0,17.0
10460,31.0,10.0,32.0,10.0
10461,31.0,10.0,32.0,10.0
10462,31.0,10.0,27.0,17.0
10463,31.0,10.0,27.0,17.0
10464,31.0,10.0,31.0,10.0
10465,31.0,10.0,30.0,13.0
10466,31.0,10.0,31.0,10.0
10467,31.0,10.0,30.0,13.0
10468,31.0,10.0,31.0,10.0
10469,31.0,10.0,31.0,11.0
10470,31.0,10.0,31.0,11.0
10471,31.0,10.0,28.0,14.0
10472,31.0,10.0,32.0,10.0
10473,31.0,10.0,26.0,12.0
10474,31.0,10.0,32.0,10.0
10475,31.0,10.0,32.0,10.0
10476,31.0,10.0,28.0,14.0
10477,31.0,10.0,26.0,12.0
10478,31.0,10.0,31.0,11.0
10479,31.0,10.0,32.0,10.0
10480,31.0,10.0,32.0,10.0
10481,31.0,10.0,27.0,17.0
10482,31.0,10.0,30.0,13.0
10483,31.0,10.0,32.0,10.0
10484,31.0,10.0,26.0,12.0
10485,31.0,10.0,26.0,12.0
10486,31.0,10.0,31.0,10.0
10487,31.0,10.0,32.0,10.0
10488,31.0,10.0,31.0,10.0
10489,31.0,10.0,31.0,10.0
10490,31.0,10.0,31.0,10.0
10491,31.0,10.0,30.0,13.0
10492,31.0,10.0,31.0,10.0
10493,31.0,10.0,27.0,17.0
10494,31.0,10.0,31.0,10.0
10495,31.0,10.0,31.0,11.0
10496,31.0,10.0,31.0,10.0
10497,31.0,10.0,31.0,10.0
10498,31.0,10.0,28.0,14.0
10499,31.0,10.0,31.0,11.0
10500,31.0,10.0,31.0,11.0
10501,31.0,10.0,32.0,10.0
10502,31.0,10.0,30.0,13.0
10503,31.0,10.0,31.0,10.0
10504,31.0,10.0,27.0,17.0
10505,31.0,10.0,31.0,10.0
10506,31.0,10.0,27.0,17.0
10507,31.0,10.0,32.0,10.0
10508,31.0,10.0,31.0,10.0
10509,31.0,10.0,31.0,10.0
10510,31.0,10.0,27.0,17.0
10511,31.0,10.0,30.0,13.0
10512,31.0,10.0,31.0,10.0
10513,31.0,10.0,30.0,13.0
10514,31.0,10.0,28.0,14.0
10515,31.0,10.0,28.0,14.0
10516,31.0,10.0,28.0,14.0
10517,31.0,10.0,32.0,10.0
10518,31.0,10.0,31.0,10.0
10519,31.0,10.0,31.0,10.0
10520,31.0,10.0,31.0,10.0
10521,31.0,10.0,30.0,13.0
10522,31.0,10.0,30.0,13.0
10523,31.0,10.0,27.0,17.0
10524,31.0,10.0,27.0,17.0
10525,31.0,10.0,30.0,13.0
10526,31.0,10.0,26.0,12.0
10527,31.0,10.0,31.0,10.0
10528,31.0,10.0,31.0,10.0
10529,31.0,10.0,31.0,10.0
10530,31.0,10.0,31.0,10.0
10531,31.0,10.0,31.0,10.0
10532,31.0,10.0,28.0,14.0
10533,31.0,10.0,26.0,12.0
10534,31.0,10.0,31.0,10.0
10535,31.0,10.0,31.0,11.0
10536,31.0,10.0,32.0,10.0
10537,31.0,10.0,32.0,10.0
10538,31.0,10.0,30.0,13.0
10539,31.0,10.0,26.0,12.0
10540,31.0,10.0,30.0,13.0
10541,31.0,10.0,31.0,10.0
10542,31.0,10.0,30.0,13.0
10543,31.0,10.0,31.0,10.0
10544,31.0,10.0,31.0,10.0
10545,31.0,10.0,26.0,12.0
10546,31.0,10.0,30.0,13.0
10547,31.0,10.0,30.0,13.0
10548,31.0,10.0,31.0,11.0
10549,31.0,10.0,32.0,10.0
10550,31.0,10.0,31.0,10.0
10551,31.0,10.0,30.0,13.0
10552,31.0,10.0,31.0,10.0
10553,31.0,10.0,27.0,17.0
10554,31.0,10.0,28.0,14.0
10555,31.0,10.0,31.0,10.0
10556,31.0,10.0,27.0,17.0
10557,31.0,10.0,28.0,14.0
10558,31.0,10.0,28.0,14.0
10559,31.0,10.0,26.0,12.0
10560,31.0,10.0,32.0,10.0
10561,31.0,10.0,31.0,10.0
10562,31.0,10.0,28.0,14.0
10563,31.0,10.0,31.0,11.0
10564,31.0,10.0,28.0,14.0
10565,31.0,10.0,31.0,11.0
10566,31.0,10.0,31.0,11.0
10567,31.0,10.0,31.0,11.0
10568,31.0,10.0,31.0,10.0
10569,31.0,10.0,31.0,11.0
10570,31.0,10.0,31.0,10.0
10571,31.0,10.0,31.0,11.0
10572,31.0,10.0,31.0,10.0
10573,31.0,10.0,32.0,10.0
10574,31.0,10.0,31.0,11.0
10575,31.0,10.0,28.0,14.0
10576,31.0,10.0,31.0,11.0
10577,31.0,10.0,31.0,10.0
10578,31.0,10.0,27.0,17.0
10579,31.0,10.0,31.0,11.0
10580,31.0,10.0,31.0,10.0
10581,31.0,10.0,31.0,11.0
10582,31.0,10.0,31.0,11.0
10583,31.0,10.0,27.0,17.0
10584,31.0,10.0,30.0,13.0
10585,31.0,10.0,26.0,12.0
10586,31.0,10.0,31.0,10.0
10587,31.0,10.0,30.0,13.0
10588,31.0,10.0,30.0,13.0
10589,31.0,10.0,28.0,14.0
10590,31.0,10.0,31.0,11.0
10591,31.0,10.0,32.0,10.0
10592,31.0,10.0,31.0,10.0
10593,31.0,10.0,28.0,14.0
10594,31.0,10.0,26.0,12.0
10595,31.0,10.0,31.0,10.0
10596,31.0,10.0,32.0,10.0
10597,31.0,10.0,31.0,10.0
10598,31.0,10.0,31.0,11.0
10599,31.0,10.0,27.0,17.0
10600,31.0,10.0,31.0,10.0
10601,31.0,10.0,28.0,14.0
10602,31.0,10.0,27.0,17.0
10603,31.0,10.0,31.0,10.0
10604,31.0,10.0,31.0,11.0
10605,31.0,10.0,27.0,17.0
10606,31.0,10.0,31.0,11.0
10607,31.0,10.0,31.0,10.0
10608,31.0,10.0,31.0,11.0
10609,31.0,10.0,31.0,10.0
10610,31.0,10.0,30.0,13.0
10611,31.0,10.0,32.0,10.0
10612,31.0,10.0,27.0,17.0
10613,31.0,10.0,30.0,13.0
10614,31.0,10.0,31.0,11.0
10615,31.0,10.0,30.0,13.0
10616,31.0,10.0,31.0,10.0
10617,31.0,10.0,31.0,11.0
10618,31.0,10.0,26.0,12.0
10619,31.0,10.0,32.0,10.0
10620,31.0,10.0,32.0,10.0
10621,31.0,10.0,31.0,10.0
10622,31.0,10.0,31.0,10.0
10623,31.0,10.0,31.0,10.0
10624,31.0,10.0,28.0,14.0
10625,31.0,10.0,28.0,14.0
10626,31.0,10.0,28.0,14.0
10627,31.0,10.0,31.0,10.0
10628,31.0,10.0,26.0,12.0
10629,31.0,10.0,26.0,12.0
10630,31.0,10.0,28.0,14.0
10631,31.0,10.0,31.0,10.0
10632,31.0,10.0,27.0,17.0
10633,31.0,10.0,27.0,17.0
10634,31.0,10.0,30.0,13.0
10635,31.0,10.0,31.0,10.0
10636,31.0,10.0,31.0,11.0
10637,31.0,10.0,26.0,12.0
10638,31.0,10.0,28.0,14.0
10639,31.0,10.0,31.0,11.0
10640,31.0,10.0,31.0,11.0
10641,31.0,10.0,30.0,13.0
10642,31.0,10.0,32.0,10.0
10643,31.0,10.0,26.0,12.0
10644,31.0,10.0,31.0,10.0
10645,31.0,10.0,31.0,10.0
10646,31.0,10.0,27.0,17.0
10647,31.0,10.0,28.0,14.0
10648,31.0,10.0,31.0,11.0
10649,31.0,10.0,26.0,12.0
10650,31.0,10.0,31.0,10.0
10651,31.0,10.0,28.0,14.0
10652,31.0,10.0,27.0,17.0
10653,31.0,10.0,31.0,10.0
10654,31.0,10.0,31.0,10.0
10655,31.0,10.0,30.0,13.0
10656,31.0,10.0,32.0,10.0
10657,31.0,10.0,31.0,10.0
10658,31.0,10.0,32.0,10.0
10659,31.0,10.0,31.0,10.0
10660,31.0,10.0,28.0,14.0
10661,31.0,10.0,30.0,13.0
10662,31.0,10.0,31.0,10.0
10663,31.0,10.0,32.0,10.0
10664,31.0,10.0,26.0,12.0
10665,31.0,10.0,26.0,12.0
10666,31.0,10.0,28.0,14.0
10667,31.0,10.0,31.0,10.0
10668,31.0,10.0,31.0,10.0
10669,31.0,10.0,26.0,12.0
10670,31.0,10.0,28.0,14.0
10671,31.0,10.0,31.0,10.0
10672,31.0,10.0,26.0,12.0
10673,31.0,10.0,32.0,10.0
10674,31.0,10.0,26.0,12.0
10675,31.0,10.0,30.0,13.0
10676,31.0,10.0,26.0,12.0
10677,31.0,10.0,31.0,11.0
10678,31.0,10.0,31.0,10.0
10679,31.0,10.0,31.0,10.0
10680,31.0,10.0,31.0,10.0
10681,31.0,10.0,31.0,10.0
10682,31.0,10.0,26.0,12.0
10683,31.0,10.0,32.0,10.0
10684,31.0,10.0,28.0,14.0
10685,31.0,10.0,31.0,11.0
10686,31.0,10.0,31.0,10.0
10687,31.0,10.0,28.0,14.0
10688,31.0,10.0,31.0,10.0
10689,31.0,10.0,31.0,10.0
10690,31.0,10.0,28.0,14.0
10691,31.0,10.0,31.0,10.0
10692,31.0,10.0,28.0,14.0
10693,31.0,10.0,26.0,12.0
10694,31.0,10.0,31.0,10.0
10695,31.0,10.0,31.0,11.0
10696,31.0,10.0,32.0,10.0
10697,31.0,10.0,26.0,12.0
10698,31.0,10.0,28.0,14.0
10699,31.0,10.0,27.0,17.0
10700,31.0,10.0,31.0,10.0
10701,31.0,10.0,31.0,10.0
10702,31.0,10.0,31.0,10.0
10703,31.0,10.0,30.0,13.0
10704,31.0,10.0,27.0,17.0
10705,31.0,10.0,31.0,11.0
10706,31.0,10.0,31.0,11.0
10707,31.0,10.0,28.0,14.0
10708,31.0,10.0,27.0,17.0
10709,31.0,10.0,26.0,12.0
10710,31.0,10.0,32.0,10.0
10711,31.0,10.0,28.0,14.0
10712,31.0,10.0,28.0,14.0
10713,31.0,10.0,31.0,10.0
10714,31.0,10.0,31.0,10.0
10715,31.0,10.0,31.0,10.0
10716,31.0,10.0,30.0,13.0
10717,31.0,10.0,27.0,17.0
10718,31.0,10.0,28.0,14.0
10719,31.0,10.0,32.0,10.0
10720,31.0,10.0,28.0,14.0
10721,31.0,10.0,31.0,10.0
10722,31.0,10.0,31.0,10.0
10723,31.0,10.0,28.0,14.0
10724,31.0,10.0,32.0,10.0
10725,31.0,10.0,31.0,11.0
10726,31.0,10.0,27.0,17.0
10727,31.0,10.0,31.0,11.0
10728,31.0,10.0,28.0,14.0
10729,31.0,10.0,26.0,12.0
10730,31.0,10.0,32.0,10.0
10731,31.0,10.0,28.0,14.0
10732,31.0,10.0,31.0,10.0
10733,31.0,10.0,30.0,13.0
10734,31.0,10.0,31.0,10.0
10735,31.0,10.0,30.0,13.0
10736,31.0,10.0,27.0,17.0
10737,31.0,10.0,28.0,14.0
10738,31.0,10.0,26.0,12.0
10739,31.0,10.0,26.0,12.0
10740,31.0,10.0,31.0,10.0
10741,31.0,10.0,26.0,12.0
10742,31.0,10.0,31.0,10.0
10743,31.0,10.0,28.0,14.0
10744,31.0,10.0,31.0,10.0
10745,31.0,10.0,31.0,10.0
10746,31.0,10.0,26.0,12.0
10747,31.0,10.0,31.0,11.0
10748,31.0,10.0,31.0,10.0
10749,31.0,10.0,32.0,10.0
10750,31.0,10.0,31.0,10.0
10751,31.0,10.0,31.0,10.0
10752,31.0,10.0,26.0,12.0
10753,31.0,10.0,32.0,10.0
10754,31.0,10.0,32.0,10.0
10755,31.0,10.0,31.0,10.0
10756,31.0,10.0,31.0,10.0
10757,31.0,10.0,31.0,10.0
10758,31.0,10.0,31.0,11.0
10759,31.0,10.0,32.0,10.0
10760,31.0,10.0,31.0,10.0
10761,31.0,10.0,32.0,10.0
10762,31.0,10.0,28.0,14.0
10763,31.0,10.0,31.0,10.0
10764,31.0,10.0,28.0,14.0
10765,31.0,10.0,26.0,12.0
10766,31.0,10.0,31.0,10.0
10767,31.0,10.0,31.0,11.0
10768,31.0,10.0,31.0,10.0
10769,31.0,10.0,30.0,13.0
10770,31.0,10.0,28.0,14.0
10771,31.0,10.0,30.0,13.0
10772,31.0,10.0,30.0,13.0
10773,31.0,10.0,28.0,14.0
10774,31.0,10.0,27.0,17.0
10775,31.0,10.0,31.0,11.0
10776,31.0,10.0,27.0,17.0
10777,31.0,10.0,28.0,14.0
10778,31.0,10.0,30.0,13.0
10779,31.0,10.0,26.0,12.0
10780,31.0,10.0,28.0,14.0
10781,31.0,10.0,26.0,12.0
10782,31.0,10.0,31.0,10.0
10783,31.0,10.0,30.0,13.0
10784,31.0,10.0,27.0,17.0
10785,31.0,10.0,31.0,11.0
10786,31.0,10.0,31.0,10.0
10787,31.0,10.0,28.0,14.0
10788,31.0,10.0,26.0,12.0
10789,31.0,10.0,26.0,12.0
10790,31.0,10.0,32.0,10.0
10791,31.0,10.0,31.0,10.0
10792,31.0,10.0,28.0,14.0
10793,31.0,10.0,31.0,11.0
10794,31.0,10.0,26.0,12.0
10795,31.0,10.0,27.0,17.0
10796,31.0,10.0,26.0,12.0
10797,31.0,10.0,28.0,14.0
10798,31.0,10.0,31.0,11.0
10799,31.0,10.0,30.0,13.0
10800,31.0,10.0,31.0,10.0
10801,31.0,10.0,31.0,11.0
10802,31.0,10.0,27.0,17.0
10803,31.0,10.0,31.0,10.0
10804,31.0,10.0,30.0,13.0
10805,31.0,10.0,31.0,11.0
10806,31.0,10.0,31.0,10.0
10807,31.0,10.0,28.0,14.0
10808,31.0,10.0,31.0,11.0
10809,31.0,10.0,31.0,10.0
10810,31.0,10.0,30.0,13.0
10811,31.0,10.0,31.0,10.0
10812,31.0,10.0,28.0,14.0
10813,31.0,10.0,27.0,17.0
10814,31.0,10.0,31.0,11.0
10815,31.0,10.0,31.0,10.0
10816,31.0,10.0,31.0,10.0
10817,31.0,10.0,31.0,10.0
10818,31.0,10.0,31.0,10.0
10819,31.0,10.0,31.0,10.0
10820,31.0,10.0,31.0,10.0
10821,31.0,10.0,31.0,11.0
10822,31.0,10.0,31.0,10.0
10823,31.0,10.0,30.0,13.0
10824,31.0,10.0,30.0,13.0
10825,31.0,10.0,31.0,10.0
10826,31.0,10.0,28.0,14.0
10827,31.0,10.0,31.0,11.0
10828,31.0,10.0,30.0,13.0
10829,31.0,10.0,32.0,10.0
10830,31.0,10.0,31.0,10.0
10831,31.0,10.0,28.0,14.0
10832,31.0,10.0,31.0,10.0
10833,31.0,10.0,31.0,10.0
10834,31.0,10.0,26.0,12.0
10835,31.0,10.0,28.0,14.0
10836,31.0,10.0,31.0,10.0
10837,31.0,10.0,31.0,10.0
10838,31.0,10.0,28.0,14.0
10839,31.0,10.0,27.0,17.0
10840,31.0,10.0,30.0,13.0
10841,31.0,10.0,30.0,13.0
10842,31.0,10.0,31.0,10.0
10843,31.0,10.0,30.0,13.0
10844,31.0,10.0,31.0,10.0
10845,31.0,10.0,30.0,13.0
10846,31.0,10.0,26.0,12.0
10847,31.0,10.0,30.0,13.0
10848,31.0,10.0,31.0,10.0
10849,31.0,10.0,31.0,10.0
10850,31.0,10.0,26.0,12.0
10851,31.0,10.0,27.0,17.0
10852,31.0,10.0,32.0,10.0
10853,31.0,10.0,31.0,11.0
10854,31.0,10.0,31.0,11.0
10855,31.0,10.0,31.0,10.0
10856,31.0,10.0,31.0,11.0
10857,31.0,10.0,31.0,11.0
10858,31.0,10.0,31.0,10.0
10859,31.0,10.0,26.0,12.0
10860,31.0,10.0,32.0,10.0
10861,31.0,10.0,27.0,17.0
10862,31.0,10.0,31.0,10.0
10863,31.0,10.0,28.0,14.0
10864,31.0,10.0,31.0,10.0
10865,31.0,10.0,31.0,10.0
10866,31.0,10.0,30.0,13.0
10867,31.0,10.0,28.0,14.0
10868,31.0,10.0,28.0,14.0
10869,31.0,10.0,30.0,13.0
10870,31.0,10.0,28.0,14.0
10871,31.0,10.0,31.0,11.0
10872,31.0,10.0,32.0,10.0
10873,31.0,10.0,31.0,10.0
10874,31.0,10.0,30.0,13.0
10875,31.0,10.0,27.0,17.0
10876,31.0,10.0,32.0,10.0
10877,31.0,10.0,30.0,13.0
10878,31.0,10.0,31.0,10.0
10879,31.0,10.0,26.0,12.0
10880,31.0,10.0,32.0,10.0
10881,31.0,10.0,31.0,10.0
10882,31.0,10.0,28.0,14.0
10883,31.0,10.0,27.0,17.0
10884,31.0,10.0,31.0,10.0
10885,31.0,10.0,31.0,11.0
10886,31.0,10.0,27.0,17.0
10887,31.0,10.0,31.0,11.0
10888,31.0,10.0,31.0,10.0
10889,31.0,10.0,30.0,13.0
10890,31.0,10.0,26.0,12.0
10891,31.0,10.0,26.0,12.0
10892,31.0,10.0,31.0,10.0
10893,31.0,10.0,27.0,17.0
10894,31.0,10.0,28.0,14.0
10895,31.0,10.0,30.0,13.0
10896,31.0,10.0,30.0,13.0
10897,31.0,10.0,31.0,10.0
10898,31.0,10.0,32.0,10.0
10899,31.0,10.0,28.0,14.0
10900,31.0,10.0,31.0,10.0
10901,31.0,10.0,27.0,17.0
10902,31.0,10.0,30.0,13.0
10903,31.0,10.0,31.0,10.0
10904,31.0,10.0,26.0,12.0
10905,31.0,10.0,30.0,13.0
10906,31.0,10.0,27.0,17.0
10907,31.0,10.0,30.0,13.0
10908,31.0,10.0,28.0,14.0
10909,31.0,10.0,31.0,10.0
10910,31.0,10.0,31.0,10.0
10911,31.0,10.0,27.0,17.0
10912,31.0,10.0,30.0,13.0
10913,31.0,10.0,31.0,11.0
10914,31.0,10.0,31.0,10.0
10915,31.0,10.0,27.0,17.0
10916,31.0,10.0,28.0,14.0
10917,31.0,10.0,32.0,10.0
10918,31.0,10.0,31.0,11.0
10919,31.0,10.0,28.0,14.0
10920,31.0,10.0,31.0,10.0
10921,31.0,10.0,32.0,10.0
10922,31.0,10.0,30.0,13.0
10923,31.0,10.0,26.0,12.0
10924,31.0,10.0,31.0,10.0
10925,31.0,10.0,31.0,10.0
10926,31.0,10.0,32.0,10.0
10927,31.0,10.0,31.0,10.0
10928,31.0,10.0,32.0,10.0
10929,31.0,10.0,32.0,10.0
10930,31.0,10.0,26.0,12.0
10931,31.0,10.0,31.0,10.0
10932,31.0,10.0,27.0,17.0
10933,31.0,10.0,28.0,14.0
10934,31.0,10.0,32.0,10.0
10935,31.0,10.0,32.0,10.0
10936,31.0,10.0,31.0,10.0
10937,31.0,10.0,31.0,10.0
10938,31.0,10.0,28.0,14.0
10939,31.0,10.0,31.0,11.0
10940,31.0,10.0,31.0,10.0
10941,31.0,10.0,32.0,10.0
10942,31.0,10.0,28.0,14.0
10943,31.0,10.0,31.0,10.0
10944,31.0,10.0,30.0,13.0
10945,31.0,10.0,27.0,17.0
10946,31.0,10.0,30.0,13.0
10947,31.0,10.0,31.0,10.0
10948,31.0,10.0,31.0,10.0
10949,31.0,10.0,31.0,10.0
10950,31.0,10.0,28.0,14.0
10951,31.0,10.0,30.0,13.0
10952,31.0,10.0,30.0,13.0
10953,31.0,10.0,31.0,10.0
10954,31.0,10.0,31.0,10.0
10955,31.0,10.0,31.0,10.0
10956,31.0,10.0,28.0,14.0
10957,31.0,10.0,27.0,17.0
10958,31.0,10.0,32.0,10.0
10959,31.0,10.0,26.0,12.0
10960,31.0,10.0,27.0,17.0
10961,31.0,10.0,27.0,17.0
10962,31.0,10.0,31.0,10.0
10963,31.0,10.0,27.0,17.0
10964,31.0,10.0,28.0,14.0
10965,31.0,10.0,31.0,11.0
10966,31.0,10.0,27.0,17.0
10967,31.0,10.0,30.0,13.0
10968,31.0,10.0,28.0,14.0
10969,31.0,10.0,28.0,14.0
10970,31.0,10.0,31.0,10.0
10971,31.0,10.0,31.0,10.0
10972,31.0,10.0,31.0,10.0
10973,31.0,10.0,31.0,11.0
10974,31.0,10.0,30.0,13.0
10975,31.0,10.0,26.0,12.0
10976,31.0,10.0,26.0,12.0
10977,31.0,10.0,32.0,10.0
10978,31.0,10.0,31.0,11.0
10979,31.0,10.0,26.0,12.0
10980,31.0,10.0,30.0,13.0
10981,31.0,10.0,27.0,17.0
10982,31.0,10.0,31.0,11.0
10983,31.0,10.0,30.0,13.0
10984,31.0,10.0,30.0,13.0
10985,31.0,10.0,32.0,10.0
10986,31.0,10.0,26.0,12.0
10987,31.0,10.0,27.0,17.0
10988,31.0,10.0,31.0,10.0
10989,31.0,10.0,26.0,12.0
10990,31.0,10.0,31.0,11.0
10991,31.0,10.0,26.0,12.0
10992,31.0,10.0,30.0,13.0
10993,31.0,10.0,28.0,14.0
10994,31.0,10.0,31.0,10.0
10995,31.0,10.0,31.0,10.0
10996,31.0,10.0,26.0,12.0
10997,31.0,10.0,30.0,13.0
10998,31.0,10.0,28.0,14.0
10999,31.0,10.0,32.0,10.0
11000,31.0,10.0,27.0,17.0
11001,31.0,10.0,30.0,13.0
11002,31.0,10.0,27.0,17.0
11003,31.0,10.0,27.0,17.0
11004,31.0,10.0,31.0,10.0
11005,31.0,10.0,31.0,11.0
11006,31.0,10.0,31.0,10.0
11007,31.0,10.0,31.0,10.0
11008,31.0,10.0,31.0,10.0
11009,31.0,10.0,26.0,12.0
11010,31.0,10.0,27.0,17.0
11011,31.0,10.0,27.0,17.0
11012,31.0,10.0,26.0,12.0
11013,31.0,10.0,26.0,12.0
11014,31.0,10.0,30.0,13.0
11015,31.0,10.0,27.0,17.0
11016,31.0,10.0,28.0,14.0
11017,31.0,10.0,31.0,11.0
11018,31.0,10.0,27.0,17.0
11019,31.0,10.0,28.0,14.0
11020,31.0,10.0,26.0,12.0
11021,31.0,10.0,31.0,11.0
11022,31.0,10.0,28.0,14.0
11023,31.0,10.0,31.0,10.0
11024,31.0,10.0,31.0,11.0
11025,31.0,10.0,31.0,11.0
11026,31.0,10.0,27.0,17.0
11027,31.0,10.0,28.0,14.0
11028,31.0,10.0,27.0,17.0
11029,31.0,10.0,28.0,14.0
11030,31.0,10.0,28.0,14.0
11031,31.0,10.0,28.0,14.0
11032,31.0,10.0,31.0,10.0
11033,31.0,10.0,32.0,10.0
11034,31.0,10.0,31.0,10.0
11035,31.0,10.0,31.0,10.0
11036,31.0,10.0,31.0,11.0
11037,31.0,10.0,28.0,14.0
11038,31.0,10.0,28.0,14.0
11039,31.0,10.0,32.0,10.0
11040,31.0,10.0,31.0,11.0
11041,31.0,10.0,27.0,17.0
11042,31.0,10.0,31.0,11.0
11043,31.0,10.0,31.0,10.0
11044,31.0,10.0,28.0,14.0
11045,31.0,10.0,32.0,10.0
11046,31.0,10.0,26.0,12.0
11047,31.0,10.0,30.0,13.0
11048,31.0,10.0,28.0,14.0
11049,31.0,10.0,31.0,10.0
11050,31.0,10.0,30.0,13.0
11051,31.0,10.0,31.0,10.0
11052,31.0,10.0,31.0,10.0
11053,31.0,10.0,32.0,10.0
11054,31.0,10.0,28.0,14.0
11055,31.0,10.0,28.0,14.0
11056,31.0,10.0,30.0,13.0
11057,31.0,10.0,26.0,12.0
11058,31.0,10.0,27.0,17.0
11059,31.0,10.0,26.0,12.0
11060,31.0,10.0,27.0,17.0
11061,31.0,10.0,30.0,13.0
11062,31.0,10.0,32.0,10.0
11063,31.0,10.0,28.0,14.0
11064,31.0,10.0,30.0,13.0
11065,31.0,10.0,27.0,17.0
11066,31.0,10.0,31.0,10.0
11067,31.0,10.0,30.0,13.0
11068,31.0,10.0,26.0,12.0
11069,31.0,10.0,31.0,10.0
11070,31.0,10.0,27.0,17.0
11071,31.0,10.0,31.0,10.0
11072,31.0,10.0,31.0,10.0
11073,31.0,10.0,27.0,17.0
11074,31.0,10.0,27.0,17.0
11075,31.0,10.0,28.0,14.0
11076,31.0,10.0,28.0,14.0
11077,31.0,10.0,30.0,13.0
11078,31.0,10.0,26.0,12.0
11079,31.0,10.0,28.0,14.0
11080,31.0,10.0,26.0,12.0
11081,31.0,10.0,31.0,10.0
11082,31.0,10.0,32.0,10.0
11083,31.0,10.0,28.0,14.0
11084,31.0,10.0,30.0,13.0
11085,31.0,10.0,27.0,17.0
11086,31.0,10.0,26.0,12.0
11087,31.0,10.0,28.0,14.0
11088,31.0,10.0,31.0,10.0
11089,31.0,10.0,31.0,10.0
11090,31.0,10.0,31.0,10.0
11091,31.0,10.0,27.0,17.0
11092,31.0,10.0,31.0,10.0
11093,31.0,10.0,31.0,10.0
11094,31.0,10.0,31.0,10.0
11095,31.0,10.0,28.0,14.0
11096,31.0,10.0,31.0,10.0
11097,31.0,10.0,32.0,10.0
11098,31.0,10.0,30.0,13.0
11099,31.0,10.0,31.0,10.0
11100,31.0,10.0,31.0,11.0
11101,31.0,10.0,31.0,10.0
11102,31.0,10.0,31.0,11.0
11103,31.0,10.0,30.0,13.0
11104,31.0,10.0,31.0,10.0
11105,31.0,10.0,30.0,13.0
11106,31.0,10.0,27.0,17.0
11107,31.0,10.0,31.0,10.0
11108,31.0,10.0,27.0,17.0
11109,31.0,10.0,31.0,11.0
11110,31.0,10.0,27.0,17.0
11111,31.0,10.0,30.0,13.0
11112,31.0,10.0,26.0,12.0
11113,31.0,10.0,31.0,10.0
11114,31.0,10.0,32.0,10.0
11115,31.0,10.0,27.0,17.0
11116,31.0,10.0,28.0,14.0
11117,31.0,10.0,26.0,12.0
11118,31.0,10.0,26.0,12.0
11119,31.0,10.0,30.0,13.0
11120,31.0,10.0,26.0,12.0
11121,31.0,10.0,31.0,11.0
11122,31.0,10.0,27.0,17.0
11123,31.0,10.0,27.0,17.0
11124,31.0,10.0,31.0,10.0
11125,31.0,10.0,31.0,10.0
11126,31.0,10.0,26.0,12.0
11127,31.0,10.0,31.0,11.0
11128,31.0,10.0,28.0,14.0
11129,31.0,10.0,28.0,14.0
11130,31.0,10.0,31.0,10.0
11131,31.0,10.0,31.0,10.0
11132,31.0,10.0,32.0,10.0
11133,31.0,10.0,31.0,10.0
11134,31.0,10.0,28.0,14.0
11135,31.0,10.0,26.0,12.0
11136,31.0,10.0,31.0,11.0
11137,31.0,10.0,26.0,12.0
11138,31.0,10.0,26.0,12.0
11139,31.0,10.0,27.0,17.0
11140,31.0,10.0,30.0,13.0
11141,31.0,10.0,31.0,10.0
11142,31.0,10.0,31.0,10.0
11143,31.0,10.0,31.0,10.0
11144,31.0,10.0,26.0,12.0
11145,31.0,10.0,31.0,10.0
11146,31.0,10.0,30.0,13.0
11147,31.0,10.0,30.0,13.0
11148,31.0,10.0,28.0,14.0
11149,31.0,10.0,32.0,10.0
11150,31.0,10.0,26.0,12.0
11151,31.0,10.0,26.0,12.0
11152,31.0,10.0,31.0,10.0
11153,31.0,10.0,32.0,10.0
11154,31.0,10.0,31.0,10.0
11155,31.0,10.0,28.0,14.0
11156,31.0,10.0,31.0,11.0
11157,31.0,10.0,31.0,10.0
11158,31.0,10.0,32.0,10.0
11159,31.0,10.0,26.0,12.0
11160,31.0,10.0,32.0,10.0
11161,31.0,10.0,26.0,12.0
11162,31.0,10.0,30.0,13.0
11163,31.0,10.0,27.0,17.0
11164,31.0,10.0,31.0,10.0
11165,31.0,10.0,32.0,10.0
11166,31.0,10.0,31.0,10.0
11167,31.0,10.0,32.0,10.0
11168,31.0,10.0,26.0,12.0
11169,31.0,10.0,28.0,14.0
11170,31.0,10.0,31.0,10.0
11171,31.0,10.0,32.0,10.0
11172,31.0,10.0,26.0,12.0
11173,31.0,10.0,30.0,13.0
11174,31.0,10.0,30.0,13.0
11175,31.0,10.0,31.0,11.0
11176,31.0,10.0,28.0,14.0
11177,31.0,10.0,30.0,13.0
11178,31.0,10.0,31.0,10.0
11179,31.0,10.0,31.0,10.0
11180,31.0,10.0,32.0,10.0
11181,31.0,10.0,30.0,13.0
11182,31.0,10.0,32.0,10.0
11183,31.0,10.0,28.0,14.0
11184,31.0,10.0,31.0,10.0
11185,31.0,10.0,32.0,10.0
11186,31.0,10.0,32.0,10.0
11187,31.0,10.0,31.0,10.0
11188,31.0,10.0,31.0,10.0
11189,31.0,10.0,31.0,10.0
11190,31.0,10.0,28.0,14.0
11191,31.0,10.0,28.0,14.0
11192,31.0,10.0,31.0,10.0
11193,31.0,10.0,27.0,17.0
11194,31.0,10.0,32.0,10.0
11195,31.0,10.0,31.0,10.0
11196,31.0,10.0,26.0,12.0
11197,31.0,10.0,28.0,14.0
11198,31.0,10.0,31.0,10.0
11199,31.0,10.0,28.0,14.0
11200,31.0,10.0,27.0,17.0
11201,31.0,10.0,27.0,17.0
11202,31.0,10.0,32.0,10.0
11203,31.0,10.0,31.0,10.0
11204,31.0,10.0,31.0,10.0
11205,31.0,10.0,31.0,11.0
11206,31.0,10.0,26.0,12.0
11207,31.0,10.0,28.0,14.0
11208,31.0,10.0,32.0,10.0
11209,31.0,10.0,32.0,10.0
11210,31.0,10.0,31.0,11.0
11211,31.0,10.0,27.0,17.0
11212,31.0,10.0,31.0,11.0
11213,31.0,10.0,32.0,10.0
11214,31.0,10.0,32.0,10.0
11215,31.0,10.0,31.0,10.0
11216,31.0,10.0,30.0,13.0
11217,31.0,10.0,26.0,12.0
11218,31.0,10.0,27.0,17.0
11219,31.0,10.0,30.0,13.0
11220,31.0,10.0,31.0,10.0
11221,31.0,10.0,31.0,10.0
11222,31.0,10.0,27.0,17.0
11223,31.0,10.0,31.0,10.0
11224,31.0,10.0,31.0,10.0
11225,31.0,10.0,31.0,11.0
11226,31.0,10.0,26.0,12.0
11227,31.0,10.0,28.0,14.0
11228,31.0,10.0,26.0,12.0
11229,31.0,10.0,31.0,11.0
11230,31.0,10.0,32.0,10.0
11231,31.0,10.0,31.0,10.0
11232,31.0,10.0,31.0,10.0
11233,31.0,10.0,32.0,10.0
11234,31.0,10.0,28.0,14.0
11235,31.0,10.0,31.0,10.0
11236,31.0,10.0,31.0,11.0
11237,31.0,10.0,30.0,13.0
11238,31.0,10.0,31.0,11.0
11239,31.0,10.0,31.0,10.0
11240,31.0,10.0,31.0,10.0
11241,31.0,10.0,27.0,17.0
11242,31.0,10.0,26.0,12.0
11243,31.0,10.0,31.0,11.0
11244,31.0,10.0,31.0,10.0
11245,31.0,10.0,31.0,10.0
11246,31.0,10.0,31.0,10.0
11247,31.0,10.0,26.0,12.0
11248,31.0,10.0,26.0,12.0
11249,31.0,10.0,31.0,10.0
11250,31.0,10.0,28.0,14.0
11251,31.0,10.0,31.0,11.0
11252,31.0,10.0,26.0,12.0
11253,31.0,10.0,28.0,14.0
11254,31.0,10.0,26.0,12.0
11255,31.0,10.0,31.0,11.0
11256,31.0,10.0,32.0,10.0
11257,31.0,10.0,26.0,12.0
11258,31.0,10.0,30.0,13.0
11259,31.0,10.0,31.0,10.0
11260,31.0,10.0,30.0,13.0
11261,31.0,10.0,27.0,17.0
11262,31.0,10.0,32.0,10.0
11263,31.0,10.0,28.0,14.0
11264,31.0,10.0,27.0,17.0
11265,31.0,10.0,31.0,10.0
11266,31.0,10.0,27.0,17.0
11267,31.0,10.0,32.0,10.0
11268,31.0,10.0,27.0,17.0
11269,31.0,10.0,28.0,14.0
11270,31.0,10.0,31.0,11.0
11271,31.0,10.0,31.0,10.0
11272,31.0,10.0,31.0,10.0
11273,31.0,10.0,30.0,13.0
11274,31.0,10.0,31.0,10.0
11275,31.0,10.0,31.0,10.0
11276,31.0,10.0,31.0,10.0
11277,31.0,10.0,31.0,10.0
11278,31.0,10.0,31.0,11.0
11279,31.0,10.0,31.0,10.0
11280,31.0,10.0,31.0,11.0
11281,31.0,10.0,26.0,12.0
11282,31.0,10.0,31.0,10.0
11283,31.0,10.0,32.0,10.0
11284,31.0,10.0,27.0,17.0
11285,31.0,10.0,32.0,10.0
11286,31.0,10.0,31.0,10.0
11287,31.0,10.0,31.0,10.0
11288,31.0,10.0,27.0,17.0
11289,31.0,10.0,30.0,13.0
11290,31.0,10.0,26.0,12.0
11291,31.0,10.0,31.0,10.0
11292,31.0,10.0,31.0,10.0
11293,31.0,10.0,31.0,11.0
11294,31.0,10.0,27.0,17.0
11295,31.0,10.0,31.0,10.0
11296,31.0,10.0,27.0,17.0
11297,31.0,10.0,26.0,12.0
11298,31.0,10.0,28.0,14.0
11299,31.0,10.0,31.0,10.0
11300,31.0,10.0,27.0,17.0
11301,31.0,10.0,28.0,14.0
11302,31.0,10.0,31.0,10.0
11303,31.0,10.0,31.0,11.0
11304,31.0,10.0,27.0,17.0
11305,31.0,10.0,31.0,10.0
11306,31.0,10.0,31.0,11.0
11307,31.0,10.0,26.0,12.0
11308,31.0,10.0,27.0,17.0
11309,31.0,10.0,30.0,13.0
11310,31.0,10.0,26.0,12.0
11311,31.0,10.0,30.0,13.0
11312,31.0,10.0,31.0,10.0
11313,31.0,10.0,32.0,10.0
11314,31.0,10.0,27.0,17.0
11315,31.0,10.0,27.0,17.0
11316,31.0,10.0,26.0,12.0
11317,31.0,10.0,27.0,17.0
11318,31.0,10.0,31.0,11.0
11319,31.0,10.0,32.0,10.0
11320,31.0,10.0,30.0,13.0
11321,31.0,10.0,31.0,10.0
11322,31.0,10.0,30.0,13.0
11323,31.0,10.0,32.0,10.0
11324,31.0,10.0,26.0,12.0
11325,31.0,10.0,31.0,11.0
11326,31.0,10.0,31.0,11.0
11327,31.0,10.0,31.0,10.0
11328,31.0,10.0,31.0,11.0
11329,31.0,10.0,31.0,10.0
11330,31.0,10.0,27.0,17.0
11331,31.0,10.0,31.0,10.0
11332,31.0,10.0,32.0,10.0
11333,31.0,10.0,31.0,10.0
11334,31.0,10.0,31.0,11.0
11335,31.0,10.0,31.0,11.0
11336,31.0,10.0,26.0,12.0
11337,31.0,10.0,28.0,14.0
11338,31.0,10.0,32.0,10.0
11339,31.0,10.0,31.0,10.0
11340,31.0,10.0,27.0,17.0
11341,31.0,10.0,31.0,10.0
11342,31.0,10.0,26.0,12.0
11343,31.0,10.0,26.0,12.0
11344,31.0,10.0,28.0,14.0
11345,31.0,10.0,32.0,10.0
11346,31.0,10.0,26.0,12.0
11347,31.0,10.0,32.0,10.0
11348,31.0,10.0,26.0,12.0
11349,31.0,10.0,28.0,14.0
11350,31.0,10.0,30.0,13.0
11351,31.0,10.0,31.0,10.0
11352,31.0,10.0,28.0,14.0
11353,31.0,10.0,26.0,12.0
11354,31.0,10.0,32.0,10.0
11355,31.0,10.0,26.0,12.0
11356,31.0,10.0,30.0,13.0
11357,31.0,10.0,30.0,13.0
11358,31.0,10.0,28.0,14.0
11359,31.0,10.0,28.0,14.0
11360,31.0,10.0,31.0,10.0
11361,31.0,10.0,28.0,14.0
11362,31.0,10.0,31.0,10.0
11363,31.0,10.0,32.0,10.0
11364,31.0,10.0,27.0,17.0
11365,31.0,10.0,30.0,13.0
11366,31.0,10.0,32.0,10.0
11367,31.0,10.0,31.0,10.0
11368,31.0,10.0,31.0,10.0
11369,31.0,10.0,28.0,14.0
11370,31.0,10.0,30.0,13.0
11371,31.0,10.0,31.0,10.0
11372,31.0,10.0,31.0,10.0
11373,31.0,10.0,27.0,17.0
11374,31.0,10.0,31.0,10.0
11375,31.0,10.0,31.0,11.0
11376,31.0,10.0,30.0,13.0
11377,31.0,10.0,27.0,17.0
11378,31.0,10.0,31.0,10.0
11379,31.0,10.0,31.0,10.0
11380,31.0,10.0,30.0,13.0
11381,31.0,10.0,26.0,12.0
11382,31.0,10.0,32.0,10.0
11383,31.0,10.0,28.0,14.0
11384,31.0,10.0,26.0,12.0
11385,31.0,10.0,28.0,14.0
11386,31.0,10.0,31.0,10.0
11387,31.0,10.0,27.0,17.0
11388,31.0,10.0,27.0,17.0
11389,31.0,10.0,32.0,10.0
11390,31.0,10.0,27.0,17.0
11391,31.0,10.0,26.0,12.0
11392,31.0,10.0,31.0,11.0
11393,31.0,10.0,26.0,12.0
11394,31.0,10.0,30.0,13.0
11395,31.0,10.0,28.0,14.0
11396,31.0,10.0,31.0,10.0
11397,31.0,10.0,30.0,13.0
11398,31.0,10.0,31.0,10.0
11399,31.0,10.0,31.0,11.0
11400,31.0,10.0,27.0,17.0
11401,31.0,10.0,30.0,13.0
11402,31.0,10.0,30.0,13.0
11403,31.0,10.0,27.0,17.0
11404,31.0,10.0,30.0,13.0
11405,31.0,10.0,27.0,17.0
11406,31.0,10.0,31.0,10.0
11407,31.0,10.0,32.0,10.0
11408,31.0,10.0,27.0,17.0
11409,31.0,10.0,31.0,10.0
11410,31.0,10.0,27.0,17.0
11411,31.0,10.0,26.0,12.0
11412,31.0,10.0,31.0,11.0
11413,31.0,10.0,31.0,10.0
11414,31.0,10.0,31.0,10.0
11415,31.0,10.0,30.0,13.0
11416,31.0,10.0,27.0,17.0
11417,31.0,10.0,31.0,10.0
11418,31.0,10.0,28.0,14.0
11419,31.0,10.0,31.0,11.0
11420,31.0,10.0,28.0,14.0
11421,31.0,10.0,32.0,10.0
11422,31.0,10.0,31.0,10.0
11423,31.0,10.0,30.0,13.0
11424,31.0,10.0,27.0,17.0
11425,31.0,10.0,28.0,14.0
11426,31.0,10.0,31.0,11.0
11427,31.0,10.0,30.0,13.0
11428,31.0,10.0,31.0,10.0
11429,31.0,10.0,28.0,14.0
11430,31.0,10.0,32.0,10.0
11431,31.0,10.0,27.0,17.0
11432,31.0,10.0,26.0,12.0
11433,31.0,10.0,32.0,10.0
11434,31.0,10.0,30.0,13.0
11435,31.0,10.0,28.0,14.0
11436,31.0,10.0,31.0,10.0
11437,31.0,10.0,27.0,17.0
11438,31.0,10.0,31.0,10.0
11439,31.0,10.0,27.0,17.0
11440,31.0,10.0,32.0,10.0
11441,31.0,10.0,31.0,10.0
11442,31.0,10.0,31.0,11.0
11443,31.0,10.0,32.0,10.0
11444,31.0,10.0,31.0,10.0
11445,31.0,10.0,28.0,14.0
11446,31.0,10.0,26.0,12.0
11447,31.0,10.0,31.0,10.0
11448,31.0,10.0,32.0,10.0
11449,31.0,10.0,31.0,10.0
11450,31.0,10.0,31.0,11.0
11451,31.0,10.0,30.0,13.0
11452,31.0,10.0,31.0,10.0
11453,31.0,10.0,31.0,11.0
11454,31.0,10.0,31.0,10.0
11455,31.0,10.0,27.0,17.0
11456,31.0,10.0,26.0,12.0
11457,31.0,10.0,30.0,13.0
11458,31.0,10.0,27.0,17.0
11459,31.0,10.0,27.0,17.0
11460,31.0,10.0,31.0,10.0
11461,31.0,10.0,31.0,10.0
11462,31.0,10.0,31.0,10.0
11463,31.0,10.0,27.0,17.0
11464,31.0,10.0,26.0,12.0
11465,31.0,10.0,31.0,10.0
11466,31.0,10.0,32.0,10.0
11467,31.0,10.0,28.0,14.0
11468,31.0,10.0,30.0,13.0
11469,31.0,10.0,31.0,11.0
11470,31.0,10.0,31.0,11.0
11471,31.0,10.0,31.0,10.0
11472,31.0,10.0,28.0,14.0
11473,31.0,10.0,28.0,14.0
11474,31.0,10.0,31.0,10.0
11475,31.0,10.0,31.0,11.0
11476,31.0,10.0,31.0,10.0
11477,31.0,10.0,26.0,12.0
11478,31.0,10.0,31.0,10.0
11479,31.0,10.0,27.0,17.0
11480,31.0,10.0,31.0,10.0
11481,31.0,10.0,32.0,10.0
11482,31.0,10.0,30.0,13.0
11483,31.0,10.0,28.0,14.0
11484,31.0,10.0,31.0,10.0
11485,31.0,10.0,31.0,11.0
11486,31.0,10.0,31.0,10.0
11487,31.0,10.0,28.0,14.0
11488,31.0,10.0,31.0,11.0
11489,31.0,10.0,26.0,12.0
11490,31.0,10.0,31.0,10.0
11491,31.0,10.0,31.0,10.0
11492,31.0,10.0,27.0,17.0
11493,31.0,10.0,26.0,12.0
11494,31.0,10.0,27.0,17.0
11495,31.0,10.0,31.0,11.0
11496,31.0,10.0,28.0,14.0
11497,31.0,10.0,26.0,12.0
11498,31.0,10.0,31.0,10.0
11499,31.0,10.0,28.0,14.0
11500,31.0,10.0,32.0,10.0
11501,31.0,10.0,31.0,10.0
11502,31.0,10.0,31.0,10.0
11503,31.0,10.0,30.0,13.0
11504,31.0,10.0,31.0,10.0
11505,31.0,10.0,28.0,14.0
11506,31.0,10.0,31.0,10.0
11507,31.0,10.0,26.0,12.0
11508,31.0,10.0,31.0,10.0
11509,31.0,10.0,31.0,11.0
11510,31.0,10.0,31.0,11.0
11511,31.0,10.0,30.0,13.0
11512,31.0,10.0,26.0,12.0
11513,31.0,10.0,31.0,10.0
11514,31.0,10.0,31.0,10.0
11515,31.0,10.0,28.0,14.0
11516,31.0,10.0,31.0,11.0
11517,31.0,10.0,30.0,13.0
11518,31.0,10.0,32.0,10.0
11519,31.0,10.0,30.0,13.0
11520,31.0,10.0,31.0,10.0
11521,31.0,10.0,30.0,13.0
11522,31.0,10.0,31.0,10.0
11523,31.0,10.0,26.0,12.0
11524,31.0,10.0,31.0,11.0
11525,31.0,10.0,30.0,13.0
11526,31.0,10.0,31.0,10.0
11527,31.0,10.0,30.0,13.0
11528,31.0,10.0,28.0,14.0
11529,31.0,10.0,27.0,17.0
11530,31.0,10.0,27.0,17.0
11531,31.0,10.0,31.0,10.0
11532,31.0,10.0,31.0,10.0
11533,31.0,10.0,31.0,11.0
11534,31.0,10.0,31.0,10.0
11535,31.0,10.0,31.0,11.0
11536,31.0,10.0,31.0,10.0
11537,31.0,10.0,31.0,10.0
11538,31.0,10.0,31.0,11.0
11539,31.0,10.0,28.0,14.0
11540,31.0,10.0,26.0,12.0
11541,31.0,10.0,27.0,17.0
11542,31.0,10.0,31.0,10.0
11543,31.0,10.0,31.0,11.0
11544,31.0,10.0,31.0,10.0
11545,31.0,10.0,32.0,10.0
11546,31.0,10.0,27.0,17.0
11547,31.0,10.0,30.0,13.0
11548,31.0,10.0,31.0,10.0
11549,31.0,10.0,30.0,13.0
11550,31.0,10.0,31.0,10.0
11551,31.0,10.0,31.0,10.0
11552,31.0,10.0,31.0,10.0
11553,31.0,10.0,27.0,17.0
11554,31.0,10.0,26.0,12.0
11555,31.0,10.0,27.0,17.0
11556,31.0,10.0,31.0,10.0
11557,31.0,10.0,28.0,14.0
11558,31.0,10.0,26.0,12.0
11559,31.0,10.0,30.0,13.0
11560,31.0,10.0,31.0,10.0
11561,31.0,10.0,28.0,14.0
11562,31.0,10.0,31.0,10.0
11563,31.0,10.0,28.0,14.0
11564,31.0,10.0,31.0,10.0
11565,31.0,10.0,27.0,17.0
11566,31.0,10.0,31.0,10.0
11567,31.0,10.0,26.0,12.0
11568,31.0,10.0,27.0,17.0
11569,31.0,10.0,31.0,10.0
11570,31.0,10.0,31.0,10.0
11571,31.0,10.0,26.0,12.0
11572,31.0,10.0,26.0,12.0
11573,31.0,10.0,32.0,10.0
11574,31.0,10.0,31.0,10.0
11575,31.0,10.0,30.0,13.0
11576,31.0,10.0,32.0,10.0
11577,31.0,10.0,31.0,11.0
11578,31.0,10.0,31.0,10.0
11579,31.0,10.0,27.0,17.0
11580,31.0,10.0,31.0,11.0
11581,31.0,10.0,31.0,10.0
11582,31.0,10.0,30.0,13.0
11583,31.0,10.0,28.0,14.0
11584,31.0,10.0,26.0,12.0
11585,31.0,10.0,28.0,14.0
11586,31.0,10.0,26.0,12.0
11587,31.0,10.0,31.0,10.0
11588,31.0,10.0,31.0,11.0
11589,31.0,10.0,31.0,10.0
11590,31.0,10.0,30.0,13.0
11591,31.0,10.0,27.0,17.0
11592,31.0,10.0,28.0,14.0
11593,31.0,10.0,26.0,12.0
11594,31.0,10.0,31.0,11.0
11595,31.0,10.0,27.0,17.0
11596,31.0,10.0,31.0,10.0
11597,31.0,10.0,27.0,17.0
11598,31.0,10.0,30.0,13.0
11599,31.0,10.0,28.0,14.0
11600,31.0,10.0,27.0,17.0
11601,31.0,10.0,28.0,14.0
11602,31.0,10.0,28.0,14.0
11603,31.0,10.0,30.0,13.0
11604,31.0,10.0,26.0,12.0
11605,31.0,10.0,31.0,10.0
11606,31.0,10.0,31.0,11.0
11607,31.0,10.0,30.0,13.0
11608,31.0,10.0,28.0,14.0
11609,31.0,10.0,26.0,12.0
11610,31.0,10.0,32.0,10.0
11611,31.0,10.0,32.0,10.0
11612,31.0,10.0,28.0,14.0
11613,31.0,10.0,27.0,17.0
11614,31.0,10.0,28.0,14.0
11615,31.0,10.0,28.0,14.0
11616,31.0,10.0,32.0,10.0
11617,31.0,10.0,31.0,11.0
11618,31.0,10.0,27.0,17.0
11619,31.0,10.0,31.0,11.0
11620,31.0,10.0,31.0,10.0
11621,31.0,10.0,26.0,12.0
11622,31.0,10.0,28.0,14.0
11623,31.0,10.0,31.0,10.0
11624,31.0,10.0,31.0,11.0
11625,31.0,10.0,31.0,10.0
11626,31.0,10.0,28.0,14.0
11627,31.0,10.0,31.0,11.0
11628,31.0,10.0,31.0,11.0
11629,31.0,10.0,27.0,17.0
11630,31.0,10.0,28.0,14.0
11631,31.0,10.0,28.0,14.0
11632,31.0,10.0,30.0,13.0
11633,31.0,10.0,28.0,14.0
11634,31.0,10.0,27.0,17.0
11635,31.0,10.0,27.0,17.0
11636,31.0,10.0,28.0,14.0
11637,31.0,10.0,30.0,13.0
11638,31.0,10.0,31.0,11.0
11639,31.0,10.0,32.0,10.0
11640,31.0,10.0,31.0,10.0
11641,31.0,10.0,27.0,17.0
11642,31.0,10.0,27.0,17.0
11643,31.0,10.0,28.0,14.0
11644,31.0,10.0,31.0,11.0
11645,31.0,10.0,27.0,17.0
11646,31.0,10.0,30.0,13.0
11647,31.0,10.0,30.0,13.0
11648,31.0,10.0,31.0,11.0
11649,31.0,10.0,31.0,10.0
11650,31.0,10.0,26.0,12.0
11651,31.0,10.0,30.0,13.0
11652,31.0,10.0,31.0,10.0
11653,31.0,10.0,31.0,11.0
11654,31.0,10.0,26.0,12.0
11655,31.0,10.0,30.0,13.0
11656,31.0,10.0,28.0,14.0
11657,31.0,10.0,31.0,10.0
11658,31.0,10.0,28.0,14.0
11659,31.0,10.0,31.0,10.0
11660,31.0,10.0,28.0,14.0
11661,31.0,10.0,32.0,10.0
11662,31.0,10.0,31.0,11.0
11663,31.0,10.0,31.0,10.0
11664,31.0,10.0,28.0,14.0
11665,31.0,10.0,28.0,14.0
11666,31.0,10.0,31.0,11.0
11667,31.0,10.0,31.0,10.0
11668,31.0,10.0,31.0,10.0
11669,31.0,10.0,27.0,17.0
11670,31.0,10.0,31.0,10.0
11671,31.0,10.0,31.0,11.0
11672,31.0,10.0,27.0,17.0
11673,31.0,10.0,26.0,12.0
11674,31.0,10.0,30.0,13.0
11675,31.0,10.0,27.0,17.0
11676,31.0,10.0,26.0,12.0
11677,31.0,10.0,31.0,11.0
11678,31.0,10.0,31.0,11.0
11679,31.0,10.0,30.0,13.0
11680,31.0,10.0,31.0,11.0
11681,31.0,10.0,30.0,13.0
11682,31.0,10.0,31.0,11.0
11683,31.0,10.0,26.0,12.0
11684,31.0,10.0,30.0,13.0
11685,31.0,10.0,31.0,11.0
11686,31.0,10.0,31.0,11.0
11687,31.0,10.0,28.0,14.0
11688,31.0,10.0,31.0,10.0
11689,31.0,10.0,31.0,10.0
11690,31.0,10.0,31.0,10.0
11691,31.0,10.0,28.0,14.0
11692,31.0,10.0,31.0,10.0
11693,31.0,10.0,27.0,17.0
11694,31.0,10.0,31.0,10.0
11695,31.0,10.0,32.0,10.0
11696,31.0,10.0,31.0,11.0
11697,31.0,10.0,31.0,11.0
11698,31.0,10.0,26.0,12.0
11699,31.0,10.0,31.0,10.0
11700,31.0,10.0,26.0,12.0
11701,31.0,10.0,31.0,10.0
11702,31.0,10.0,28.0,14.0
11703,31.0,10.0,31.0,10.0
11704,31.0,10.0,31.0,10.0
11705,31.0,10.0,30.0,13.0
11706,31.0,10.0,30.0,13.0
11707,31.0,10.0,26.0,12.0
11708,31.0,10.0,28.0,14.0
11709,31.0,10.0,31.0,11.0
11710,31.0,10.0,31.0,10.0
11711,31.0,10.0,26.0,12.0
11712,31.0,10.0,31.0,10.0
11713,31.0,10.0,28.0,14.0
11714,31.0,10.0,31.0,10.0
11715,31.0,10.0,30.0,13.0
11716,31.0,10.0,31.0,10.0
11717,31.0,10.0,31.0,10.0
11718,31.0,10.0,31.0,10.0
11719,31.0,10.0,31.0,10.0
11720,31.0,10.0,31.0,11.0
11721,31.0,10.0,31.0,10.0
11722,31.0,10.0,26.0,12.0
11723,31.0,10.0,27.0,17.0
11724,31.0,10.0,30.0,13.0
11725,31.0,10.0,30.0,13.0
11726,31.0,10.0,31.0,11.0
11727,31.0,10.0,27.0,17.0
11728,31.0,10.0,30.0,13.0
11729,31.0,10.0,28.0,14.0
11730,31.0,10.0,31.0,10.0
11731,31.0,10.0,28.0,14.0
11732,31.0,10.0,31.0,10.0
11733,31.0,10.0,31.0,10.0
11734,31.0,10.0,31.0,10.0
11735,31.0,10.0,31.0,10.0
11736,31.0,10.0,31.0,11.0
11737,31.0,10.0,31.0,10.0
11738,31.0,10.0,30.0,13.0
11739,31.0,10.0,31.0,11.0
11740,31.0,10.0,28.0,14.0
11741,31.0,10.0,30.0,13.0
11742,31.0,10.0,31.0,10.0
11743,31.0,10.0,27.0,17.0
11744,31.0,10.0,30.0,13.0
11745,31.0,10.0,30.0,13.0
11746,31.0,10.0,31.0,10.0
11747,31.0,10.0,31.0,10.0
11748,31.0,10.0,31.0,10.0
11749,31.0,10.0,32.0,10.0
11750,31.0,10.0,31.0,10.0
11751,31.0,10.0,26.0,12.0
11752,31.0,10.0,31.0,10.0
11753,31.0,10.0,31.0,10.0
11754,31.0,10.0,31.0,10.0
11755,31.0,10.0,31.0,11.0
11756,31.0,10.0,30.0,13.0
11757,31.0,10.0,26.0,12.0
11758,31.0,10.0,30.0,13.0
11759,31.0,10.0,31.0,10.0
11760,31.0,10.0,26.0,12.0
11761,31.0,10.0,28.0,14.0
11762,31.0,10.0,26.0,12.0
11763,31.0,10.0,26.0,12.0
11764,31.0,10.0,27.0,17.0
11765,31.0,10.0,31.0,10.0
11766,31.0,10.0,31.0,10.0
11767,31.0,10.0,32.0,10.0
11768,31.0,10.0,32.0,10.0
11769,31.0,10.0,31.0,10.0
11770,31.0,10.0,31.0,10.0
11771,31.0,10.0,31.0,10.0
11772,31.0,10.0,31.0,10.0
11773,31.0,10.0,27.0,17.0
11774,31.0,10.0,31.0,10.0
11775,31.0,10.0,27.0,17.0
11776,31.0,10.0,31.0,11.0
11777,31.0,10.0,31.0,10.0
11778,31.0,10.0,30.0,13.0
11779,31.0,10.0,31.0,10.0
11780,31.0,10.0,31.0,10.0
11781,31.0,10.0,27.0,17.0
11782,31.0,10.0,30.0,13.0
11783,31.0,10.0,32.0,10.0
11784,31.0,10.0,31.0,10.0
11785,31.0,10.0,31.0,10.0
11786,31.0,10.0,28.0,14.0
11787,31.0,10.0,31.0,10.0
11788,31.0,10.0,26.0,12.0
11789,31.0,10.0,31.0,10.0
11790,31.0,10.0,28.0,14.0
11791,31.0,10.0,27.0,17.0
11792,31.0,10.0,28.0,14.0
11793,31.0,10.0,26.0,12.0
11794,31.0,10.0,28.0,14.0
11795,31.0,10.0,32.0,10.0
11796,31.0,10.0,31.0,11.0
11797,31.0,10.0,28.0,14.0
11798,31.0,10.0,28.0,14.0
11799,31.0,10.0,27.0,17.0
11800,31.0,10.0,31.0,10.0
11801,31.0,10.0,26.0,12.0
11802,31.0,10.0,30.0,13.0
11803,31.0,10.0,27.0,17.0
11804,31.0,10.0,27.0,17.0
11805,31.0,10.0,26.0,12.0
11806,31.0,10.0,32.0,10.0
11807,31.0,10.0,32.0,10.0
11808,31.0,10.0,32.0,10.0
11809,31.0,10.0,31.0,11.0
11810,31.0,10.0,31.0,10.0
11811,31.0,10.0,26.0,12.0
11812,31.0,10.0,32.0,10.0
11813,31.0,10.0,32.0,10.0
11814,31.0,10.0,32.0,10.0
11815,31.0,10.0,31.0,10.0
11816,31.0,10.0,28.0,14.0
11817,31.0,10.0,30.0,13.0
11818,31.0,10.0,32.0,10.0
11819,31.0,10.0,31.0,10.0
11820,31.0,10.0,31.0,11.0
11821,31.0,10.0,31.0,10.0
11822,31.0,10.0,31.0,10.0
11823,31.0,10.0,28.0,14.0
11824,31.0,10.0,30.0,13.0
11825,31.0,10.0,31.0,10.0
11826,31.0,10.0,27.0,17.0
11827,31.0,10.0,32.0,10.0
11828,31.0,10.0,28.0,14.0
11829,31.0,10.0,27.0,17.0
11830,31.0,10.0,32.0,10.0
11831,31.0,10.0,28.0,14.0
11832,31.0,10.0,26.0,12.0
11833,31.0,10.0,26.0,12.0
11834,31.0,10.0,31.0,10.0
11835,31.0,10.0,30.0,13.0
11836,31.0,10.0,31.0,10.0
11837,31.0,10.0,32.0,10.0
11838,31.0,10.0,27.0,17.0
11839,31.0,10.0,28.0,14.0
11840,31.0,10.0,31.0,10.0
11841,31.0,10.0,27.0,17.0
11842,31.0,10.0,28.0,14.0
11843,31.0,10.0,31.0,10.0
11844,31.0,10.0,31.0,11.0
11845,31.0,10.0,30.0,13.0
11846,31.0,10.0,28.0,14.0
11847,31.0,10.0,32.0,10.0
11848,31.0,10.0,31.0,11.0
11849,31.0,10.0,32.0,10.0
11850,31.0,10.0,31.0,10.0
11851,31.0,10.0,31.0,10.0
11852,31.0,10.0,30.0,13.0
11853,31.0,10.0,27.0,17.0
11854,31.0,10.0,31.0,10.0
11855,31.0,10.0,31.0,10.0
11856,31.0,10.0,31.0,11.0
11857,31.0,10.0,31.0,10.0
11858,31.0,10.0,31.0,10.0
11859,31.0,10.0,28.0,14.0
11860,31.0,10.0,27.0,17.0
11861,31.0,10.0,31.0,10.0
11862,31.0,10.0,26.0,12.0
11863,31.0,10.0,26.0,12.0
11864,31.0,10.0,31.0,10.0
11865,31.0,10.0,28.0,14.0
11866,31.0,10.0,31.0,10.0
11867,31.0,10.0,26.0,12.0
11868,31.0,10.0,31.0,10.0
11869,31.0,10.0,31.0,11.0
11870,31.0,10.0,31.0,10.0
11871,31.0,10.0,28.0,14.0
11872,31.0,10.0,31.0,10.0
11873,31.0,10.0,31.0,10.0
11874,31.0,10.0,28.0,14.0
11875,31.0,10.0,31.0,10.0
11876,31.0,10.0,31.0,10.0
11877,31.0,10.0,26.0,12.0
11878,31.0,10.0,28.0,14.0
11879,31.0,10.0,28.0,14.0
11880,31.0,10.0,26.0,12.0
11881,31.0,10.0,32.0,10.0
11882,31.0,10.0,31.0,10.0
11883,31.0,10.0,31.0,11.0
11884,31.0,10.0,31.0,10.0
11885,31.0,10.0,26.0,12.0
11886,31.0,10.0,31.0,10.0
11887,31.0,10.0,28.0,14.0
11888,31.0,10.0,30.0,13.0
11889,31.0,10.0,31.0,10.0
11890,31.0,10.0,32.0,10.0
11891,31.0,10.0,30.0,13.0
11892,31.0,10.0,32.0,10.0
11893,31.0,10.0,26.0,12.0
11894,31.0,10.0,28.0,14.0
11895,31.0,10.0,31.0,10.0
11896,31.0,10.0,31.0,10.0
11897,31.0,10.0,31.0,11.0
11898,31.0,10.0,26.0,12.0
11899,31.0,10.0,31.0,11.0
11900,31.0,10.0,31.0,10.0
11901,31.0,10.0,28.0,14.0
11902,31.0,10.0,30.0,13.0
11903,31.0,10.0,26.0,12.0
11904,31.0,10.0,27.0,17.0
11905,31.0,10.0,31.0,10.0
11906,31.0,10.0,31.0,10.0
11907,31.0,10.0,31.0,10.0
11908,31.0,10.0,28.0,14.0
11909,31.0,10.0,26.0,12.0
11910,31.0,10.0,27.0,17.0
11911,31.0,10.0,28.0,14.0
11912,31.0,10.0,26.0,12.0
11913,31.0,10.0,32.0,10.0
11914,31.0,10.0,30.0,13.0
11915,31.0,10.0,30.0,13.0
11916,31.0,10.0,31.0,10.0
11917,31.0,10.0,30.0,13.0
11918,31.0,10.0,31.0,10.0
11919,31.0,10.0,32.0,10.0
11920,31.0,10.0,26.0,12.0
11921,31.0,10.0,26.0,12.0
11922,31.0,10.0,31.0,10.0
11923,31.0,10.0,31.0,10.0
11924,31.0,10.0,30.0,13.0
11925,31.0,10.0,31.0,11.0
11926,31.0,10.0,28.0,14.0
11927,31.0,10.0,26.0,12.0
11928,31.0,10.0,26.0,12.0
11929,31.0,10.0,31.0,10.0
11930,31.0,10.0,31.0,11.0
11931,31.0,10.0,30.0,13.0
11932,31.0,10.0,31.0,10.0
11933,31.0,10.0,31.0,10.0
11934,31.0,10.0,31.0,10.0
11935,31.0,10.0,28.0,14.0
11936,31.0,10.0,30.0,13.0
11937,31.0,10.0,27.0,17.0
11938,31.0,10.0,27.0,17.0
11939,31.0,10.0,31.0,11.0
11940,31.0,10.0,31.0,11.0
11941,31.0,10.0,31.0,11.0
11942,31.0,10.0,27.0,17.0
11943,31.0,10.0,28.0,14.0
11944,31.0,10.0,32.0,10.0
11945,31.0,10.0,32.0,10.0
11946,31.0,10.0,27.0,17.0
11947,31.0,10.0,27.0,17.0
11948,31.0,10.0,26.0,12.0
11949,31.0,10.0,26.0,12.0
11950,31.0,10.0,28.0,14.0
11951,31.0,10.0,28.0,14.0
11952,31.0,10.0,28.0,14.0
11953,31.0,10.0,32.0,10.0
11954,31.0,10.0,32.0,10.0
11955,31.0,10.0,26.0,12.0
11956,31.0,10.0,31.0,10.0
11957,31.0,10.0,26.0,12.0
11958,31.0,10.0,31.0,10.0
11959,31.0,10.0,31.0,11.0
11960,31.0,10.0,27.0,17.0
11961,31.0,10.0,31.0,10.0
11962,31.0,10.0,31.0,11.0
11963,31.0,10.0,31.0,10.0
11964,31.0,10.0,31.0,10.0
11965,31.0,10.0,31.0,10.0
11966,31.0,10.0,30.0,13.0
11967,31.0,10.0,30.0,13.0
11968,31.0,10.0,32.0,10.0
11969,31.0,10.0,28.0,14.0
11970,31.0,10.0,30.0,13.0
11971,31.0,10.0,31.0,10.0
11972,31.0,10.0,26.0,12.0
11973,31.0,10.0,30.0,13.0
11974,31.0,10.0,31.0,10.0
11975,31.0,10.0,26.0,12.0
11976,31.0,10.0,26.0,12.0
11977,31.0,10.0,31.0,11.0
11978,31.0,10.0,26.0,12.0
11979,31.0,10.0,27.0,17.0
11980,31.0,10.0,31.0,11.0
11981,31.0,10.0,30.0,13.0
11982,31.0,10.0,28.0,14.0
11983,31.0,10.0,28.0,14.0
11984,31.0,10.0,26.0,12.0
11985,31.0,10.0,32.0,10.0
11986,31.0,10.0,26.0,12.0
11987,31.0,10.0,31.0,11.0
11988,31.0,10.0,26.0,12.0
11989,31.0,10.0,31.0,11.0
11990,31.0,10.0,32.0,10.0
11991,31.0,10.0,28.0,14.0
11992,31.0,10.0,31.0,11.0
11993,31.0,10.0,27.0,17.0
11994,31.0,10.0,31.0,10.0
11995,31.0,10.0,30.0,13.0
11996,31.0,10.0,27.0,17.0
11997,31.0,10.0,31.0,11.0
11998,31.0,10.0,28.0,14.0
11999,31.0,10.0,28.0,14.0
12000,31.0,10.0,31.0,10.0
12001,31.0,10.0,27.0,17.0
12002,31.0,10.0,31.0,10.0
12003,31.0,10.0,32.0,10.0
12004,31.0,10.0,27.0,17.0
12005,31.0,10.0,31.0,11.0
12006,31.0,10.0,27.0,17.0
12007,31.0,10.0,31.0,10.0
12008,31.0,10.0,28.0,14.0
12009,31.0,10.0,26.0,12.0
12010,31.0,10.0,31.0,11.0
12011,31.0,10.0,32.0,10.0
12012,31.0,10.0,26.0,12.0
12013,31.0,10.0,28.0,14.0
12014,31.0,10.0,32.0,10.0
12015,31.0,10.0,27.0,17.0
12016,31.0,10.0,32.0,10.0
12017,31.0,10.0,26.0,12.0
12018,31.0,10.0,27.0,17.0
12019,31.0,10.0,26.0,12.0
12020,31.0,10.0,31.0,10.0
12021,31.0,10.0,31.0,11.0
12022,31.0,10.0,27.0,17.0
12023,31.0,10.0,26.0,12.0
12024,31.0,10.0,32.0,10.0
12025,31.0,10.0,32.0,10.0
12026,31.0,10.0,26.0,12.0
12027,31.0,10.0,26.0,12.0
12028,31.0,10.0,28.0,14.0
12029,31.0,10.0,28.0,14.0
12030,31.0,10.0,32.0,10.0
12031,31.0,10.0,31.0,10.0
12032,31.0,10.0,31.0,10.0
12033,31.0,10.0,28.0,14.0
12034,31.0,10.0,31.0,10.0
12035,31.0,10.0,27.0,17.0
12036,31.0,10.0,31.0,11.0
12037,31.0,10.0,30.0,13.0
12038,31.0,10.0,28.0,14.0
12039,31.0,10.0,26.0,12.0
12040,31.0,10.0,28.0,14.0
12041,31.0,10.0,26.0,12.0
12042,31.0,10.0,32.0,10.0
12043,31.0,10.0,31.0,11.0
12044,31.0,10.0,31.0,10.0
12045,31.0,10.0,31.0,10.0
12046,31.0,10.0,30.0,13.0
12047,31.0,10.0,30.0,13.0
12048,31.0,10.0,30.0,13.0
12049,31.0,10.0,31.0,10.0
12050,31.0,10.0,32.0,10.0
12051,31.0,10.0,28.0,14.0
12052,31.0,10.0,32.0,10.0
12053,31.0,10.0,30.0,13.0
12054,31.0,10.0,31.0,11.0
12055,31.0,10.0,31.0,11.0
12056,31.0,10.0,27.0,17.0
12057,31.0,10.0,31.0,11.0
12058,31.0,10.0,31.0,11.0
12059,31.0,10.0,30.0,13.0
12060,31.0,10.0,32.0,10.0
12061,31.0,10.0,28.0,14.0
12062,31.0,10.0,31.0,11.0
12063,31.0,10.0,31.0,11.0
12064,31.0,10.0,28.0,14.0
12065,31.0,10.0,28.0,14.0
12066,31.0,10.0,28.0,14.0
12067,31.0,10.0,31.0,10.0
12068,31.0,10.0,26.0,12.0
12069,31.0,10.0,26.0,12.0
12070,31.0,10.0,27.0,17.0
12071,31.0,10.0,31.0,10.0
12072,31.0,10.0,26.0,12.0
12073,31.0,10.0,31.0,11.0
12074,31.0,10.0,32.0,10.0
12075,31.0,10.0,27.0,17.0
12076,31.0,10.0,26.0,12.0
12077,31.0,10.0,28.0,14.0
12078,31.0,10.0,31.0,11.0
12079,31.0,10.0,31.0,11.0
12080,31.0,10.0,31.0,10.0
12081,31.0,10.0,28.0,14.0
12082,31.0,10.0,31.0,10.0
12083,31.0,10.0,26.0,12.0
12084,31.0,10.0,31.0,10.0
12085,31.0,10.0,31.0,10.0
12086,31.0,10.0,32.0,10.0
12087,31.0,10.0,27.0,17.0
12088,31.0,10.0,31.0,10.0
12089,31.0,10.0,32.0,10.0
12090,31.0,10.0,28.0,14.0
12091,31.0,10.0,31.0,11.0
12092,31.0,10.0,32.0,10.0
12093,31.0,10.0,32.0,10.0
12094,31.0,10.0,32.0,10.0
12095,31.0,10.0,28.0,14.0
12096,31.0,10.0,31.0,11.0
12097,31.0,10.0,31.0,11.0
12098,31.0,10.0,32.0,10.0
12099,31.0,10.0,30.0,13.0
12100,31.0,10.0,27.0,17.0
12101,31.0,10.0,27.0,17.0
12102,31.0,10.0,27.0,17.0
12103,31.0,10.0,32.0,10.0
12104,31.0,10.0,31.0,10.0
12105,31.0,10.0,28.0,14.0
12106,31.0,10.0,32.0,10.0
12107,31.0,10.0,27.0,17.0
12108,31.0,10.0,31.0,11.0
12109,31.0,10.0,31.0,10.0
12110,31.0,10.0,31.0,10.0
12111,31.0,10.0,26.0,12.0
12112,31.0,10.0,32.0,10.0
12113,31.0,10.0,31.0,10.0
12114,31.0,10.0,28.0,14.0
12115,31.0,10.0,28.0,14.0
12116,31.0,10.0,31.0,10.0
12117,31.0,10.0,32.0,10.0
12118,31.0,10.0,27.0,17.0
12119,31.0,10.0,26.0,12.0
12120,31.0,10.0,27.0,17.0
12121,31.0,10.0,30.0,13.0
12122,31.0,10.0,28.0,14.0
12123,31.0,10.0,30.0,13.0
12124,31.0,10.0,31.0,10.0
12125,31.0,10.0,31.0,10.0
12126,31.0,10.0,26.0,12.0
12127,31.0,10.0,30.0,13.0
12128,31.0,10.0,31.0,10.0
12129,31.0,10.0,26.0,12.0
12130,31.0,10.0,27.0,17.0
12131,31.0,10.0,26.0,12.0
12132,31.0,10.0,27.0,17.0
12133,31.0,10.0,32.0,10.0
12134,31.0,10.0,30.0,13.0
12135,31.0,10.0,30.0,13.0
12136,31.0,10.0,27.0,17.0
12137,31.0,10.0,31.0,10.0
12138,31.0,10.0,31.0,10.0
12139,31.0,10.0,30.0,13.0
12140,31.0,10.0,30.0,13.0
12141,31.0,10.0,26.0,12.0
12142,31.0,10.0,31.0,10.0
12143,31.0,10.0,30.0,13.0
12144,31.0,10.0,31.0,11.0
12145,31.0,10.0,31.0,10.0
12146,31.0,10.0,26.0,12.0
12147,31.0,10.0,28.0,14.0
12148,31.0,10.0,27.0,17.0
12149,31.0,10.0,31.0,11.0
12150,31.0,10.0,30.0,13.0
12151,31.0,10.0,31.0,10.0
12152,31.0,10.0,32.0,10.0
12153,31.0,10.0,31.0,10.0
12154,31.0,10.0,31.0,11.0
12155,31.0,10.0,27.0,17.0
12156,31.0,10.0,26.0,12.0
12157,31.0,10.0,30.0,13.0
12158,31.0,10.0,27.0,17.0
12159,31.0,10.0,31.0,10.0
12160,31.0,10.0,27.0,17.0
12161,31.0,10.0,31.0,10.0
12162,31.0,10.0,28.0,14.0
12163,31.0,10.0,30.0,13.0
12164,31.0,10.0,31.0,10.0
12165,31.0,10.0,28.0,14.0
12166,31.0,10.0,27.0,17.0
12167,31.0,10.0,30.0,13.0
12168,31.0,10.0,31.0,10.0
12169,31.0,10.0,32.0,10.0
12170,31.0,10.0,28.0,14.0
12171,31.0,10.0,26.0,12.0
12172,31.0,10.0,32.0,10.0
12173,31.0,10.0,31.0,11.0
12174,31.0,10.0,28.0,14.0
12175,31.0,10.0,31.0,10.0
12176,31.0,10.0,27.0,17.0
12177,31.0,10.0,26.0,12.0
12178,31.0,10.0,31.0,11.0
12179,31.0,10.0,30.0,13.0
12180,31.0,10.0,31.0,10.0
12181,31.0,10.0,30.0,13.0
12182,31.0,10.0,32.0,10.0
12183,31.0,10.0,28.0,14.0
12184,31.0,10.0,27.0,17.0
12185,31.0,10.0,28.0,14.0
12186,31.0,10.0,27.0,17.0
12187,31.0,10.0,31.0,10.0
12188,31.0,10.0,26.0,12.0
12189,31.0,10.0,32.0,10.0
12190,31.0,10.0,31.0,10.0
12191,31.0,10.0,30.0,13.0
12192,31.0,10.0,31.0,10.0
12193,31.0,10.0,31.0,10.0
12194,31.0,10.0,30.0,13.0
12195,31.0,10.0,32.0,10.0
12196,31.0,10.0,31.0,11.0
12197,31.0,10.0,32.0,10.0
12198,31.0,10.0,31.0,10.0
12199,31.0,10.0,28.0,14.0
12200,31.0,10.0,32.0,10.0
12201,31.0,10.0,31.0,10.0
12202,31.0,10.0,27.0,17.0
12203,31.0,10.0,26.0,12.0
12204,31.0,10.0,31.0,10.0
12205,31.0,10.0,26.0,12.0
12206,31.0,10.0,27.0,17.0
12207,31.0,10.0,26.0,12.0
12208,31.0,10.0,30.0,13.0
12209,31.0,10.0,31.0,10.0
12210,31.0,10.0,31.0,10.0
12211,31.0,10.0,31.0,11.0
12212,31.0,10.0,31.0,10.0
12213,31.0,10.0,30.0,13.0
12214,31.0,10.0,31.0,10.0
12215,31.0,10.0,32.0,10.0
12216,31.0,10.0,31.0,10.0
12217,31.0,10.0,26.0,12.0
12218,31.0,10.0,32.0,10.0
12219,31.0,10.0,28.0,14.0
12220,31.0,10.0,30.0,13.0
12221,31.0,10.0,28.0,14.0
12222,31.0,10.0,31.0,10.0
12223,31.0,10.0,32.0,10.0
12224,31.0,10.0,27.0,17.0
12225,31.0,10.0,30.0,13.0
12226,31.0,10.0,31.0,10.0
12227,31.0,10.0,26.0,12.0
12228,31.0,10.0,30.0,13.0
12229,31.0,10.0,31.0,10.0
12230,31.0,10.0,31.0,10.0
12231,31.0,10.0,31.0,10.0
12232,31.0,10.0,30.0,13.0
12233,31.0,10.0,31.0,10.0
12234,31.0,10.0,31.0,10.0
12235,31.0,10.0,31.0,10.0
12236,31.0,10.0,31.0,11.0
12237,31.0,10.0,31.0,10.0
12238,31.0,10.0,31.0,10.0
12239,31.0,10.0,27.0,17.0
12240,31.0,10.0,31.0,11.0
12241,31.0,10.0,27.0,17.0
12242,31.0,10.0,32.0,10.0
12243,31.0,10.0,26.0,12.0
12244,31.0,10.0,32.0,10.0
12245,31.0,10.0,28.0,14.0
12246,31.0,10.0,31.0,10.0
12247,31.0,10.0,31.0,10.0
12248,31.0,10.0,32.0,10.0
12249,31.0,10.0,32.0,10.0
12250,31.0,10.0,26.0,12.0
12251,31.0,10.0,30.0,13.0
12252,31.0,10.0,27.0,17.0
12253,31.0,10.0,26.0,12.0
12254,31.0,10.0,28.0,14.0
12255,31.0,10.0,31.0,11.0
12256,31.0,10.0,32.0,10.0
12257,31.0,10.0,28.0,14.0
12258,31.0,10.0,32.0,10.0
12259,31.0,10.0,31.0,10.0
12260,31.0,10.0,31.0,10.0
12261,31.0,10.0,30.0,13.0
12262,31.0,10.0,28.0,14.0
12263,31.0,10.0,27.0,17.0
12264,31.0,10.0,28.0,14.0
12265,31.0,10.0,31.0,10.0
12266,31.0,10.0,26.0,12.0
12267,31.0,10.0,26.0,12.0
12268,31.0,10.0,31.0,10.0
12269,31.0,10.0,28.0,14.0
12270,31.0,10.0,26.0,12.0
12271,31.0,10.0,28.0,14.0
12272,31.0,10.0,26.0,12.0
12273,31.0,10.0,28.0,14.0
12274,31.0,10.0,26.0,12.0
12275,31.0,10.0,32.0,10.0
12276,31.0,10.0,28.0,14.0
12277,31.0,10.0,31.0,10.0
12278,31.0,10.0,31.0,10.0
12279,31.0,10.0,31.0,10.0
12280,31.0,10.0,28.0,14.0
12281,31.0,10.0,31.0,10.0
12282,31.0,10.0,28.0,14.0
12283,31.0,10.0,28.0,14.0
12284,31.0,10.0,31.0,10.0
12285,31.0,10.0,31.0,10.0
12286,31.0,10.0,27.0,17.0
12287,31.0,10.0,31.0,10.0
12288,31.0,10.0,32.0,10.0
12289,31.0,10.0,28.0,14.0
12290,31.0,10.0,31.0,10.0
12291,31.0,10.0,31.0,10.0
12292,31.0,10.0,31.0,10.0
12293,31.0,10.0,26.0,12.0
12294,31.0,10.0,31.0,10.0
12295,31.0,10.0,27.0,17.0
12296,31.0,10.0,32.0,10.0
12297,31.0,10.0,26.0,12.0
12298,31.0,10.0,31.0,10.0
12299,31.0,10.0,31.0,10.0
12300,31.0,10.0,31.0,11.0
12301,31.0,10.0,31.0,10.0
12302,31.0,10.0,31.0,10.0
12303,31.0,10.0,31.0,10.0
12304,31.0,10.0,32.0,10.0
12305,31.0,10.0,31.0,10.0
12306,31.0,10.0,28.0,14.0
12307,31.0,10.0,28.0,14.0
12308,31.0,10.0,28.0,14.0
12309,31.0,10.0,31.0,10.0
12310,31.0,10.0,32.0,10.0
12311,31.0,10.0,32.0,10.0
12312,31.0,10.0,28.0,14.0
12313,31.0,10.0,27.0,17.0
12314,31.0,10.0,32.0,10.0
12315,31.0,10.0,27.0,17.0
12316,31.0,10.0,32.0,10.0
12317,31.0,10.0,31.0,10.0
12318,31.0,10.0,26.0,12.0
12319,31.0,10.0,31.0,11.0
12320,31.0,10.0,27.0,17.0
12321,31.0,10.0,31.0,11.0
12322,31.0,10.0,28.0,14.0
12323,31.0,10.0,30.0,13.0
12324,31.0,10.0,26.0,12.0
12325,31.0,10.0,31.0,10.0
12326,31.0,10.0,27.0,17.0
12327,31.0,10.0,31.0,10.0
12328,31.0,10.0,31.0,10.0
12329,31.0,10.0,30.0,13.0
12330,31.0,10.0,31.0,10.0
12331,31.0,10.0,26.0,12.0
12332,31.0,10.0,31.0,10.0
12333,31.0,10.0,26.0,12.0
12334,31.0,10.0,27.0,17.0
12335,31.0,10.0,28.0,14.0
12336,31.0,10.0,28.0,14.0
12337,31.0,10.0,28.0,14.0
12338,31.0,10.0,28.0,14.0
12339,31.0,10.0,30.0,13.0
12340,31.0,10.0,30.0,13.0
12341,31.0,10.0,26.0,12.0
12342,31.0,10.0,31.0,10.0
12343,31.0,10.0,28.0,14.0
12344,31.0,10.0,26.0,12.0
12345,31.0,10.0,27.0,17.0
12346,31.0,10.0,28.0,14.0
12347,31.0,10.0,31.0,10.0
12348,31.0,10.0,28.0,14.0
12349,31.0,10.0,26.0,12.0
12350,31.0,10.0,28.0,14.0
12351,31.0,10.0,27.0,17.0
12352,31.0,10.0,32.0,10.0
12353,31.0,10.0,31.0,10.0
12354,31.0,10.0,31.0,11.0
12355,31.0,10.0,31.0,10.0
12356,31.0,10.0,32.0,10.0
12357,31.0,10.0,28.0,14.0
12358,31.0,10.0,32.0,10.0
12359,31.0,10.0,31.0,10.0
12360,31.0,10.0,31.0,10.0
12361,31.0,10.0,31.0,10.0
12362,31.0,10.0,27.0,17.0
12363,31.0,10.0,30.0,13.0
12364,31.0,10.0,28.0,14.0
12365,31.0,10.0,30.0,13.0
12366,31.0,10.0,30.0,13.0
12367,31.0,10.0,31.0,10.0
12368,31.0,10.0,31.0,10.0
12369,31.0,10.0,32.0,10.0
12370,31.0,10.0,26.0,12.0
12371,31.0,10.0,31.0,11.0
12372,31.0,10.0,28.0,14.0
12373,31.0,10.0,26.0,12.0
12374,31.0,10.0,32.0,10.0
12375,31.0,10.0,27.0,17.0
12376,31.0,10.0,27.0,17.0
12377,31.0,10.0,31.0,11.0
12378,31.0,10.0,28.0,14.0
12379,31.0,10.0,31.0,10.0
12380,31.0,10.0,31.0,10.0
12381,31.0,10.0,27.0,17.0
12382,31.0,10.0,28.0,14.0
12383,31.0,10.0,32.0,10.0
12384,31.0,10.0,31.0,10.0
12385,31.0,10.0,28.0,14.0
12386,31.0,10.0,28.0,14.0
12387,31.0,10.0,31.0,10.0
12388,31.0,10.0,31.0,10.0
12389,31.0,10.0,30.0,13.0
12390,31.0,10.0,26.0,12.0
12391,31.0,10.0,26.0,12.0
12392,31.0,10.0,31.0,10.0
12393,31.0,10.0,28.0,14.0
12394,31.0,10.0,31.0,11.0
12395,31.0,10.0,28.0,14.0
12396,31.0,10.0,30.0,13.0
12397,31.0,10.0,31.0,10.0
12398,31.0,10.0,30.0,13.0
12399,31.0,10.0,28.0,14.0
12400,31.0,10.0,32.0,10.0
12401,31.0,10.0,31.0,10.0
12402,31.0,10.0,31.0,10.0
12403,31.0,10.0,32.0,10.0
12404,31.0,10.0,31.0,10.0
12405,31.0,10.0,31.0,10.0
12406,31.0,10.0,31.0,10.0
12407,31.0,10.0,27.0,17.0
12408,31.0,10.0,31.0,10.0
12409,31.0,10.0,30.0,13.0
12410,31.0,10.0,31.0,10.0
12411,31.0,10.0,31.0,10.0
12412,31.0,10.0,30.0,13.0
12413,31.0,10.0,28.0,14.0
12414,31.0,10.0,28.0,14.0
12415,31.0,10.0,31.0,10.0
12416,31.0,10.0,31.0,10.0
12417,31.0,10.0,31.0,10.0
12418,31.0,10.0,31.0,10.0
12419,31.0,10.0,28.0,14.0
12420,31.0,10.0,32.0,10.0
12421,31.0,10.0,27.0,17.0
12422,31.0,10.0,28.0,14.0
12423,31.0,10.0,26.0,12.0
12424,31.0,10.0,32.0,10.0
12425,31.0,10.0,26.0,12.0
12426,31.0,10.0,31.0,10.0
12427,31.0,10.0,27.0,17.0
12428,31.0,10.0,31.0,10.0
12429,31.0,10.0,30.0,13.0
12430,31.0,10.0,31.0,11.0
12431,31.0,10.0,31.0,10.0
12432,31.0,10.0,26.0,12.0
12433,31.0,10.0,31.0,10.0
12434,31.0,10.0,30.0,13.0
12435,31.0,10.0,27.0,17.0
12436,31.0,10.0,27.0,17.0
12437,31.0,10.0,27.0,17.0
12438,31.0,10.0,32.0,10.0
12439,31.0,10.0,30.0,13.0
12440,31.0,10.0,31.0,10.0
12441,31.0,10.0,30.0,13.0
12442,31.0,10.0,30.0,13.0
12443,31.0,10.0,32.0,10.0
12444,31.0,10.0,31.0,10.0
12445,31.0,10.0,30.0,13.0
12446,31.0,10.0,30.0,13.0
12447,31.0,10.0,28.0,14.0
12448,31.0,10.0,28.0,14.0
12449,31.0,10.0,30.0,13.0
12450,31.0,10.0,32.0,10.0
12451,31.0,10.0,31.0,11.0
12452,31.0,10.0,28.0,14.0
12453,31.0,10.0,31.0,10.0
12454,31.0,10.0,28.0,14.0
12455,31.0,10.0,26.0,12.0
12456,31.0,10.0,26.0,12.0
12457,31.0,10.0,30.0,13.0
12458,31.0,10.0,31.0,10.0
12459,31.0,10.0,26.0,12.0
12460,31.0,10.0,31.0,10.0
12461,31.0,10.0,31.0,11.0
12462,31.0,10.0,27.0,17.0
12463,31.0,10.0,32.0,10.0
12464,31.0,10.0,31.0,10.0
12465,31.0,10.0,27.0,17.0
12466,31.0,10.0,26.0,12.0
12467,31.0,10.0,31.0,10.0
12468,31.0,10.0,31.0,10.0
12469,31.0,10.0,27.0,17.0
12470,31.0,10.0,26.0,12.0
12471,31.0,10.0,31.0,11.0
12472,31.0,10.0,30.0,13.0
12473,31.0,10.0,32.0,10.0
12474,31.0,10.0,27.0,17.0
12475,31.0,10.0,30.0,13.0
12476,31.0,10.0,31.0,10.0
12477,31.0,10.0,31.0,10.0
12478,31.0,10.0,32.0,10.0
12479,31.0,10.0,28.0,14.0
12480,31.0,10.0,28.0,14.0
12481,31.0,10.0,31.0,10.0
12482,31.0,10.0,28.0,14.0
12483,31.0,10.0,31.0,10.0
12484,31.0,10.0,31.0,10.0
12485,31.0,10.0,28.0,14.0
12486,31.0,10.0,28.0,14.0
12487,31.0,10.0,31.0,10.0
12488,31.0,10.0,31.0,11.0
12489,31.0,10.0,27.0,17.0
12490,31.0,10.0,31.0,10.0
12491,31.0,10.0,31.0,10.0
12492,31.0,10.0,28.0,14.0
12493,31.0,10.0,31.0,10.0
12494,31.0,10.0,31.0,10.0
12495,31.0,10.0,32.0,10.0
12496,31.0,10.0,32.0,10.0
12497,31.0,10.0,31.0,10.0
12498,31.0,10.0,28.0,14.0
12499,31.0,10.0,31.0,10.0
12500,31.0,10.0,28.0,14.0
12501,31.0,10.0,26.0,12.0
12502,31.0,10.0,27.0,17.0
12503,31.0,10.0,27.0,17.0
12504,31.0,10.0,31.0,10.0
12505,31.0,10.0,26.0,12.0
12506,31.0,10.0,26.0,12.0
12507,31.0,10.0,26.0,12.0
12508,31.0,10.0,26.0,12.0
12509,31.0,10.0,31.0,10.0
12510,31.0,10.0,31.0,11.0
12511,31.0,10.0,31.0,10.0
12512,31.0,10.0,31.0,10.0
12513,31.0,10.0,31.0,11.0
12514,31.0,10.0,32.0,10.0
12515,31.0,10.0,30.0,13.0
12516,31.0,10.0,28.0,14.0
12517,31.0,10.0,31.0,10.0
12518,31.0,10.0,31.0,10.0
12519,31.0,10.0,31.0,10.0
12520,31.0,10.0,27.0,17.0
12521,31.0,10.0,27.0,17.0
12522,31.0,10.0,31.0,10.0
12523,31.0,10.0,28.0,14.0
12524,31.0,10.0,27.0,17.0
12525,31.0,10.0,27.0,17.0
12526,31.0,10.0,28.0,14.0
12527,31.0,10.0,30.0,13.0
12528,31.0,10.0,31.0,11.0
12529,31.0,10.0,27.0,17.0
12530,31.0,10.0,31.0,10.0
12531,31.0,10.0,32.0,10.0
12532,31.0,10.0,31.0,10.0
12533,31.0,10.0,31.0,10.0
12534,31.0,10.0,28.0,14.0
12535,31.0,10.0,31.0,10.0
12536,31.0,10.0,28.0,14.0
12537,31.0,10.0,31.0,10.0
12538,31.0,10.0,30.0,13.0
12539,31.0,10.0,31.0,10.0
12540,31.0,10.0,31.0,11.0
12541,31.0,10.0,30.0,13.0
12542,31.0,10.0,31.0,10.0
12543,31.0,10.0,28.0,14.0
12544,31.0,10.0,27.0,17.0
12545,31.0,10.0,32.0,10.0
12546,31.0,10.0,28.0,14.0
12547,31.0,10.0,26.0,12.0
12548,31.0,10.0,31.0,10.0
12549,31.0,10.0,26.0,12.0
12550,31.0,10.0,28.0,14.0
12551,31.0,10.0,31.0,10.0
12552,31.0,10.0,31.0,10.0
12553,31.0,10.0,31.0,10.0
12554,31.0,10.0,31.0,10.0
12555,31.0,10.0,31.0,10.0
12556,31.0,10.0,27.0,17.0
12557,31.0,10.0,26.0,12.0
12558,31.0,10.0,31.0,10.0
12559,31.0,10.0,30.0,13.0
12560,31.0,10.0,30.0,13.0
12561,31.0,10.0,28.0,14.0
12562,31.0,10.0,31.0,10.0
12563,31.0,10.0,31.0,11.0
12564,31.0,10.0,31.0,11.0
12565,31.0,10.0,31.0,11.0
12566,31.0,10.0,28.0,14.0
12567,31.0,10.0,31.0,11.0
12568,31.0,10.0,28.0,14.0
12569,31.0,10.0,27.0,17.0
12570,31.0,10.0,32.0,10.0
12571,31.0,10.0,26.0,12.0
12572,31.0,10.0,30.0,13.0
12573,31.0,10.0,31.0,10.0
12574,31.0,10.0,31.0,10.0
12575,31.0,10.0,31.0,10.0
12576,31.0,10.0,28.0,14.0
12577,31.0,10.0,28.0,14.0
12578,31.0,10.0,30.0,13.0
12579,31.0,10.0,27.0,17.0
12580,31.0,10.0,31.0,11.0
12581,31.0,10.0,27.0,17.0
12582,31.0,10.0,27.0,17.0
12583,31.0,10.0,30.0,13.0
12584,31.0,10.0,27.0,17.0
12585,31.0,10.0,31.0,10.0
12586,31.0,10.0,27.0,17.0
12587,31.0,10.0,31.0,10.0
12588,31.0,10.0,26.0,12.0
12589,31.0,10.0,32.0,10.0
12590,31.0,10.0,31.0,10.0
12591,31.0,10.0,32.0,10.0
12592,31.0,10.0,31.0,10.0
12593,31.0,10.0,32.0,10.0
12594,31.0,10.0,31.0,10.0
12595,31.0,10.0,27.0,17.0
12596,31.0,10.0,31.0,10.0
12597,31.0,10.0,31.0,10.0
12598,31.0,10.0,31.0,10.0
12599,31.0,10.0,31.0,11.0
12600,31.0,10.0,31.0,10.0
12601,31.0,10.0,31.0,11.0
12602,31.0,10.0,28.0,14.0
12603,31.0,10.0,30.0,13.0
12604,31.0,10.0,31.0,11.0
12605,31.0,10.0,31.0,10.0
12606,31.0,10.0,32.0,10.0
12607,31.0,10.0,32.0,10.0
12608,31.0,10.0,26.0,12.0
12609,31.0,10.0,31.0,10.0
12610,31.0,10.0,27.0,17.0
12611,31.0,10.0,28.0,14.0
12612,31.0,10.0,28.0,14.0
12613,31.0,10.0,28.0,14.0
12614,31.0,10.0,31.0,11.0
12615,31.0,10.0,31.0,10.0
12616,31.0,10.0,31.0,11.0
12617,31.0,10.0,31.0,11.0
12618,31.0,10.0,27.0,17.0
12619,31.0,10.0,31.0,10.0
12620,31.0,10.0,31.0,10.0
12621,31.0,10.0,27.0,17.0
12622,31.0,10.0,31.0,11.0
12623,31.0,10.0,31.0,10.0
12624,31.0,10.0,31.0,11.0
12625,31.0,10.0,31.0,10.0
12626,31.0,10.0,30.0,13.0
12627,31.0,10.0,26.0,12.0
12628,31.0,10.0,30.0,13.0
12629,31.0,10.0,31.0,10.0
12630,31.0,10.0,32.0,10.0
12631,31.0,10.0,30.0,13.0
12632,31.0,10.0,31.0,10.0
12633,31.0,10.0,31.0,10.0
12634,31.0,10.0,26.0,12.0
12635,31.0,10.0,27.0,17.0
12636,31.0,10.0,28.0,14.0
12637,31.0,10.0,31.0,11.0
12638,31.0,10.0,32.0,10.0
12639,31.0,10.0,26.0,12.0
12640,31.0,10.0,31.0,11.0
12641,31.0,10.0,30.0,13.0
12642,31.0,10.0,30.0,13.0
12643,31.0,10.0,27.0,17.0
12644,31.0,10.0,26.0,12.0
12645,31.0,10.0,26.0,12.0
12646,31.0,10.0,31.0,11.0
12647,31.0,10.0,32.0,10.0
12648,31.0,10.0,28.0,14.0
12649,31.0,10.0,27.0,17.0
12650,31.0,10.0,28.0,14.0
12651,31.0,10.0,31.0,10.0
12652,31.0,10.0,27.0,17.0
12653,31.0,10.0,26.0,12.0
12654,31.0,10.0,31.0,11.0
12655,31.0,10.0,30.0,13.0
12656,31.0,10.0,31.0,10.0
12657,31.0,10.0,26.0,12.0
12658,31.0,10.0,27.0,17.0
12659,31.0,10.0,28.0,14.0
12660,31.0,10.0,27.0,17.0
12661,31.0,10.0,27.0,17.0
12662,31.0,10.0,31.0,11.0
12663,31.0,10.0,28.0,14.0
12664,31.0,10.0,26.0,12.0
12665,31.0,10.0,28.0,14.0
12666,31.0,10.0,32.0,10.0
12667,31.0,10.0,28.0,14.0
12668,31.0,10.0,28.0,14.0
12669,31.0,10.0,32.0,10.0
12670,31.0,10.0,31.0,10.0
12671,31.0,10.0,31.0,10.0
12672,31.0,10.0,27.0,17.0
12673,31.0,10.0,31.0,10.0
12674,31.0,10.0,26.0,12.0
12675,31.0,10.0,31.0,11.0
12676,31.0,10.0,30.0,13.0
12677,31.0,10.0,28.0,14.0
12678,31.0,10.0,31.0,10.0
12679,31.0,10.0,28.0,14.0
12680,31.0,10.0,31.0,11.0
12681,31.0,10.0,30.0,13.0
12682,31.0,10.0,27.0,17.0
12683,31.0,10.0,28.0,14.0
12684,31.0,10.0,31.0,10.0
12685,31.0,10.0,31.0,10.0
12686,31.0,10.0,31.0,11.0
12687,31.0,10.0,27.0,17.0
12688,31.0,10.0,28.0,14.0
12689,31.0,10.0,31.0,10.0
12690,31.0,10.0,31.0,10.0
12691,31.0,10.0,32.0,10.0
12692,31.0,10.0,26.0,12.0
12693,31.0,10.0,26.0,12.0
12694,31.0,10.0,32.0,10.0
12695,31.0,10.0,26.0,12.0
12696,31.0,10.0,31.0,10.0
12697,31.0,10.0,30.0,13.0
12698,31.0,10.0,26.0,12.0
12699,31.0,10.0,26.0,12.0
12700,31.0,10.0,26.0,12.0
12701,31.0,10.0,26.0,12.0
12702,31.0,10.0,31.0,10.0
12703,31.0,10.0,31.0,10.0
12704,31.0,10.0,27.0,17.0
12705,31.0,10.0,27.0,17.0
12706,31.0,10.0,27.0,17.0
12707,31.0,10.0,26.0,12.0
12708,31.0,10.0,28.0,14.0
12709,31.0,10.0,31.0,10.0
12710,31.0,10.0,27.0,17.0
12711,31.0,10.0,28.0,14.0
12712,31.0,10.0,28.0,14.0
12713,31.0,10.0,27.0,17.0
12714,31.0,10.0,31.0,10.0
12715,31.0,10.0,28.0,14.0
12716,31.0,10.0,31.0,10.0
12717,31.0,10.0,30.0,13.0
12718,31.0,10.0,32.0,10.0
12719,31.0,10.0,26.0,12.0
12720,31.0,10.0,30.0,13.0
12721,31.0,10.0,31.0,11.0
12722,31.0,10.0,31.0,10.0
12723,31.0,10.0,26.0,12.0
12724,31.0,10.0,31.0,10.0
12725,31.0,10.0,31.0,10.0
12726,31.0,10.0,31.0,10.0
12727,31.0,10.0,30.0,13.0
12728,31.0,10.0,30.0,13.0
12729,31.0,10.0,32.0,10.0
12730,31.0,10.0,28.0,14.0
12731,31.0,10.0,28.0,14.0
12732,31.0,10.0,30.0,13.0
12733,31.0,10.0,27.0,17.0
12734,31.0,10.0,31.0,10.0
12735,31.0,10.0,26.0,12.0
12736,31.0,10.0,31.0,10.0
12737,31.0,10.0,31.0,10.0
12738,31.0,10.0,31.0,10.0
12739,31.0,10.0,28.0,14.0
12740,31.0,10.0,31.0,11.0
12741,31.0,10.0,26.0,12.0
12742,31.0,10.0,31.0,10.0
12743,31.0,10.0,32.0,10.0
12744,31.0,10.0,31.0,10.0
12745,31.0,10.0,26.0,12.0
12746,31.0,10.0,31.0,11.0
12747,31.0,10.0,30.0,13.0
12748,31.0,10.0,28.0,14.0
12749,31.0,10.0,31.0,10.0
12750,31.0,10.0,27.0,17.0
12751,31.0,10.0,27.0,17.0
12752,31.0,10.0,28.0,14.0
12753,31.0,10.0,26.0,12.0
12754,31.0,10.0,31.0,11.0
12755,31.0,10.0,31.0,11.0
12756,31.0,10.0,31.0,10.0
12757,31.0,10.0,26.0,12.0
12758,31.0,10.0,31.0,10.0
12759,31.0,10.0,30.0,13.0
12760,31.0,10.0,28.0,14.0
12761,31.0,10.0,30.0,13.0
12762,31.0,10.0,30.0,13.0
12763,31.0,10.0,30.0,13.0
12764,31.0,10.0,26.0,12.0
12765,31.0,10.0,28.0,14.0
12766,31.0,10.0,32.0,10.0
12767,31.0,10.0,31.0,10.0
12768,31.0,10.0,31.0,10.0
12769,31.0,10.0,31.0,10.0
12770,31.0,10.0,31.0,11.0
12771,31.0,10.0,31.0,11.0
12772,31.0,10.0,32.0,10.0
12773,31.0,10.0,26.0,12.0
12774,31.0,10.0,31.0,10.0
12775,31.0,10.0,31.0,10.0
12776,31.0,10.0,27.0,17.0
12777,31.0,10.0,30.0,13.0
12778,31.0,10.0,30.0,13.0
12779,31.0,10.0,28.0,14.0
12780,31.0,10.0,31.0,10.0
12781,31.0,10.0,31.0,10.0
12782,31.0,10.0,32.0,10.0
12783,31.0,10.0,31.0,10.0
12784,31.0,10.0,32.0,10.0
12785,31.0,10.0,31.0,10.0
12786,31.0,10.0,31.0,10.0
12787,31.0,10.0,27.0,17.0
12788,31.0,10.0,28.0,14.0
12789,31.0,10.0,31.0,10.0
12790,31.0,10.0,31.0,10.0
12791,31.0,10.0,27.0,17.0
12792,31.0,10.0,31.0,10.0
12793,31.0,10.0,31.0,10.0
12794,31.0,10.0,27.0,17.0
12795,31.0,10.0,31.0,10.0
12796,31.0,10.0,31.0,11.0
12797,31.0,10.0,31.0,10.0
12798,31.0,10.0,32.0,10.0
12799,31.0,10.0,31.0,11.0
12800,31.0,10.0,27.0,17.0
12801,31.0,10.0,31.0,10.0
12802,31.0,10.0,32.0,10.0
12803,31.0,10.0,31.0,10.0
12804,31.0,10.0,30.0,13.0
12805,31.0,10.0,28.0,14.0
12806,31.0,10.0,31.0,10.0
12807,31.0,10.0,26.0,12.0
12808,31.0,10.0,30.0,13.0
12809,31.0,10.0,31.0,10.0
12810,31.0,10.0,31.0,10.0
12811,31.0,10.0,28.0,14.0
12812,31.0,10.0,27.0,17.0
12813,31.0,10.0,31.0,11.0
12814,31.0,10.0,28.0,14.0
12815,31.0,10.0,30.0,13.0
12816,31.0,10.0,31.0,11.0
12817,31.0,10.0,31.0,10.0
12818,31.0,10.0,31.0,10.0
12819,31.0,10.0,31.0,10.0
12820,31.0,10.0,32.0,10.0
12821,31.0,10.0,32.0,10.0
12822,31.0,10.0,32.0,10.0
12823,31.0,10.0,30.0,13.0
12824,31.0,10.0,26.0,12.0
12825,31.0,10.0,28.0,14.0
12826,31.0,10.0,28.0,14.0
12827,31.0,10.0,31.0,11.0
12828,31.0,10.0,26.0,12.0
12829,31.0,10.0,31.0,10.0
12830,31.0,10.0,31.0,11.0
12831,31.0,10.0,31.0,10.0
12832,31.0,10.0,31.0,11.0
12833,31.0,10.0,30.0,13.0
12834,31.0,10.0,26.0,12.0
12835,31.0,10.0,31.0,10.0
12836,31.0,10.0,28.0,14.0
12837,31.0,10.0,32.0,10.0
12838,31.0,10.0,27.0,17.0
12839,31.0,10.0,31.0,10.0
12840,31.0,10.0,31.0,11.0
12841,31.0,10.0,32.0,10.0
12842,31.0,10.0,31.0,10.0
12843,31.0,10.0,27.0,17.0
12844,31.0,10.0,31.0,10.0
12845,31.0,10.0,31.0,10.0
12846,31.0,10.0,32.0,10.0
12847,31.0,10.0,26.0,12.0
12848,31.0,10.0,28.0,14.0
12849,31.0,10.0,31.0,10.0
12850,31.0,10.0,32.0,10.0
12851,31.0,10.0,31.0,10.0
12852,31.0,10.0,26.0,12.0
12853,31.0,10.0,32.0,10.0
12854,31.0,10.0,32.0,10.0
12855,31.0,10.0,31.0,10.0
12856,31.0,10.0,31.0,10.0
12857,31.0,10.0,27.0,17.0
12858,31.0,10.0,31.0,10.0
12859,31.0,10.0,28.0,14.0
12860,31.0,10.0,31.0,10.0
12861,31.0,10.0,31.0,10.0
12862,31.0,10.0,31.0,10.0
12863,31.0,10.0,27.0,17.0
12864,31.0,10.0,28.0,14.0
12865,31.0,10.0,28.0,14.0
12866,31.0,10.0,32.0,10.0
12867,31.0,10.0,31.0,10.0
12868,31.0,10.0,32.0,10.0
12869,31.0,10.0,26.0,12.0
12870,31.0,10.0,30.0,13.0
12871,31.0,10.0,26.0,12.0
12872,31.0,10.0,31.0,11.0
12873,31.0,10.0,28.0,14.0
12874,31.0,10.0,31.0,11.0
12875,31.0,10.0,31.0,11.0
12876,31.0,10.0,31.0,11.0
12877,31.0,10.0,31.0,11.0
12878,31.0,10.0,31.0,11.0
12879,31.0,10.0,31.0,10.0
12880,31.0,10.0,31.0,11.0
12881,31.0,10.0,27.0,17.0
12882,31.0,10.0,30.0,13.0
12883,31.0,10.0,31.0,10.0
12884,31.0,10.0,26.0,12.0
12885,31.0,10.0,31.0,10.0
12886,31.0,10.0,27.0,17.0
12887,31.0,10.0,31.0,11.0
12888,31.0,10.0,27.0,17.0
12889,31.0,10.0,30.0,13.0
12890,31.0,10.0,31.0,10.0
12891,31.0,10.0,30.0,13.0
12892,31.0,10.0,26.0,12.0
12893,31.0,10.0,31.0,10.0
12894,31.0,10.0,31.0,10.0
12895,31.0,10.0,30.0,13.0
12896,31.0,10.0,32.0,10.0
12897,31.0,10.0,31.0,10.0
12898,31.0,10.0,31.0,11.0
12899,31.0,10.0,31.0,10.0
12900,31.0,10.0,30.0,13.0
12901,31.0,10.0,32.0,10.0
12902,31.0,10.0,31.0,10.0
12903,31.0,10.0,26.0,12.0
12904,31.0,10.0,31.0,10.0
12905,31.0,10.0,28.0,14.0
12906,31.0,10.0,28.0,14.0
12907,31.0,10.0,30.0,13.0
12908,31.0,10.0,28.0,14.0
12909,31.0,10.0,30.0,13.0
12910,31.0,10.0,31.0,10.0
12911,31.0,10.0,32.0,10.0
12912,31.0,10.0,28.0,14.0
12913,31.0,10.0,30.0,13.0
12914,31.0,10.0,31.0,10.0
12915,31.0,10.0,31.0,10.0
12916,31.0,10.0,30.0,13.0
12917,31.0,10.0,26.0,12.0
12918,31.0,10.0,26.0,12.0
12919,31.0,10.0,31.0,10.0
12920,31.0,10.0,26.0,12.0
12921,31.0,10.0,30.0,13.0
12922,31.0,10.0,31.0,11.0
12923,31.0,10.0,32.0,10.0
12924,31.0,10.0,31.0,10.0
12925,31.0,10.0,27.0,17.0
12926,31.0,10.0,30.0,13.0
12927,31.0,10.0,30.0,13.0
12928,31.0,10.0,27.0,17.0
12929,31.0,10.0,30.0,13.0
12930,31.0,10.0,31.0,10.0
12931,31.0,10.0,32.0,10.0
12932,31.0,10.0,28.0,14.0
12933,31.0,10.0,27.0,17.0
12934,31.0,10.0,30.0,13.0
12935,31.0,10.0,26.0,12.0
12936,31.0,10.0,32.0,10.0
12937,31.0,10.0,26.0,12.0
12938,31.0,10.0,27.0,17.0
12939,31.0,10.0,31.0,11.0
12940,31.0,10.0,32.0,10.0
12941,31.0,10.0,31.0,10.0
12942,31.0,10.0,27.0,17.0
12943,31.0,10.0,26.0,12.0
12944,31.0,10.0,31.0,10.0
12945,31.0,10.0,27.0,17.0
12946,31.0,10.0,28.0,14.0
12947,31.0,10.0,31.0,10.0
12948,31.0,10.0,31.0,10.0
12949,31.0,10.0,26.0,12.0
12950,31.0,10.0,28.0,14.0
12951,31.0,10.0,31.0,11.0
12952,31.0,10.0,26.0,12.0
12953,31.0,10.0,32.0,10.0
12954,31.0,10.0,32.0,10.0
12955,31.0,10.0,31.0,10.0
12956,31.0,10.0,31.0,11.0
12957,31.0,10.0,28.0,14.0
12958,31.0,10.0,27.0,17.0
12959,31.0,10.0,26.0,12.0
12960,31.0,10.0,26.0,12.0
12961,31.0,10.0,31.0,10.0
12962,31.0,10.0,26.0,12.0
12963,31.0,10.0,31.0,10.0
12964,31.0,10.0,27.0,17.0
12965,31.0,10.0,31.0,10.0
12966,31.0,10.0,26.0,12.0
12967,31.0,10.0,31.0,10.0
12968,31.0,10.0,28.0,14.0
12969,31.0,10.0,31.0,10.0
12970,31.0,10.0,27.0,17.0
12971,31.0,10.0,28.0,14.0
12972,31.0,10.0,31.0,10.0
12973,31.0,10.0,28.0,14.0
12974,31.0,10.0,28.0,14.0
12975,31.0,10.0,31.0,11.0
12976,31.0,10.0,32.0,10.0
12977,31.0,10.0,31.0,11.0
12978,31.0,10.0,26.0,12.0
12979,31.0,10.0,30.0,13.0
12980,31.0,10.0,31.0,10.0
12981,31.0,10.0,31.0,11.0
12982,31.0,10.0,28.0,14.0
12983,31.0,10.0,31.0,10.0
12984,31.0,10.0,32.0,10.0
12985,31.0,10.0,28.0,14.0
12986,31.0,10.0,28.0,14.0
12987,31.0,10.0,31.0,10.0
12988,31.0,10.0,30.0,13.0
12989,31.0,10.0,31.0,10.0
12990,31.0,10.0,31.0,10.0
12991,31.0,10.0,31.0,10.0
12992,31.0,10.0,27.0,17.0
12993,31.0,10.0,27.0,17.0
12994,31.0,10.0,30.0,13.0
12995,31.0,10.0,30.0,13.0
12996,31.0,10.0,31.0,10.0
12997,31.0,10.0,28.0,14.0
12998,31.0,10.0,26.0,12.0
12999,31.0,10.0,28.0,14.0
13000,31.0,10.0,28.0,14.0
13001,31.0,10.0,31.0,11.0
13002,31.0,10.0,31.0,10.0
13003,31.0,10.0,28.0,14.0
13004,31.0,10.0,31.0,10.0
13005,31.0,10.0,31.0,11.0
13006,31.0,10.0,31.0,10.0
13007,31.0,10.0,32.0,10.0
13008,31.0,10.0,28.0,14.0
13009,31.0,10.0,26.0,12.0
13010,31.0,10.0,31.0,11.0
13011,31.0,10.0,32.0,10.0
13012,31.0,10.0,27.0,17.0
13013,31.0,10.0,26.0,12.0
13014,31.0,10.0,31.0,11.0
13015,31.0,10.0,32.0,10.0
13016,31.0,10.0,30.0,13.0
13017,31.0,10.0,28.0,14.0
13018,31.0,10.0,31.0,10.0
13019,31.0,10.0,30.0,13.0
13020,31.0,10.0,28.0,14.0
13021,31.0,10.0,27.0,17.0
13022,31.0,10.0,31.0,10.0
13023,31.0,10.0,30.0,13.0
13024,31.0,10.0,31.0,10.0
13025,31.0,10.0,31.0,10.0
13026,31.0,10.0,30.0,13.0
13027,31.0,10.0,31.0,10.0
13028,31.0,10.0,30.0,13.0
13029,31.0,10.0,26.0,12.0
13030,31.0,10.0,31.0,10.0
13031,31.0,10.0,30.0,13.0
13032,31.0,10.0,26.0,12.0
13033,31.0,10.0,31.0,10.0
13034,31.0,10.0,28.0,14.0
13035,31.0,10.0,28.0,14.0
13036,31.0,10.0,27.0,17.0
13037,31.0,10.0,31.0,10.0
13038,31.0,10.0,31.0,10.0
13039,31.0,10.0,31.0,11.0
13040,31.0,10.0,31.0,10.0
13041,31.0,10.0,27.0,17.0
13042,31.0,10.0,28.0,14.0
13043,31.0,10.0,26.0,12.0
13044,31.0,10.0,31.0,10.0
13045,31.0,10.0,28.0,14.0
13046,31.0,10.0,31.0,10.0
13047,31.0,10.0,31.0,11.0
13048,31.0,10.0,26.0,12.0
13049,31.0,10.0,31.0,10.0
13050,31.0,10.0,27.0,17.0
13051,31.0,10.0,31.0,10.0
13052,31.0,10.0,27.0,17.0
13053,31.0,10.0,31.0,10.0
13054,31.0,10.0,30.0,13.0
13055,31.0,10.0,31.0,11.0
13056,31.0,10.0,27.0,17.0
13057,31.0,10.0,26.0,12.0
13058,31.0,10.0,31.0,10.0
13059,31.0,10.0,26.0,12.0
13060,31.0,10.0,32.0,10.0
13061,31.0,10.0,31.0,11.0
13062,31.0,10.0,31.0,11.0
13063,31.0,10.0,26.0,12.0
13064,31.0,10.0,31.0,11.0
13065,31.0,10.0,30.0,13.0
13066,31.0,10.0,31.0,10.0
13067,31.0,10.0,31.0,10.0
13068,31.0,10.0,31.0,11.0
13069,31.0,10.0,26.0,12.0
13070,31.0,10.0,31.0,11.0
13071,31.0,10.0,28.0,14.0
13072,31.0,10.0,31.0,10.0
13073,31.0,10.0,26.0,12.0
13074,31.0,10.0,28.0,14.0
13075,31.0,10.0,31.0,11.0
13076,31.0,10.0,28.0,14.0
13077,31.0,10.0,32.0,10.0
13078,31.0,10.0,27.0,17.0
13079,31.0,10.0,31.0,10.0
13080,31.0,10.0,31.0,10.0
13081,31.0,10.0,31.0,10.0
13082,31.0,10.0,31.0,10.0
13083,31.0,10.0,32.0,10.0
13084,31.0,10.0,27.0,17.0
13085,31.0,10.0,31.0,10.0
13086,31.0,10.0,32.0,10.0
13087,31.0,10.0,27.0,17.0
13088,31.0,10.0,31.0,10.0
13089,31.0,10.0,31.0,11.0
13090,31.0,10.0,30.0,13.0
13091,31.0,10.0,26.0,12.0
13092,31.0,10.0,27.0,17.0
13093,31.0,10.0,31.0,10.0
13094,31.0,10.0,27.0,17.0
13095,31.0,10.0,31.0,10.0
13096,31.0,10.0,28.0,14.0
13097,31.0,10.0,26.0,12.0
13098,31.0,10.0,26.0,12.0
13099,31.0,10.0,31.0,10.0
13100,31.0,10.0,27.0,17.0
13101,31.0,10.0,31.0,10.0
13102,31.0,10.0,31.0,10.0
13103,31.0,10.0,26.0,12.0
13104,31.0,10.0,31.0,10.0
13105,31.0,10.0,32.0,10.0
13106,31.0,10.0,31.0,11.0
13107,31.0,10.0,28.0,14.0
13108,31.0,10.0,26.0,12.0
13109,31.0,10.0,27.0,17.0
13110,31.0,10.0,31.0,10.0
13111,31.0,10.0,27.0,17.0
13112,31.0,10.0,31.0,10.0
13113,31.0,10.0,31.0,10.0
13114,31.0,10.0,26.0,12.0
13115,31.0,10.0,31.0,10.0
13116,31.0,10.0,28.0,14.0
13117,31.0,10.0,32.0,10.0
13118,31.0,10.0,31.0,11.0
13119,31.0,10.0,27.0,17.0
13120,31.0,10.0,32.0,10.0
13121,31.0,10.0,31.0,10.0
13122,31.0,10.0,28.0,14.0
13123,31.0,10.0,31.0,10.0
13124,31.0,10.0,28.0,14.0
13125,31.0,10.0,26.0,12.0
13126,31.0,10.0,31.0,10.0
13127,31.0,10.0,26.0,12.0
13128,31.0,10.0,30.0,13.0
13129,31.0,10.0,28.0,14.0
13130,31.0,10.0,30.0,13.0
13131,31.0,10.0,27.0,17.0
13132,31.0,10.0,26.0,12.0
13133,31.0,10.0,28.0,14.0
13134,31.0,10.0,27.0,17.0
13135,31.0,10.0,30.0,13.0
13136,31.0,10.0,26.0,12.0
13137,31.0,10.0,30.0,13.0
13138,31.0,10.0,30.0,13.0
13139,31.0,10.0,31.0,10.0
13140,31.0,10.0,28.0,14.0
13141,31.0,10.0,31.0,10.0
13142,31.0,10.0,32.0,10.0
13143,31.0,10.0,31.0,11.0
13144,31.0,10.0,31.0,10.0
13145,31.0,10.0,31.0,10.0
13146,31.0,10.0,26.0,12.0
13147,31.0,10.0,31.0,10.0
13148,31.0,10.0,31.0,10.0
13149,31.0,10.0,31.0,10.0
13150,31.0,10.0,31.0,10.0
13151,31.0,10.0,30.0,13.0
13152,31.0,10.0,26.0,12.0
13153,31.0,10.0,32.0,10.0
13154,31.0,10.0,30.0,13.0
13155,31.0,10.0,26.0,12.0
13156,31.0,10.0,28.0,14.0
13157,31.0,10.0,31.0,11.0
13158,31.0,10.0,30.0,13.0
13159,31.0,10.0,27.0,17.0
13160,31.0,10.0,28.0,14.0
13161,31.0,10.0,28.0,14.0
13162,31.0,10.0,31.0,11.0
13163,31.0,10.0,31.0,10.0
13164,31.0,10.0,30.0,13.0
13165,31.0,10.0,28.0,14.0
13166,31.0,10.0,28.0,14.0
13167,31.0,10.0,27.0,17.0
13168,31.0,10.0,31.0,10.0
13169,31.0,10.0,31.0,10.0
13170,31.0,10.0,31.0,10.0
13171,31.0,10.0,28.0,14.0
13172,31.0,10.0,27.0,17.0
13173,31.0,10.0,31.0,10.0
13174,31.0,10.0,30.0,13.0
13175,31.0,10.0,26.0,12.0
13176,31.0,10.0,31.0,10.0
13177,31.0,10.0,30.0,13.0
13178,31.0,10.0,28.0,14.0
13179,31.0,10.0,31.0,11.0
13180,31.0,10.0,30.0,13.0
13181,31.0,10.0,31.0,11.0
13182,31.0,10.0,31.0,10.0
13183,31.0,10.0,30.0,13.0
13184,31.0,10.0,31.0,10.0
13185,31.0,10.0,31.0,11.0
13186,31.0,10.0,28.0,14.0
13187,31.0,10.0,31.0,10.0
13188,31.0,10.0,32.0,10.0
13189,31.0,10.0,30.0,13.0
13190,31.0,10.0,26.0,12.0
13191,31.0,10.0,30.0,13.0
13192,31.0,10.0,31.0,10.0
13193,31.0,10.0,30.0,13.0
13194,31.0,10.0,27.0,17.0
13195,31.0,10.0,26.0,12.0
13196,31.0,10.0,30.0,13.0
13197,31.0,10.0,30.0,13.0
13198,31.0,10.0,26.0,12.0
13199,31.0,10.0,31.0,10.0
13200,31.0,10.0,27.0,17.0
13201,31.0,10.0,30.0,13.0
13202,31.0,10.0,32.0,10.0
13203,31.0,10.0,28.0,14.0
13204,31.0,10.0,31.0,11.0
13205,31.0,10.0,30.0,13.0
13206,31.0,10.0,28.0,14.0
13207,31.0,10.0,31.0,10.0
13208,31.0,10.0,32.0,10.0
13209,31.0,10.0,31.0,10.0
13210,31.0,10.0,31.0,10.0
13211,31.0,10.0,31.0,10.0
13212,31.0,10.0,31.0,10.0
13213,31.0,10.0,31.0,10.0
13214,31.0,10.0,31.0,10.0
13215,31.0,10.0,30.0,13.0
13216,31.0,10.0,27.0,17.0
13217,31.0,10.0,31.0,10.0
13218,31.0,10.0,31.0,11.0
13219,31.0,10.0,26.0,12.0
13220,31.0,10.0,26.0,12.0
13221,31.0,10.0,27.0,17.0
13222,31.0,10.0,32.0,10.0
13223,31.0,10.0,26.0,12.0
13224,31.0,10.0,28.0,14.0
13225,31.0,10.0,26.0,12.0
13226,31.0,10.0,31.0,10.0
13227,31.0,10.0,28.0,14.0
13228,31.0,10.0,32.0,10.0
13229,31.0,10.0,28.0,14.0
13230,31.0,10.0,32.0,10.0
13231,31.0,10.0,27.0,17.0
13232,31.0,10.0,31.0,11.0
13233,31.0,10.0,31.0,10.0
13234,31.0,10.0,31.0,11.0
13235,31.0,10.0,28.0,14.0
13236,31.0,10.0,30.0,13.0
13237,31.0,10.0,31.0,10.0
13238,31.0,10.0,27.0,17.0
13239,31.0,10.0,31.0,10.0
13240,31.0,10.0,31.0,10.0
13241,31.0,10.0,28.0,14.0
13242,31.0,10.0,32.0,10.0
13243,31.0,10.0,31.0,10.0
13244,31.0,10.0,31.0,10.0
13245,31.0,10.0,26.0,12.0
13246,31.0,10.0,31.0,11.0
13247,31.0,10.0,31.0,10.0
13248,31.0,10.0,26.0,12.0
13249,31.0,10.0,32.0,10.0
13250,31.0,10.0,26.0,12.0
13251,31.0,10.0,31.0,10.0
13252,31.0,10.0,31.0,10.0
13253,31.0,10.0,27.0,17.0
13254,31.0,10.0,26.0,12.0
13255,31.0,10.0,31.0,10.0
13256,31.0,10.0,31.0,10.0
13257,31.0,10.0,31.0,10.0
13258,31.0,10.0,28.0,14.0
13259,31.0,10.0,31.0,11.0
13260,31.0,10.0,28.0,14.0
13261,31.0,10.0,26.0,12.0
13262,31.0,10.0,32.0,10.0
13263,31.0,10.0,31.0,11.0
13264,31.0,10.0,31.0,10.0
13265,31.0,10.0,28.0,14.0
13266,31.0,10.0,28.0,14.0
13267,31.0,10.0,31.0,10.0
13268,31.0,10.0,28.0,14.0
13269,31.0,10.0,32.0,10.0
13270,31.0,10.0,26.0,12.0
13271,31.0,10.0,28.0,14.0
13272,31.0,10.0,31.0,10.0
13273,31.0,10.0,31.0,10.0
13274,31.0,10.0,28.0,14.0
13275,31.0,10.0,31.0,11.0
13276,31.0,10.0,31.0,11.0
13277,31.0,10.0,32.0,10.0
13278,31.0,10.0,27.0,17.0
13279,31.0,10.0,32.0,10.0
13280,31.0,10.0,32.0,10.0
13281,31.0,10.0,31.0,10.0
13282,31.0,10.0,26.0,12.0
13283,31.0,10.0,27.0,17.0
13284,31.0,10.0,32.0,10.0
13285,31.0,10.0,27.0,17.0
13286,31.0,10.0,31.0,10.0
13287,31.0,10.0,30.0,13.0
13288,31.0,10.0,27.0,17.0
13289,31.0,10.0,32.0,10.0
13290,31.0,10.0,30.0,13.0
13291,31.0,10.0,26.0,12.0
13292,31.0,10.0,31.0,10.0
13293,31.0,10.0,31.0,10.0
13294,31.0,10.0,30.0,13.0
13295,31.0,10.0,31.0,10.0
13296,31.0,10.0,31.0,10.0
13297,31.0,10.0,26.0,12.0
13298,31.0,10.0,28.0,14.0
13299,31.0,10.0,31.0,10.0
13300,31.0,10.0,26.0,12.0
13301,31.0,10.0,31.0,10.0
13302,31.0,10.0,31.0,10.0
13303,31.0,10.0,30.0,13.0
13304,31.0,10.0,32.0,10.0
13305,31.0,10.0,31.0,10.0
13306,31.0,10.0,31.0,10.0
13307,31.0,10.0,31.0,10.0
13308,31.0,10.0,26.0,12.0
13309,31.0,10.0,27.0,17.0
13310,31.0,10.0,31.0,10.0
13311,31.0,10.0,27.0,17.0
13312,31.0,10.0,26.0,12.0
13313,31.0,10.0,31.0,10.0
13314,31.0,10.0,32.0,10.0
13315,31.0,10.0,28.0,14.0
13316,31.0,10.0,30.0,13.0
13317,31.0,10.0,27.0,17.0
13318,31.0,10.0,31.0,10.0
13319,31.0,10.0,28.0,14.0
13320,31.0,10.0,27.0,17.0
13321,31.0,10.0,27.0,17.0
13322,31.0,10.0,31.0,10.0
13323,31.0,10.0,31.0,10.0
13324,31.0,10.0,27.0,17.0
13325,31.0,10.0,31.0,11.0
13326,31.0,10.0,31.0,10.0
13327,31.0,10.0,31.0,10.0
13328,31.0,10.0,26.0,12.0
13329,31.0,10.0,31.0,10.0
13330,31.0,10.0,27.0,17.0
13331,31.0,10.0,27.0,17.0
13332,31.0,10.0,31.0,10.0
13333,31.0,10.0,32.0,10.0
13334,31.0,10.0,28.0,14.0
13335,31.0,10.0,31.0,10.0
13336,31.0,10.0,31.0,10.0
13337,31.0,10.0,32.0,10.0
13338,31.0,10.0,32.0,10.0
13339,31.0,10.0,31.0,11.0
13340,31.0,10.0,32.0,10.0
13341,31.0,10.0,26.0,12.0
13342,31.0,10.0,31.0,10.0
13343,31.0,10.0,28.0,14.0
13344,31.0,10.0,31.0,10.0
13345,31.0,10.0,31.0,10.0
13346,31.0,10.0,26.0,12.0
13347,31.0,10.0,31.0,11.0
13348,31.0,10.0,28.0,14.0
13349,31.0,10.0,30.0,13.0
13350,31.0,10.0,31.0,10.0
13351,31.0,10.0,32.0,10.0
13352,31.0,10.0,30.0,13.0
13353,31.0,10.0,28.0,14.0
13354,31.0,10.0,27.0,17.0
13355,31.0,10.0,32.0,10.0
13356,31.0,10.0,26.0,12.0
13357,31.0,10.0,26.0,12.0
13358,31.0,10.0,31.0,11.0
13359,31.0,10.0,31.0,10.0
13360,31.0,10.0,32.0,10.0
13361,31.0,10.0,32.0,10.0
13362,31.0,10.0,31.0,10.0
13363,31.0,10.0,31.0,10.0
13364,31.0,10.0,31.0,11.0
13365,31.0,10.0,31.0,10.0
13366,31.0,10.0,31.0,11.0
13367,31.0,10.0,31.0,11.0
13368,31.0,10.0,31.0,10.0
13369,31.0,10.0,30.0,13.0
13370,31.0,10.0,31.0,10.0
13371,31.0,10.0,31.0,11.0
13372,31.0,10.0,31.0,10.0
13373,31.0,10.0,31.0,11.0
13374,31.0,10.0,30.0,13.0
13375,31.0,10.0,30.0,13.0
13376,31.0,10.0,26.0,12.0
13377,31.0,10.0,31.0,10.0
13378,31.0,10.0,31.0,11.0
13379,31.0,10.0,31.0,10.0
13380,31.0,10.0,30.0,13.0
13381,31.0,10.0,28.0,14.0
13382,31.0,10.0,26.0,12.0
13383,31.0,10.0,28.0,14.0
13384,31.0,10.0,26.0,12.0
13385,31.0,10.0,31.0,11.0
13386,31.0,10.0,31.0,10.0
13387,31.0,10.0,27.0,17.0
13388,31.0,10.0,28.0,14.0
13389,31.0,10.0,27.0,17.0
13390,31.0,10.0,31.0,11.0
13391,31.0,10.0,31.0,10.0
13392,31.0,10.0,31.0,10.0
13393,31.0,10.0,31.0,10.0
13394,31.0,10.0,30.0,13.0
13395,31.0,10.0,32.0,10.0
13396,31.0,10.0,31.0,11.0
13397,31.0,10.0,31.0,10.0
13398,31.0,10.0,31.0,11.0
13399,31.0,10.0,31.0,10.0
13400,31.0,10.0,31.0,10.0
13401,31.0,10.0,31.0,10.0
13402,31.0,10.0,31.0,11.0
13403,31.0,10.0,32.0,10.0
13404,31.0,10.0,31.0,11.0
13405,31.0,10.0,31.0,10.0
13406,31.0,10.0,31.0,11.0
13407,31.0,10.0,31.0,10.0
13408,31.0,10.0,31.0,10.0
13409,31.0,10.0,31.0,11.0
13410,31.0,10.0,32.0,10.0
13411,31.0,10.0,27.0,17.0
13412,31.0,10.0,31.0,10.0
13413,31.0,10.0,28.0,14.0
13414,31.0,10.0,32.0,10.0
13415,31.0,10.0,30.0,13.0
13416,31.0,10.0,30.0,13.0
13417,31.0,10.0,31.0,10.0
13418,31.0,10.0,31.0,10.0
13419,31.0,10.0,28.0,14.0
13420,31.0,10.0,28.0,14.0
13421,31.0,10.0,26.0,12.0
13422,31.0,10.0,31.0,10.0
13423,31.0,10.0,31.0,10.0
13424,31.0,10.0,30.0,13.0
13425,31.0,10.0,32.0,10.0
13426,31.0,10.0,30.0,13.0
13427,31.0,10.0,31.0,10.0
13428,31.0,10.0,32.0,10.0
13429,31.0,10.0,28.0,14.0
13430,31.0,10.0,31.0,10.0
13431,31.0,10.0,31.0,10.0
13432,31.0,10.0,30.0,13.0
13433,31.0,10.0,32.0,10.0
13434,31.0,10.0,27.0,17.0
13435,31.0,10.0,28.0,14.0
13436,31.0,10.0,31.0,11.0
13437,31.0,10.0,31.0,10.0
13438,31.0,10.0,31.0,10.0
13439,31.0,10.0,31.0,10.0
13440,31.0,10.0,27.0,17.0
13441,31.0,10.0,31.0,10.0
13442,31.0,10.0,31.0,10.0
13443,31.0,10.0,27.0,17.0
13444,31.0,10.0,31.0,10.0
13445,31.0,10.0,28.0,14.0
13446,31.0,10.0,31.0,11.0
13447,31.0,10.0,31.0,10.0
13448,31.0,10.0,26.0,12.0
13449,31.0,10.0,27.0,17.0
13450,31.0,10.0,31.0,11.0
13451,31.0,10.0,31.0,10.0
13452,31.0,10.0,32.0,10.0
13453,31.0,10.0,31.0,11.0
13454,31.0,10.0,31.0,10.0
13455,31.0,10.0,31.0,10.0
13456,31.0,10.0,27.0,17.0
13457,31.0,10.0,31.0,11.0
13458,31.0,10.0,30.0,13.0
13459,31.0,10.0,31.0,10.0
13460,31.0,10.0,26.0,12.0
13461,31.0,10.0,31.0,10.0
13462,31.0,10.0,30.0,13.0
13463,31.0,10.0,31.0,10.0
13464,31.0,10.0,27.0,17.0
13465,31.0,10.0,30.0,13.0
13466,31.0,10.0,28.0,14.0
13467,31.0,10.0,31.0,10.0
13468,31.0,10.0,26.0,12.0
13469,31.0,10.0,31.0,10.0
13470,31.0,10.0,30.0,13.0
13471,31.0,10.0,28.0,14.0
13472,31.0,10.0,26.0,12.0
13473,31.0,10.0,30.0,13.0
13474,31.0,10.0,32.0,10.0
13475,31.0,10.0,31.0,10.0
13476,31.0,10.0,32.0,10.0
13477,31.0,10.0,32.0,10.0
13478,31.0,10.0,28.0,14.0
13479,31.0,10.0,31.0,10.0
13480,31.0,10.0,27.0,17.0
13481,31.0,10.0,31.0,10.0
13482,31.0,10.0,26.0,12.0
13483,31.0,10.0,32.0,10.0
13484,31.0,10.0,26.0,12.0
13485,31.0,10.0,31.0,10.0
13486,31.0,10.0,32.0,10.0
13487,31.0,10.0,31.0,10.0
13488,31.0,10.0,30.0,13.0
13489,31.0,10.0,26.0,12.0
13490,31.0,10.0,32.0,10.0
13491,31.0,10.0,30.0,13.0
13492,31.0,10.0,31.0,10.0
13493,31.0,10.0,27.0,17.0
13494,31.0,10.0,28.0,14.0
13495,31.0,10.0,27.0,17.0
13496,31.0,10.0,31.0,10.0
13497,31.0,10.0,26.0,12.0
13498,31.0,10.0,28.0,14.0
13499,31.0,10.0,26.0,12.0
13500,31.0,10.0,26.0,12.0
13501,31.0,10.0,26.0,12.0
13502,31.0,10.0,31.0,11.0
13503,31.0,10.0,31.0,11.0
13504,31.0,10.0,32.0,10.0
13505,31.0,10.0,32.0,10.0
13506,31.0,10.0,31.0,10.0
13507,31.0,10.0,28.0,14.0
13508,31.0,10.0,32.0,10.0
13509,31.0,10.0,30.0,13.0
13510,31.0,10.0,28.0,14.0
13511,31.0,10.0,31.0,10.0
13512,31.0,10.0,28.0,14.0
13513,31.0,10.0,31.0,10.0
13514,31.0,10.0,31.0,11.0
13515,31.0,10.0,27.0,17.0
13516,31.0,10.0,28.0,14.0
13517,31.0,10.0,31.0,11.0
13518,31.0,10.0,28.0,14.0
13519,31.0,10.0,27.0,17.0
13520,31.0,10.0,26.0,12.0
13521,31.0,10.0,31.0,10.0
13522,31.0,10.0,27.0,17.0
13523,31.0,10.0,28.0,14.0
13524,31.0,10.0,26.0,12.0
13525,31.0,10.0,30.0,13.0
13526,31.0,10.0,31.0,10.0
13527,31.0,10.0,31.0,10.0
13528,31.0,10.0,27.0,17.0
13529,31.0,10.0,26.0,12.0
13530,31.0,10.0,31.0,11.0
13531,31.0,10.0,31.0,10.0
13532,31.0,10.0,28.0,14.0
13533,31.0,10.0,28.0,14.0
13534,31.0,10.0,32.0,10.0
13535,31.0,10.0,27.0,17.0
13536,31.0,10.0,27.0,17.0
13537,31.0,10.0,31.0,10.0
13538,31.0,10.0,31.0,10.0
13539,31.0,10.0,30.0,13.0
13540,31.0,10.0,31.0,10.0
13541,31.0,10.0,31.0,10.0
13542,31.0,10.0,27.0,17.0
13543,31.0,10.0,27.0,17.0
13544,31.0,10.0,31.0,10.0
13545,31.0,10.0,30.0,13.0
13546,31.0,10.0,26.0,12.0
13547,31.0,10.0,27.0,17.0
13548,31.0,10.0,32.0,10.0
13549,31.0,10.0,30.0,13.0
13550,31.0,10.0,32.0,10.0
13551,31.0,10.0,31.0,10.0
13552,31.0,10.0,28.0,14.0
13553,31.0,10.0,31.0,11.0
13554,31.0,10.0,26.0,12.0
13555,31.0,10.0,31.0,10.0
13556,31.0,10.0,28.0,14.0
13557,31.0,10.0,31.0,10.0
13558,31.0,10.0,32.0,10.0
13559,31.0,10.0,32.0,10.0
13560,31.0,10.0,31.0,10.0
13561,31.0,10.0,26.0,12.0
13562,31.0,10.0,28.0,14.0
13563,31.0,10.0,27.0,17.0
13564,31.0,10.0,30.0,13.0
13565,31.0,10.0,26.0,12.0
13566,31.0,10.0,31.0,10.0
13567,31.0,10.0,31.0,11.0
13568,31.0,10.0,28.0,14.0
13569,31.0,10.0,26.0,12.0
13570,31.0,10.0,26.0,12.0
13571,31.0,10.0,30.0,13.0
13572,31.0,10.0,26.0,12.0
13573,31.0,10.0,27.0,17.0
13574,31.0,10.0,31.0,10.0
13575,31.0,10.0,30.0,13.0
13576,31.0,10.0,26.0,12.0
13577,31.0,10.0,32.0,10.0
13578,31.0,10.0,31.0,10.0
13579,31.0,10.0,32.0,10.0
13580,31.0,10.0,30.0,13.0
13581,31.0,10.0,28.0,14.0
13582,31.0,10.0,31.0,11.0
13583,31.0,10.0,28.0,14.0
13584,31.0,10.0,31.0,10.0
13585,31.0,10.0,31.0,10.0
13586,31.0,10.0,31.0,10.0
13587,31.0,10.0,30.0,13.0
13588,31.0,10.0,27.0,17.0
13589,31.0,10.0,30.0,13.0
13590,31.0,10.0,28.0,14.0
13591,31.0,10.0,32.0,10.0
13592,31.0,10.0,30.0,13.0
13593,31.0,10.0,30.0,13.0
13594,31.0,10.0,28.0,14.0
13595,31.0,10.0,27.0,17.0
13596,31.0,10.0,32.0,10.0
13597,31.0,10.0,32.0,10.0
13598,31.0,10.0,31.0,10.0
13599,31.0,10.0,28.0,14.0
13600,31.0,10.0,32.0,10.0
13601,31.0,10.0,26.0,12.0
13602,31.0,10.0,31.0,11.0
13603,31.0,10.0,27.0,17.0
13604,31.0,10.0,31.0,10.0
13605,31.0,10.0,31.0,11.0
13606,31.0,10.0,30.0,13.0
13607,31.0,10.0,31.0,10.0
13608,31.0,10.0,28.0,14.0
13609,31.0,10.0,28.0,14.0
13610,31.0,10.0,31.0,10.0
13611,31.0,10.0,27.0,17.0
13612,31.0,10.0,32.0,10.0
13613,31.0,10.0,31.0,11.0
13614,31.0,10.0,28.0,14.0
13615,31.0,10.0,31.0,10.0
13616,31.0,10.0,31.0,10.0
13617,31.0,10.0,31.0,10.0
13618,31.0,10.0,30.0,13.0
13619,31.0,10.0,31.0,10.0
13620,31.0,10.0,31.0,10.0
13621,31.0,10.0,27.0,17.0
13622,31.0,10.0,32.0,10.0
13623,31.0,10.0,28.0,14.0
13624,31.0,10.0,26.0,12.0
13625,31.0,10.0,27.0,17.0
13626,31.0,10.0,31.0,10.0
13627,31.0,10.0,31.0,11.0
13628,31.0,10.0,26.0,12.0
13629,31.0,10.0,26.0,12.0
13630,31.0,10.0,30.0,13.0
13631,31.0,10.0,31.0,11.0
13632,31.0,10.0,26.0,12.0
13633,31.0,10.0,32.0,10.0
13634,31.0,10.0,31.0,11.0
13635,31.0,10.0,26.0,12.0
13636,31.0,10.0,27.0,17.0
13637,31.0,10.0,31.0,10.0
13638,31.0,10.0,32.0,10.0
13639,31.0,10.0,26.0,12.0
13640,31.0,10.0,31.0,10.0
13641,31.0,10.0,31.0,11.0
13642,31.0,10.0,28.0,14.0
13643,31.0,10.0,31.0,10.0
13644,31.0,10.0,26.0,12.0
13645,31.0,10.0,31.0,11.0
13646,31.0,10.0,31.0,11.0
13647,31.0,10.0,27.0,17.0
13648,31.0,10.0,32.0,10.0
13649,31.0,10.0,31.0,10.0
13650,31.0,10.0,27.0,17.0
13651,31.0,10.0,28.0,14.0
13652,31.0,10.0,31.0,10.0
13653,31.0,10.0,26.0,12.0
13654,31.0,10.0,31.0,10.0
13655,31.0,10.0,31.0,11.0
13656,31.0,10.0,31.0,11.0
13657,31.0,10.0,31.0,10.0
13658,31.0,10.0,31.0,11.0
13659,31.0,10.0,31.0,11.0
13660,31.0,10.0,31.0,10.0
13661,31.0,10.0,31.0,11.0
13662,31.0,10.0,31.0,10.0
13663,31.0,10.0,31.0,10.0
13664,31.0,10.0,28.0,14.0
13665,31.0,10.0,31.0,10.0
13666,31.0,10.0,31.0,10.0
13667,31.0,10.0,31.0,11.0
13668,31.0,10.0,31.0,10.0
13669,31.0,10.0,31.0,10.0
13670,31.0,10.0,26.0,12.0
13671,31.0,10.0,32.0,10.0
13672,31.0,10.0,32.0,10.0
13673,31.0,10.0,27.0,17.0
13674,31.0,10.0,26.0,12.0
13675,31.0,10.0,31.0,11.0
13676,31.0,10.0,31.0,10.0
13677,31.0,10.0,26.0,12.0
13678,31.0,10.0,31.0,10.0
13679,31.0,10.0,27.0,17.0
13680,31.0,10.0,31.0,10.0
13681,31.0,10.0,28.0,14.0
13682,31.0,10.0,27.0,17.0
13683,31.0,10.0,31.0,10.0
13684,31.0,10.0,28.0,14.0
13685,31.0,10.0,27.0,17.0
13686,31.0,10.0,27.0,17.0
13687,31.0,10.0,31.0,11.0
13688,31.0,10.0,28.0,14.0
13689,31.0,10.0,28.0,14.0
13690,31.0,10.0,31.0,10.0
13691,31.0,10.0,31.0,10.0
13692,31.0,10.0,32.0,10.0
13693,31.0,10.0,31.0,10.0
13694,31.0,10.0,31.0,10.0
13695,31.0,10.0,31.0,10.0
13696,31.0,10.0,26.0,12.0
13697,31.0,10.0,32.0,10.0
13698,31.0,10.0,31.0,10.0
13699,31.0,10.0,28.0,14.0
13700,31.0,10.0,31.0,10.0
13701,31.0,10.0,27.0,17.0
13702,31.0,10.0,30.0,13.0
13703,31.0,10.0,27.0,17.0
13704,31.0,10.0,31.0,10.0
13705,31.0,10.0,31.0,11.0
13706,31.0,10.0,31.0,10.0
13707,31.0,10.0,31.0,10.0
13708,31.0,10.0,31.0,10.0
13709,31.0,10.0,31.0,10.0
13710,31.0,10.0,31.0,10.0
13711,31.0,10.0,26.0,12.0
13712,31.0,10.0,28.0,14.0
13713,31.0,10.0,28.0,14.0
13714,31.0,10.0,31.0,11.0
13715,31.0,10.0,31.0,11.0
13716,31.0,10.0,27.0,17.0
13717,31.0,10.0,31.0,10.0
13718,31.0,10.0,31.0,10.0
13719,31.0,10.0,31.0,10.0
13720,31.0,10.0,28.0,14.0
13721,31.0,10.0,31.0,10.0
13722,31.0,10.0,27.0,17.0
13723,31.0,10.0,31.0,10.0
13724,31.0,10.0,26.0,12.0
13725,31.0,10.0,26.0,12.0
13726,31.0,10.0,31.0,11.0
13727,31.0,10.0,26.0,12.0
13728,31.0,10.0,31.0,11.0
13729,31.0,10.0,26.0,12.0
13730,31.0,10.0,27.0,17.0
13731,31.0,10.0,31.0,10.0
13732,31.0,10.0,28.0,14.0
13733,31.0,10.0,28.0,14.0
13734,31.0,10.0,26.0,12.0
13735,31.0,10.0,32.0,10.0
13736,31.0,10.0,27.0,17.0
13737,31.0,10.0,31.0,10.0
13738,31.0,10.0,26.0,12.0
13739,31.0,10.0,27.0,17.0
13740,31.0,10.0,31.0,10.0
13741,31.0,10.0,31.0,10.0
13742,31.0,10.0,31.0,10.0
13743,31.0,10.0,28.0,14.0
13744,31.0,10.0,26.0,12.0
13745,31.0,10.0,30.0,13.0
13746,31.0,10.0,27.0,17.0
13747,31.0,10.0,31.0,10.0
13748,31.0,10.0,31.0,11.0
13749,31.0,10.0,31.0,10.0
13750,31.0,10.0,26.0,12.0
13751,31.0,10.0,27.0,17.0
13752,31.0,10.0,31.0,10.0
13753,31.0,10.0,31.0,11.0
13754,31.0,10.0,28.0,14.0
13755,31.0,10.0,31.0,10.0
13756,31.0,10.0,32.0,10.0
13757,31.0,10.0,27.0,17.0
13758,31.0,10.0,32.0,10.0
13759,31.0,10.0,31.0,11.0
13760,31.0,10.0,30.0,13.0
13761,31.0,10.0,32.0,10.0
13762,31.0,10.0,30.0,13.0
13763,31.0,10.0,32.0,10.0
13764,31.0,10.0,31.0,10.0
13765,31.0,10.0,32.0,10.0
13766,31.0,10.0,26.0,12.0
13767,31.0,10.0,30.0,13.0
13768,31.0,10.0,32.0,10.0
13769,31.0,10.0,31.0,10.0
13770,31.0,10.0,30.0,13.0
13771,31.0,10.0,31.0,10.0
13772,31.0,10.0,28.0,14.0
13773,31.0,10.0,31.0,10.0
13774,31.0,10.0,31.0,10.0
13775,31.0,10.0,26.0,12.0
13776,31.0,10.0,31.0,10.0
13777,31.0,10.0,31.0,11.0
13778,31.0,10.0,31.0,10.0
13779,31.0,10.0,27.0,17.0
13780,31.0,10.0,28.0,14.0
13781,31.0,10.0,26.0,12.0
13782,31.0,10.0,31.0,10.0
13783,31.0,10.0,28.0,14.0
13784,31.0,10.0,31.0,10.0
13785,31.0,10.0,31.0,10.0
13786,31.0,10.0,31.0,11.0
13787,31.0,10.0,28.0,14.0
13788,31.0,10.0,31.0,10.0
13789,31.0,10.0,31.0,10.0
13790,31.0,10.0,31.0,11.0
13791,31.0,10.0,31.0,10.0
13792,31.0,10.0,32.0,10.0
13793,31.0,10.0,26.0,12.0
13794,31.0,10.0,32.0,10.0
13795,31.0,10.0,31.0,10.0
13796,31.0,10.0,31.0,11.0
13797,31.0,10.0,31.0,10.0
13798,31.0,10.0,31.0,10.0
13799,31.0,10.0,31.0,10.0
13800,31.0,10.0,30.0,13.0
13801,31.0,10.0,28.0,14.0
13802,31.0,10.0,28.0,14.0
13803,31.0,10.0,31.0,11.0
13804,31.0,10.0,32.0,10.0
13805,31.0,10.0,32.0,10.0
13806,31.0,10.0,31.0,10.0
13807,31.0,10.0,27.0,17.0
13808,31.0,10.0,31.0,10.0
13809,31.0,10.0,32.0,10.0
13810,31.0,10.0,31.0,10.0
13811,31.0,10.0,31.0,10.0
13812,31.0,10.0,27.0,17.0
13813,31.0,10.0,28.0,14.0
13814,31.0,10.0,30.0,13.0
13815,31.0,10.0,30.0,13.0
13816,31.0,10.0,27.0,17.0
13817,31.0,10.0,32.0,10.0
13818,31.0,10.0,31.0,10.0
13819,31.0,10.0,31.0,10.0
13820,31.0,10.0,31.0,11.0
13821,31.0,10.0,31.0,10.0
13822,31.0,10.0,28.0,14.0
13823,31.0,10.0,31.0,11.0
13824,31.0,10.0,28.0,14.0
13825,31.0,10.0,31.0,10.0
13826,31.0,10.0,31.0,10.0
13827,31.0,10.0,27.0,17.0
13828,31.0,10.0,30.0,13.0
13829,31.0,10.0,31.0,10.0
13830,31.0,10.0,26.0,12.0
13831,31.0,10.0,28.0,14.0
13832,31.0,10.0,31.0,11.0
13833,31.0,10.0,26.0,12.0
13834,31.0,10.0,31.0,10.0
13835,31.0,10.0,31.0,10.0
13836,31.0,10.0,30.0,13.0
13837,31.0,10.0,31.0,10.0
13838,31.0,10.0,27.0,17.0
13839,31.0,10.0,30.0,13.0
13840,31.0,10.0,27.0,17.0
13841,31.0,10.0,28.0,14.0
13842,31.0,10.0,31.0,11.0
13843,31.0,10.0,31.0,11.0
13844,31.0,10.0,26.0,12.0
13845,31.0,10.0,32.0,10.0
13846,31.0,10.0,30.0,13.0
13847,31.0,10.0,31.0,11.0
13848,31.0,10.0,28.0,14.0
13849,31.0,10.0,32.0,10.0
13850,31.0,10.0,31.0,10.0
13851,31.0,10.0,31.0,11.0
13852,31.0,10.0,31.0,10.0
13853,31.0,10.0,26.0,12.0
13854,31.0,10.0,26.0,12.0
13855,31.0,10.0,32.0,10.0
13856,31.0,10.0,28.0,14.0
13857,31.0,10.0,26.0,12.0
13858,31.0,10.0,31.0,10.0
13859,31.0,10.0,31.0,10.0
13860,31.0,10.0,30.0,13.0
13861,31.0,10.0,28.0,14.0
13862,31.0,10.0,26.0,12.0
13863,31.0,10.0,28.0,14.0
13864,31.0,10.0,30.0,13.0
13865,31.0,10.0,30.0,13.0
13866,31.0,10.0,31.0,11.0
13867,31.0,10.0,31.0,11.0
13868,31.0,10.0,31.0,10.0
13869,31.0,10.0,28.0,14.0
13870,31.0,10.0,30.0,13.0
13871,31.0,10.0,27.0,17.0
13872,31.0,10.0,28.0,14.0
13873,31.0,10.0,28.0,14.0
13874,31.0,10.0,31.0,10.0
13875,31.0,10.0,31.0,10.0
13876,31.0,10.0,31.0,11.0
13877,31.0,10.0,30.0,13.0
13878,31.0,10.0,31.0,10.0
13879,31.0,10.0,30.0,13.0
13880,31.0,10.0,27.0,17.0
13881,31.0,10.0,27.0,17.0
13882,31.0,10.0,30.0,13.0
13883,31.0,10.0,31.0,10.0
13884,31.0,10.0,31.0,10.0
13885,31.0,10.0,31.0,10.0
13886,31.0,10.0,30.0,13.0
13887,31.0,10.0,28.0,14.0
13888,31.0,10.0,27.0,17.0
13889,31.0,10.0,31.0,10.0
13890,31.0,10.0,27.0,17.0
13891,31.0,10.0,31.0,11.0
13892,31.0,10.0,26.0,12.0
13893,31.0,10.0,28.0,14.0
13894,31.0,10.0,30.0,13.0
13895,31.0,10.0,31.0,10.0
13896,31.0,10.0,26.0,12.0
13897,31.0,10.0,26.0,12.0
13898,31.0,10.0,31.0,11.0
13899,31.0,10.0,30.0,13.0
13900,31.0,10.0,31.0,10.0
13901,31.0,10.0,26.0,12.0
13902,31.0,10.0,28.0,14.0
13903,31.0,10.0,28.0,14.0
13904,31.0,10.0,27.0,17.0
13905,31.0,10.0,31.0,10.0
13906,31.0,10.0,27.0,17.0
13907,31.0,10.0,26.0,12.0
13908,31.0,10.0,28.0,14.0
13909,31.0,10.0,31.0,10.0
13910,31.0,10.0,28.0,14.0
13911,31.0,10.0,28.0,14.0
13912,31.0,10.0,28.0,14.0
13913,31.0,10.0,32.0,10.0
13914,31.0,10.0,28.0,14.0
13915,31.0,10.0,27.0,17.0
13916,31.0,10.0,31.0,10.0
13917,31.0,10.0,32.0,10.0
13918,31.0,10.0,31.0,11.0
13919,31.0,10.0,27.0,17.0
13920,31.0,10.0,28.0,14.0
13921,31.0,10.0,27.0,17.0
13922,31.0,10.0,26.0,12.0
13923,31.0,10.0,27.0,17.0
13924,31.0,10.0,27.0,17.0
13925,31.0,10.0,26.0,12.0
13926,31.0,10.0,31.0,10.0
13927,31.0,10.0,31.0,10.0
13928,31.0,10.0,32.0,10.0
13929,31.0,10.0,31.0,10.0
13930,31.0,10.0,28.0,14.0
13931,31.0,10.0,31.0,10.0
13932,31.0,10.0,31.0,11.0
13933,31.0,10.0,28.0,14.0
13934,31.0,10.0,31.0,10.0
13935,31.0,10.0,32.0,10.0
13936,31.0,10.0,31.0,11.0
13937,31.0,10.0,31.0,11.0
13938,31.0,10.0,31.0,10.0
13939,31.0,10.0,30.0,13.0
13940,31.0,10.0,31.0,10.0
13941,31.0,10.0,31.0,11.0
13942,31.0,10.0,31.0,10.0
13943,31.0,10.0,31.0,11.0
13944,31.0,10.0,31.0,11.0
13945,31.0,10.0,26.0,12.0
13946,31.0,10.0,30.0,13.0
13947,31.0,10.0,30.0,13.0
13948,31.0,10.0,31.0,10.0
13949,31.0,10.0,31.0,10.0
13950,31.0,10.0,31.0,10.0
13951,31.0,10.0,28.0,14.0
13952,31.0,10.0,32.0,10.0
13953,31.0,10.0,31.0,11.0
13954,31.0,10.0,28.0,14.0
13955,31.0,10.0,26.0,12.0
13956,31.0,10.0,30.0,13.0
13957,31.0,10.0,28.0,14.0
13958,31.0,10.0,31.0,10.0
13959,31.0,10.0,30.0,13.0
13960,31.0,10.0,31.0,10.0
13961,31.0,10.0,28.0,14.0
13962,31.0,10.0,32.0,10.0
13963,31.0,10.0,31.0,10.0
13964,31.0,10.0,28.0,14.0
13965,31.0,10.0,31.0,10.0
13966,31.0,10.0,32.0,10.0
13967,31.0,10.0,27.0,17.0
13968,31.0,10.0,31.0,10.0
13969,31.0,10.0,32.0,10.0
13970,31.0,10.0,27.0,17.0
13971,31.0,10.0,31.0,10.0
13972,31.0,10.0,27.0,17.0
13973,31.0,10.0,26.0,12.0
13974,31.0,10.0,32.0,10.0
13975,31.0,10.0,26.0,12.0
13976,31.0,10.0,31.0,10.0
13977,31.0,10.0,26.0,12.0
13978,31.0,10.0,31.0,10.0
13979,31.0,10.0,31.0,10.0
13980,31.0,10.0,28.0,14.0
13981,31.0,10.0,32.0,10.0
13982,31.0,10.0,28.0,14.0
13983,31.0,10.0,30.0,13.0
13984,31.0,10.0,26.0,12.0
13985,31.0,10.0,28.0,14.0
13986,31.0,10.0,27.0,17.0
13987,31.0,10.0,31.0,10.0
13988,31.0,10.0,27.0,17.0
13989,31.0,10.0,30.0,13.0
13990,31.0,10.0,26.0,12.0
13991,31.0,10.0,30.0,13.0
13992,31.0,10.0,30.0,13.0
13993,31.0,10.0,31.0,10.0
13994,31.0,10.0,31.0,11.0
13995,31.0,10.0,31.0,10.0
13996,31.0,10.0,30.0,13.0
13997,31.0,10.0,31.0,11.0
13998,31.0,10.0,31.0,10.0
13999,31.0,10.0,26.0,12.0
14000,31.0,10.0,28.0,14.0
14001,31.0,10.0,26.0,12.0
14002,31.0,10.0,31.0,10.0
14003,31.0,10.0,26.0,12.0
14004,31.0,10.0,26.0,12.0
14005,31.0,10.0,31.0,10.0
14006,31.0,10.0,26.0,12.0
14007,31.0,10.0,26.0,12.0
14008,31.0,10.0,28.0,14.0
14009,31.0,10.0,31.0,10.0
14010,31.0,10.0,28.0,14.0
14011,31.0,10.0,31.0,10.0
14012,31.0,10.0,30.0,13.0
14013,31.0,10.0,26.0,12.0
14014,31.0,10.0,31.0,10.0
14015,31.0,10.0,28.0,14.0
14016,31.0,10.0,30.0,13.0
14017,31.0,10.0,27.0,17.0
14018,31.0,10.0,30.0,13.0
14019,31.0,10.0,31.0,10.0
14020,31.0,10.0,26.0,12.0
14021,31.0,10.0,28.0,14.0
14022,31.0,10.0,27.0,17.0
14023,31.0,10.0,31.0,10.0
14024,31.0,10.0,28.0,14.0
14025,31.0,10.0,31.0,10.0
14026,31.0,10.0,31.0,11.0
14027,31.0,10.0,28.0,14.0
14028,31.0,10.0,28.0,14.0
14029,31.0,10.0,31.0,11.0
14030,31.0,10.0,31.0,10.0
14031,31.0,10.0,31.0,11.0
14032,31.0,10.0,30.0,13.0
14033,31.0,10.0,26.0,12.0
14034,31.0,10.0,30.0,13.0
14035,31.0,10.0,31.0,11.0
14036,31.0,10.0,31.0,10.0
14037,31.0,10.0,27.0,17.0
14038,31.0,10.0,31.0,11.0
14039,31.0,10.0,32.0,10.0
14040,31.0,10.0,31.0,11.0
14041,31.0,10.0,31.0,10.0
14042,31.0,10.0,27.0,17.0
14043,31.0,10.0,31.0,10.0
14044,31.0,10.0,27.0,17.0
14045,31.0,10.0,27.0,17.0
14046,31.0,10.0,32.0,10.0
14047,31.0,10.0,28.0,14.0
14048,31.0,10.0,26.0,12.0
14049,31.0,10.0,26.0,12.0
14050,31.0,10.0,30.0,13.0
14051,31.0,10.0,30.0,13.0
14052,31.0,10.0,26.0,12.0
14053,31.0,10.0,30.0,13.0
14054,31.0,10.0,30.0,13.0
14055,31.0,10.0,32.0,10.0
14056,31.0,10.0,31.0,11.0
14057,31.0,10.0,31.0,11.0
14058,31.0,10.0,32.0,10.0
14059,31.0,10.0,32.0,10.0
14060,31.0,10.0,31.0,10.0
14061,31.0,10.0,32.0,10.0
14062,31.0,10.0,31.0,10.0
14063,31.0,10.0,28.0,14.0
14064,31.0,10.0,31.0,10.0
14065,31.0,10.0,30.0,13.0
14066,31.0,10.0,31.0,10.0
14067,31.0,10.0,31.0,11.0
14068,31.0,10.0,31.0,10.0
14069,31.0,10.0,32.0,10.0
14070,31.0,10.0,31.0,11.0
14071,31.0,10.0,28.0,14.0
14072,31.0,10.0,31.0,10.0
14073,31.0,10.0,28.0,14.0
14074,31.0,10.0,31.0,11.0
14075,31.0,10.0,31.0,10.0
14076,31.0,10.0,30.0,13.0
14077,31.0,10.0,30.0,13.0
14078,31.0,10.0,30.0,13.0
14079,31.0,10.0,30.0,13.0
14080,31.0,10.0,28.0,14.0
14081,31.0,10.0,31.0,10.0
14082,31.0,10.0,31.0,10.0
14083,31.0,10.0,32.0,10.0
14084,31.0,10.0,26.0,12.0
14085,31.0,10.0,31.0,10.0
14086,31.0,10.0,31.0,10.0
14087,31.0,10.0,27.0,17.0
14088,31.0,10.0,27.0,17.0
14089,31.0,10.0,32.0,10.0
14090,31.0,10.0,26.0,12.0
14091,31.0,10.0,32.0,10.0
14092,31.0,10.0,31.0,10.0
14093,31.0,10.0,31.0,11.0
14094,31.0,10.0,30.0,13.0
14095,31.0,10.0,32.0,10.0
14096,31.0,10.0,27.0,17.0
14097,31.0,10.0,31.0,11.0
14098,31.0,10.0,31.0,11.0
14099,31.0,10.0,31.0,10.0
14100,31.0,10.0,26.0,12.0
14101,31.0,10.0,32.0,10.0
14102,31.0,10.0,30.0,13.0
14103,31.0,10.0,30.0,13.0
14104,31.0,10.0,31.0,10.0
14105,31.0,10.0,31.0,10.0
14106,31.0,10.0,30.0,13.0
14107,31.0,10.0,31.0,11.0
14108,31.0,10.0,31.0,11.0
14109,31.0,10.0,31.0,11.0
14110,31.0,10.0,26.0,12.0
14111,31.0,10.0,31.0,10.0
14112,31.0,10.0,26.0,12.0
14113,31.0,10.0,28.0,14.0
14114,31.0,10.0,30.0,13.0
14115,31.0,10.0,31.0,11.0
14116,31.0,10.0,30.0,13.0
14117,31.0,10.0,31.0,10.0
14118,31.0,10.0,30.0,13.0
14119,31.0,10.0,32.0,10.0
14120,31.0,10.0,31.0,10.0
14121,31.0,10.0,28.0,14.0
14122,31.0,10.0,31.0,10.0
14123,31.0,10.0,31.0,10.0
14124,31.0,10.0,28.0,14.0
14125,31.0,10.0,28.0,14.0
14126,31.0,10.0,31.0,10.0
14127,31.0,10.0,31.0,10.0
14128,31.0,10.0,31.0,10.0
14129,31.0,10.0,31.0,10.0
14130,31.0,10.0,31.0,10.0
14131,31.0,10.0,28.0,14.0
14132,31.0,10.0,26.0,12.0
14133,31.0,10.0,31.0,11.0
14134,31.0,10.0,28.0,14.0
14135,31.0,10.0,30.0,13.0
14136,31.0,10.0,32.0,10.0
14137,31.0,10.0,30.0,13.0
14138,31.0,10.0,31.0,10.0
14139,31.0,10.0,31.0,10.0
14140,31.0,10.0,26.0,12.0
14141,31.0,10.0,26.0,12.0
14142,31.0,10.0,26.0,12.0
14143,31.0,10.0,28.0,14.0
14144,31.0,10.0,31.0,10.0
14145,31.0,10.0,31.0,10.0
14146,31.0,10.0,31.0,11.0
14147,31.0,10.0,31.0,10.0
14148,31.0,10.0,27.0,17.0
14149,31.0,10.0,28.0,14.0
14150,31.0,10.0,31.0,10.0
14151,31.0,10.0,31.0,11.0
14152,31.0,10.0,27.0,17.0
14153,31.0,10.0,32.0,10.0
14154,31.0,10.0,31.0,10.0
14155,31.0,10.0,26.0,12.0
14156,31.0,10.0,28.0,14.0
14157,31.0,10.0,31.0,11.0
14158,31.0,10.0,31.0,10.0
14159,31.0,10.0,31.0,10.0
14160,31.0,10.0,31.0,10.0
14161,31.0,10.0,31.0,10.0
14162,31.0,10.0,32.0,10.0
14163,31.0,10.0,30.0,13.0
14164,31.0,10.0,31.0,10.0
14165,31.0,10.0,26.0,12.0
14166,31.0,10.0,28.0,14.0
14167,31.0,10.0,28.0,14.0
14168,31.0,10.0,31.0,10.0
14169,31.0,10.0,30.0,13.0
14170,31.0,10.0,28.0,14.0
14171,31.0,10.0,31.0,10.0
14172,31.0,10.0,31.0,10.0
14173,31.0,10.0,31.0,10.0
14174,31.0,10.0,32.0,10.0
14175,31.0,10.0,27.0,17.0
14176,31.0,10.0,28.0,14.0
14177,31.0,10.0,28.0,14.0
14178,31.0,10.0,30.0,13.0
14179,31.0,10.0,31.0,11.0
14180,31.0,10.0,31.0,10.0
14181,31.0,10.0,32.0,10.0
14182,31.0,10.0,31.0,11.0
14183,31.0,10.0,26.0,12.0
14184,31.0,10.0,28.0,14.0
14185,31.0,10.0,28.0,14.0
14186,31.0,10.0,31.0,10.0
14187,31.0,10.0,32.0,10.0
14188,31.0,10.0,31.0,10.0
14189,31.0,10.0,26.0,12.0
14190,31.0,10.0,31.0,10.0
14191,31.0,10.0,28.0,14.0
14192,31.0,10.0,31.0,11.0
14193,31.0,10.0,30.0,13.0
14194,31.0,10.0,31.0,10.0
14195,31.0,10.0,26.0,12.0
14196,31.0,10.0,31.0,10.0
14197,31.0,10.0,31.0,10.0
14198,31.0,10.0,32.0,10.0
14199,31.0,10.0,28.0,14.0
14200,31.0,10.0,32.0,10.0
14201,31.0,10.0,30.0,13.0
14202,31.0,10.0,31.0,11.0
14203,31.0,10.0,26.0,12.0
14204,31.0,10.0,30.0,13.0
14205,31.0,10.0,26.0,12.0
14206,31.0,10.0,31.0,10.0
14207,31.0,10.0,31.0,10.0
14208,31.0,10.0,27.0,17.0
14209,31.0,10.0,26.0,12.0
14210,31.0,10.0,31.0,10.0
14211,31.0,10.0,28.0,14.0
14212,31.0,10.0,32.0,10.0
14213,31.0,10.0,30.0,13.0
14214,31.0,10.0,27.0,17.0
14215,31.0,10.0,27.0,17.0
14216,31.0,10.0,28.0,14.0
14217,31.0,10.0,27.0,17.0
14218,31.0,10.0,31.0,11.0
14219,31.0,10.0,32.0,10.0
14220,31.0,10.0,32.0,10.0
14221,31.0,10.0,26.0,12.0
14222,31.0,10.0,32.0,10.0
14223,31.0,10.0,31.0,10.0
14224,31.0,10.0,31.0,10.0
14225,31.0,10.0,27.0,17.0
14226,31.0,10.0,30.0,13.0
14227,31.0,10.0,30.0,13.0
14228,31.0,10.0,30.0,13.0
14229,31.0,10.0,31.0,10.0
14230,31.0,10.0,30.0,13.0
14231,31.0,10.0,26.0,12.0
14232,31.0,10.0,28.0,14.0
14233,31.0,10.0,31.0,10.0
14234,31.0,10.0,27.0,17.0
14235,31.0,10.0,30.0,13.0
14236,31.0,10.0,31.0,11.0
14237,31.0,10.0,31.0,10.0
14238,31.0,10.0,30.0,13.0
14239,31.0,10.0,28.0,14.0
14240,31.0,10.0,30.0,13.0
14241,31.0,10.0,27.0,17.0
14242,31.0,10.0,31.0,11.0
14243,31.0,10.0,31.0,10.0
14244,31.0,10.0,31.0,11.0
14245,31.0,10.0,26.0,12.0
14246,31.0,10.0,26.0,12.0
14247,31.0,10.0,27.0,17.0
14248,31.0,10.0,26.0,12.0
14249,31.0,10.0,32.0,10.0
14250,31.0,10.0,28.0,14.0
14251,31.0,10.0,31.0,10.0
14252,31.0,10.0,31.0,11.0
14253,31.0,10.0,30.0,13.0
14254,31.0,10.0,28.0,14.0
14255,31.0,10.0,30.0,13.0
14256,31.0,10.0,26.0,12.0
14257,31.0,10.0,32.0,10.0
14258,31.0,10.0,26.0,12.0
14259,31.0,10.0,31.0,11.0
14260,31.0,10.0,28.0,14.0
14261,31.0,10.0,32.0,10.0
14262,31.0,10.0,31.0,10.0
14263,31.0,10.0,30.0,13.0
14264,31.0,10.0,27.0,17.0
14265,31.0,10.0,28.0,14.0
14266,31.0,10.0,28.0,14.0
14267,31.0,10.0,26.0,12.0
14268,31.0,10.0,32.0,10.0
14269,31.0,10.0,26.0,12.0
14270,31.0,10.0,31.0,10.0
14271,31.0,10.0,31.0,11.0
14272,31.0,10.0,31.0,11.0
14273,31.0,10.0,30.0,13.0
14274,31.0,10.0,28.0,14.0
14275,31.0,10.0,31.0,10.0
14276,31.0,10.0,32.0,10.0
14277,31.0,10.0,31.0,11.0
14278,31.0,10.0,31.0,10.0
14279,31.0,10.0,26.0,12.0
14280,31.0,10.0,31.0,11.0
14281,31.0,10.0,26.0,12.0
14282,31.0,10.0,26.0,12.0
14283,31.0,10.0,31.0,11.0
14284,31.0,10.0,31.0,10.0
14285,31.0,10.0,28.0,14.0
14286,31.0,10.0,28.0,14.0
14287,31.0,10.0,28.0,14.0
14288,31.0,10.0,31.0,10.0
14289,31.0,10.0,30.0,13.0
14290,31.0,10.0,31.0,11.0
14291,31.0,10.0,31.0,11.0
14292,31.0,10.0,28.0,14.0
14293,31.0,10.0,32.0,10.0
14294,31.0,10.0,32.0,10.0
14295,31.0,10.0,32.0,10.0
14296,31.0,10.0,26.0,12.0
14297,31.0,10.0,31.0,10.0
14298,31.0,10.0,31.0,10.0
14299,31.0,10.0,28.0,14.0
14300,31.0,10.0,31.0,10.0
14301,31.0,10.0,31.0,10.0
14302,31.0,10.0,31.0,11.0
14303,31.0,10.0,32.0,10.0
14304,31.0,10.0,28.0,14.0
14305,31.0,10.0,31.0,11.0
14306,31.0,10.0,31.0,10.0
14307,31.0,10.0,28.0,14.0
14308,31.0,10.0,31.0,10.0
14309,31.0,10.0,31.0,10.0
14310,31.0,10.0,31.0,10.0
14311,31.0,10.0,31.0,10.0
14312,31.0,10.0,32.0,10.0
14313,31.0,10.0,31.0,11.0
14314,31.0,10.0,28.0,14.0
14315,31.0,10.0,31.0,10.0
14316,31.0,10.0,31.0,10.0
14317,31.0,10.0,31.0,10.0
14318,31.0,10.0,31.0,11.0
14319,31.0,10.0,31.0,10.0
14320,31.0,10.0,31.0,10.0
14321,31.0,10.0,27.0,17.0
14322,31.0,10.0,27.0,17.0
14323,31.0,10.0,27.0,17.0
14324,31.0,10.0,27.0,17.0
14325,31.0,10.0,27.0,17.0
14326,31.0,10.0,26.0,12.0
14327,31.0,10.0,32.0,10.0
14328,31.0,10.0,31.0,10.0
14329,31.0,10.0,28.0,14.0
14330,31.0,10.0,28.0,14.0
14331,31.0,10.0,26.0,12.0
14332,31.0,10.0,27.0,17.0
14333,31.0,10.0,31.0,11.0
14334,31.0,10.0,31.0,11.0
14335,31.0,10.0,30.0,13.0
14336,31.0,10.0,31.0,11.0
14337,31.0,10.0,31.0,10.0
14338,31.0,10.0,32.0,10.0
14339,31.0,10.0,31.0,10.0
14340,31.0,10.0,32.0,10.0
14341,31.0,10.0,31.0,10.0
14342,31.0,10.0,28.0,14.0
14343,31.0,10.0,30.0,13.0
14344,31.0,10.0,31.0,11.0
14345,31.0,10.0,31.0,10.0
14346,31.0,10.0,31.0,10.0
14347,31.0,10.0,27.0,17.0
14348,31.0,10.0,27.0,17.0
14349,31.0,10.0,31.0,10.0
14350,31.0,10.0,31.0,10.0
14351,31.0,10.0,31.0,10.0
14352,31.0,10.0,28.0,14.0
14353,31.0,10.0,27.0,17.0
14354,31.0,10.0,30.0,13.0
14355,31.0,10.0,26.0,12.0
14356,31.0,10.0,31.0,10.0
14357,31.0,10.0,28.0,14.0
14358,31.0,10.0,26.0,12.0
14359,31.0,10.0,32.0,10.0
14360,31.0,10.0,32.0,10.0
14361,31.0,10.0,31.0,10.0
14362,31.0,10.0,31.0,11.0
14363,31.0,10.0,30.0,13.0
14364,31.0,10.0,28.0,14.0
14365,31.0,10.0,31.0,10.0
14366,31.0,10.0,27.0,17.0
14367,31.0,10.0,30.0,13.0
14368,31.0,10.0,27.0,17.0
14369,31.0,10.0,30.0,13.0
14370,31.0,10.0,31.0,11.0
14371,31.0,10.0,28.0,14.0
14372,31.0,10.0,26.0,12.0
14373,31.0,10.0,28.0,14.0
14374,31.0,10.0,27.0,17.0
14375,31.0,10.0,27.0,17.0
14376,31.0,10.0,31.0,10.0
14377,31.0,10.0,28.0,14.0
14378,31.0,10.0,30.0,13.0
14379,31.0,10.0,31.0,11.0
14380,31.0,10.0,30.0,13.0
14381,31.0,10.0,26.0,12.0
14382,31.0,10.0,31.0,11.0
14383,31.0,10.0,28.0,14.0
14384,31.0,10.0,26.0,12.0
14385,31.0,10.0,30.0,13.0
14386,31.0,10.0,28.0,14.0
14387,31.0,10.0,27.0,17.0
14388,31.0,10.0,27.0,17.0
14389,31.0,10.0,31.0,10.0
14390,31.0,10.0,31.0,11.0
14391,31.0,10.0,28.0,14.0
14392,31.0,10.0,30.0,13.0
14393,31.0,10.0,31.0,11.0
14394,31.0,10.0,26.0,12.0
14395,31.0,10.0,31.0,10.0
14396,31.0,10.0,32.0,10.0
14397,31.0,10.0,27.0,17.0
14398,31.0,10.0,28.0,14.0
14399,31.0,10.0,30.0,13.0
14400,31.0,10.0,27.0,17.0
14401,31.0,10.0,30.0,13.0
14402,31.0,10.0,28.0,14.0
14403,31.0,10.0,26.0,12.0
14404,31.0,10.0,31.0,10.0
14405,31.0,10.0,31.0,10.0
14406,31.0,10.0,32.0,10.0
14407,31.0,10.0,31.0,10.0
14408,31.0,10.0,27.0,17.0
14409,31.0,10.0,31.0,10.0
14410,31.0,10.0,30.0,13.0
14411,31.0,10.0,26.0,12.0
14412,31.0,10.0,31.0,10.0
14413,31.0,10.0,27.0,17.0
14414,31.0,10.0,26.0,12.0
14415,31.0,10.0,27.0,17.0
14416,31.0,10.0,31.0,10.0
14417,31.0,10.0,28.0,14.0
14418,31.0,10.0,31.0,10.0
14419,31.0,10.0,32.0,10.0
14420,31.0,10.0,31.0,10.0
14421,31.0,10.0,28.0,14.0
14422,31.0,10.0,26.0,12.0
14423,31.0,10.0,26.0,12.0
14424,31.0,10.0,28.0,14.0
14425,31.0,10.0,32.0,10.0
14426,31.0,10.0,27.0,17.0
14427,31.0,10.0,27.0,17.0
14428,31.0,10.0,31.0,10.0
14429,31.0,10.0,31.0,11.0
14430,31.0,10.0,30.0,13.0
14431,31.0,10.0,26.0,12.0
14432,31.0,10.0,28.0,14.0
14433,31.0,10.0,30.0,13.0
14434,31.0,10.0,26.0,12.0
14435,31.0,10.0,30.0,13.0
14436,31.0,10.0,28.0,14.0
14437,31.0,10.0,27.0,17.0
14438,31.0,10.0,27.0,17.0
14439,31.0,10.0,32.0,10.0
14440,31.0,10.0,27.0,17.0
14441,31.0,10.0,32.0,10.0
14442,31.0,10.0,30.0,13.0
14443,31.0,10.0,32.0,10.0
14444,31.0,10.0,31.0,10.0
14445,31.0,10.0,28.0,14.0
14446,31.0,10.0,32.0,10.0
14447,31.0,10.0,30.0,13.0
14448,31.0,10.0,28.0,14.0
14449,31.0,10.0,32.0,10.0
14450,31.0,10.0,27.0,17.0
14451,31.0,10.0,31.0,10.0
14452,31.0,10.0,26.0,12.0
14453,31.0,10.0,32.0,10.0
14454,31.0,10.0,31.0,10.0
14455,31.0,10.0,31.0,10.0
14456,31.0,10.0,28.0,14.0
14457,31.0,10.0,31.0,10.0
14458,31.0,10.0,27.0,17.0
14459,31.0,10.0,32.0,10.0
14460,31.0,10.0,27.0,17.0
14461,31.0,10.0,31.0,10.0
14462,31.0,10.0,31.0,10.0
14463,31.0,10.0,27.0,17.0
14464,31.0,10.0,31.0,10.0
14465,31.0,10.0,28.0,14.0
14466,31.0,10.0,31.0,11.0
14467,31.0,10.0,31.0,11.0
14468,31.0,10.0,31.0,10.0
14469,31.0,10.0,28.0,14.0
14470,31.0,10.0,28.0,14.0
14471,31.0,10.0,31.0,10.0
14472,31.0,10.0,27.0,17.0
14473,31.0,10.0,31.0,10.0
14474,31.0,10.0,27.0,17.0
14475,31.0,10.0,28.0,14.0
14476,31.0,10.0,28.0,14.0
14477,31.0,10.0,31.0,10.0
14478,31.0,10.0,26.0,12.0
14479,31.0,10.0,30.0,13.0
14480,31.0,10.0,27.0,17.0
14481,31.0,10.0,31.0,10.0
14482,31.0,10.0,31.0,10.0
14483,31.0,10.0,28.0,14.0
14484,31.0,10.0,31.0,11.0
14485,31.0,10.0,31.0,11.0
14486,31.0,10.0,28.0,14.0
14487,31.0,10.0,31.0,10.0
14488,31.0,10.0,28.0,14.0
14489,31.0,10.0,31.0,10.0
14490,31.0,10.0,30.0,13.0
14491,31.0,10.0,26.0,12.0
14492,31.0,10.0,31.0,10.0
14493,31.0,10.0,28.0,14.0
14494,31.0,10.0,32.0,10.0
14495,31.0,10.0,26.0,12.0
14496,31.0,10.0,30.0,13.0
14497,31.0,10.0,30.0,13.0
14498,31.0,10.0,31.0,11.0
14499,31.0,10.0,28.0,14.0
14500,31.0,10.0,31.0,10.0
14501,31.0,10.0,31.0,11.0
14502,31.0,10.0,30.0,13.0
14503,31.0,10.0,28.0,14.0
14504,31.0,10.0,26.0,12.0
14505,31.0,10.0,32.0,10.0
14506,31.0,10.0,26.0,12.0
14507,31.0,10.0,27.0,17.0
14508,31.0,10.0,28.0,14.0
14509,31.0,10.0,28.0,14.0
14510,31.0,10.0,32.0,10.0
14511,31.0,10.0,32.0,10.0
14512,31.0,10.0,31.0,10.0
14513,31.0,10.0,31.0,10.0
14514,31.0,10.0,26.0,12.0
14515,31.0,10.0,28.0,14.0
14516,31.0,10.0,27.0,17.0
14517,31.0,10.0,30.0,13.0
14518,31.0,10.0,32.0,10.0
14519,31.0,10.0,31.0,10.0
14520,31.0,10.0,27.0,17.0
14521,31.0,10.0,31.0,10.0
14522,31.0,10.0,31.0,10.0
14523,31.0,10.0,31.0,11.0
14524,31.0,10.0,26.0,12.0
14525,31.0,10.0,31.0,11.0
14526,31.0,10.0,31.0,10.0
14527,31.0,10.0,31.0,11.0
14528,31.0,10.0,32.0,10.0
14529,31.0,10.0,31.0,10.0
14530,31.0,10.0,31.0,10.0
14531,31.0,10.0,31.0,10.0
14532,31.0,10.0,32.0,10.0
14533,31.0,10.0,30.0,13.0
14534,31.0,10.0,26.0,12.0
14535,31.0,10.0,28.0,14.0
14536,31.0,10.0,31.0,10.0
14537,31.0,10.0,31.0,11.0
14538,31.0,10.0,31.0,10.0
14539,31.0,10.0,31.0,10.0
14540,31.0,10.0,28.0,14.0
14541,31.0,10.0,28.0,14.0
14542,31.0,10.0,31.0,11.0
14543,31.0,10.0,31.0,10.0
14544,31.0,10.0,30.0,13.0
14545,31.0,10.0,31.0,10.0
14546,31.0,10.0,31.0,10.0
14547,31.0,10.0,27.0,17.0
14548,31.0,10.0,31.0,11.0
14549,31.0,10.0,26.0,12.0
14550,31.0,10.0,26.0,12.0
14551,31.0,10.0,27.0,17.0
14552,31.0,10.0,30.0,13.0
14553,31.0,10.0,32.0,10.0
14554,31.0,10.0,30.0,13.0
14555,31.0,10.0,30.0,13.0
14556,31.0,10.0,27.0,17.0
14557,31.0,10.0,26.0,12.0
14558,31.0,10.0,31.0,11.0
14559,31.0,10.0,31.0,11.0
14560,31.0,10.0,31.0,10.0
14561,31.0,10.0,26.0,12.0
14562,31.0,10.0,26.0,12.0
14563,31.0,10.0,28.0,14.0
14564,31.0,10.0,30.0,13.0
14565,31.0,10.0,31.0,10.0
14566,31.0,10.0,26.0,12.0
14567,31.0,10.0,31.0,10.0
14568,31.0,10.0,32.0,10.0
14569,31.0,10.0,32.0,10.0
14570,31.0,10.0,30.0,13.0
14571,31.0,10.0,30.0,13.0
14572,31.0,10.0,26.0,12.0
14573,31.0,10.0,27.0,17.0
14574,31.0,10.0,31.0,10.0
14575,31.0,10.0,28.0,14.0
14576,31.0,10.0,28.0,14.0
14577,31.0,10.0,32.0,10.0
14578,31.0,10.0,31.0,11.0
14579,31.0,10.0,31.0,10.0
14580,31.0,10.0,27.0,17.0
14581,31.0,10.0,27.0,17.0
14582,31.0,10.0,32.0,10.0
14583,31.0,10.0,32.0,10.0
14584,31.0,10.0,27.0,17.0
14585,31.0,10.0,28.0,14.0
14586,31.0,10.0,31.0,10.0
14587,31.0,10.0,32.0,10.0
14588,31.0,10.0,28.0,14.0
14589,31.0,10.0,31.0,10.0
14590,31.0,10.0,27.0,17.0
14591,31.0,10.0,27.0,17.0
14592,31.0,10.0,26.0,12.0
14593,31.0,10.0,31.0,10.0
14594,31.0,10.0,30.0,13.0
14595,31.0,10.0,30.0,13.0
14596,31.0,10.0,31.0,10.0
14597,31.0,10.0,32.0,10.0
14598,31.0,10.0,28.0,14.0
14599,31.0,10.0,27.0,17.0
14600,31.0,10.0,28.0,14.0
14601,31.0,10.0,31.0,10.0
14602,31.0,10.0,28.0,14.0
14603,31.0,10.0,28.0,14.0
14604,31.0,10.0,27.0,17.0
14605,31.0,10.0,32.0,10.0
14606,31.0,10.0,30.0,13.0
14607,31.0,10.0,26.0,12.0
14608,31.0,10.0,28.0,14.0
14609,31.0,10.0,30.0,13.0
14610,31.0,10.0,32.0,10.0
14611,31.0,10.0,30.0,13.0
14612,31.0,10.0,30.0,13.0
14613,31.0,10.0,31.0,10.0
14614,31.0,10.0,26.0,12.0
14615,31.0,10.0,31.0,10.0
14616,31.0,10.0,30.0,13.0
14617,31.0,10.0,30.0,13.0
14618,31.0,10.0,32.0,10.0
14619,31.0,10.0,27.0,17.0
14620,31.0,10.0,28.0,14.0
14621,31.0,10.0,31.0,11.0
14622,31.0,10.0,31.0,11.0
14623,31.0,10.0,26.0,12.0
14624,31.0,10.0,28.0,14.0
14625,31.0,10.0,32.0,10.0
14626,31.0,10.0,27.0,17.0
14627,31.0,10.0,26.0,12.0
14628,31.0,10.0,31.0,10.0
14629,31.0,10.0,31.0,10.0
14630,31.0,10.0,31.0,10.0
14631,31.0,10.0,31.0,10.0
14632,31.0,10.0,27.0,17.0
14633,31.0,10.0,27.0,17.0
14634,31.0,10.0,26.0,12.0
14635,31.0,10.0,31.0,10.0
14636,31.0,10.0,28.0,14.0
14637,31.0,10.0,31.0,10.0
14638,31.0,10.0,31.0,11.0
14639,31.0,10.0,31.0,10.0
14640,31.0,10.0,31.0,11.0
14641,31.0,10.0,31.0,10.0
14642,31.0,10.0,31.0,10.0
14643,31.0,10.0,28.0,14.0
14644,31.0,10.0,31.0,11.0
14645,31.0,10.0,26.0,12.0
14646,31.0,10.0,31.0,10.0
14647,31.0,10.0,26.0,12.0
14648,31.0,10.0,32.0,10.0
14649,31.0,10.0,31.0,10.0
14650,31.0,10.0,32.0,10.0
14651,31.0,10.0,27.0,17.0
14652,31.0,10.0,26.0,12.0
14653,31.0,10.0,28.0,14.0
14654,31.0,10.0,27.0,17.0
14655,31.0,10.0,28.0,14.0
14656,31.0,10.0,31.0,11.0
14657,31.0,10.0,27.0,17.0
14658,31.0,10.0,28.0,14.0
14659,31.0,10.0,31.0,10.0
14660,31.0,10.0,28.0,14.0
14661,31.0,10.0,26.0,12.0
14662,31.0,10.0,28.0,14.0
14663,31.0,10.0,26.0,12.0
14664,31.0,10.0,31.0,11.0
14665,31.0,10.0,31.0,11.0
14666,31.0,10.0,26.0,12.0
14667,31.0,10.0,32.0,10.0
14668,31.0,10.0,31.0,10.0
14669,31.0,10.0,26.0,12.0
14670,31.0,10.0,32.0,10.0
14671,31.0,10.0,26.0,12.0
14672,31.0,10.0,27.0,17.0
14673,31.0,10.0,26.0,12.0
14674,31.0,10.0,26.0,12.0
14675,31.0,10.0,26.0,12.0
14676,31.0,10.0,27.0,17.0
14677,31.0,10.0,26.0,12.0
14678,31.0,10.0,31.0,11.0
14679,31.0,10.0,26.0,12.0
14680,31.0,10.0,31.0,10.0
14681,31.0,10.0,27.0,17.0
14682,31.0,10.0,28.0,14.0
14683,31.0,10.0,30.0,13.0
14684,31.0,10.0,27.0,17.0
14685,31.0,10.0,31.0,11.0
14686,31.0,10.0,31.0,10.0
14687,31.0,10.0,31.0,10.0
14688,31.0,10.0,31.0,10.0
14689,31.0,10.0,26.0,12.0
14690,31.0,10.0,28.0,14.0
14691,31.0,10.0,32.0,10.0
14692,31.0,10.0,31.0,10.0
14693,31.0,10.0,31.0,10.0
14694,31.0,10.0,28.0,14.0
14695,31.0,10.0,27.0,17.0
14696,31.0,10.0,31.0,10.0
14697,31.0,10.0,28.0,14.0
14698,31.0,10.0,28.0,14.0
14699,31.0,10.0,31.0,10.0
14700,31.0,10.0,32.0,10.0
14701,31.0,10.0,31.0,11.0
14702,31.0,10.0,32.0,10.0
14703,31.0,10.0,27.0,17.0
14704,31.0,10.0,26.0,12.0
14705,31.0,10.0,31.0,10.0
14706,31.0,10.0,31.0,10.0
14707,31.0,10.0,30.0,13.0
14708,31.0,10.0,32.0,10.0
14709,31.0,10.0,31.0,10.0
14710,31.0,10.0,28.0,14.0
14711,31.0,10.0,31.0,10.0
14712,31.0,10.0,30.0,13.0
14713,31.0,10.0,31.0,10.0
14714,31.0,10.0,31.0,10.0
14715,31.0,10.0,26.0,12.0
14716,31.0,10.0,28.0,14.0
14717,31.0,10.0,31.0,11.0
14718,31.0,10.0,28.0,14.0
14719,31.0,10.0,31.0,10.0
14720,31.0,10.0,31.0,11.0
14721,31.0,10.0,28.0,14.0
14722,31.0,10.0,26.0,12.0
14723,31.0,10.0,32.0,10.0
14724,31.0,10.0,31.0,11.0
14725,31.0,10.0,30.0,13.0
14726,31.0,10.0,31.0,11.0
14727,31.0,10.0,31.0,10.0
14728,31.0,10.0,31.0,10.0
14729,31.0,10.0,31.0,11.0
14730,31.0,10.0,28.0,14.0
14731,31.0,10.0,31.0,10.0
14732,31.0,10.0,31.0,11.0
14733,31.0,10.0,27.0,17.0
14734,31.0,10.0,31.0,10.0
14735,31.0,10.0,31.0,10.0
14736,31.0,10.0,26.0,12.0
14737,31.0,10.0,31.0,10.0
14738,31.0,10.0,30.0,13.0
14739,31.0,10.0,26.0,12.0
14740,31.0,10.0,30.0,13.0
14741,31.0,10.0,31.0,10.0
14742,31.0,10.0,31.0,10.0
14743,31.0,10.0,31.0,11.0
14744,31.0,10.0,30.0,13.0
14745,31.0,10.0,27.0,17.0
14746,31.0,10.0,30.0,13.0
14747,31.0,10.0,31.0,10.0
14748,31.0,10.0,32.0,10.0
14749,31.0,10.0,32.0,10.0
14750,31.0,10.0,26.0,12.0
14751,31.0,10.0,27.0,17.0
14752,31.0,10.0,28.0,14.0
14753,31.0,10.0,31.0,10.0
14754,31.0,10.0,28.0,14.0
14755,31.0,10.0,31.0,10.0
14756,31.0,10.0,31.0,10.0
14757,31.0,10.0,30.0,13.0
14758,31.0,10.0,31.0,10.0
14759,31.0,10.0,31.0,11.0
14760,31.0,10.0,28.0,14.0
14761,31.0,10.0,31.0,10.0
14762,31.0,10.0,31.0,10.0
14763,31.0,10.0,27.0,17.0
14764,31.0,10.0,26.0,12.0
14765,31.0,10.0,30.0,13.0
14766,31.0,10.0,28.0,14.0
14767,31.0,10.0,31.0,10.0
14768,31.0,10.0,26.0,12.0
14769,31.0,10.0,31.0,11.0
14770,31.0,10.0,31.0,11.0
14771,31.0,10.0,31.0,11.0
14772,31.0,10.0,31.0,10.0
14773,31.0,10.0,31.0,10.0
14774,31.0,10.0,31.0,10.0
14775,31.0,10.0,31.0,10.0
14776,31.0,10.0,27.0,17.0
14777,31.0,10.0,31.0,10.0
14778,31.0,10.0,31.0,10.0
14779,31.0,10.0,32.0,10.0
14780,31.0,10.0,31.0,11.0
14781,31.0,10.0,26.0,12.0
14782,31.0,10.0,31.0,11.0
14783,31.0,10.0,27.0,17.0
14784,31.0,10.0,28.0,14.0
14785,31.0,10.0,27.0,17.0
14786,31.0,10.0,31.0,10.0
14787,31.0,10.0,32.0,10.0
14788,31.0,10.0,31.0,10.0
14789,31.0,10.0,26.0,12.0
14790,31.0,10.0,32.0,10.0
14791,31.0,10.0,27.0,17.0
14792,31.0,10.0,31.0,11.0
14793,31.0,10.0,26.0,12.0
14794,31.0,10.0,31.0,11.0
14795,31.0,10.0,28.0,14.0
14796,31.0,10.0,31.0,10.0
14797,31.0,10.0,31.0,10.0
14798,31.0,10.0,32.0,10.0
14799,31.0,10.0,31.0,10.0
14800,31.0,10.0,27.0,17.0
14801,31.0,10.0,26.0,12.0
14802,31.0,10.0,31.0,10.0
14803,31.0,10.0,31.0,11.0
14804,31.0,10.0,27.0,17.0
14805,31.0,10.0,31.0,10.0
14806,31.0,10.0,26.0,12.0
14807,31.0,10.0,27.0,17.0
14808,31.0,10.0,31.0,11.0
14809,31.0,10.0,32.0,10.0
14810,31.0,10.0,32.0,10.0
14811,31.0,10.0,28.0,14.0
14812,31.0,10.0,30.0,13.0
14813,31.0,10.0,28.0,14.0
14814,31.0,10.0,31.0,11.0
14815,31.0,10.0,26.0,12.0
14816,31.0,10.0,30.0,13.0
14817,31.0,10.0,31.0,10.0
14818,31.0,10.0,26.0,12.0
14819,31.0,10.0,26.0,12.0
14820,31.0,10.0,31.0,10.0
14821,31.0,10.0,30.0,13.0
14822,31.0,10.0,28.0,14.0
14823,31.0,10.0,28.0,14.0
14824,31.0,10.0,31.0,10.0
14825,31.0,10.0,30.0,13.0
14826,31.0,10.0,31.0,11.0
14827,31.0,10.0,28.0,14.0
14828,31.0,10.0,27.0,17.0
14829,31.0,10.0,27.0,17.0
14830,31.0,10.0,31.0,10.0
14831,31.0,10.0,31.0,10.0
14832,31.0,10.0,27.0,17.0
14833,31.0,10.0,32.0,10.0
14834,31.0,10.0,28.0,14.0
14835,31.0,10.0,28.0,14.0
14836,31.0,10.0,31.0,10.0
14837,31.0,10.0,31.0,10.0
14838,31.0,10.0,28.0,14.0
14839,31.0,10.0,26.0,12.0
14840,31.0,10.0,31.0,10.0
14841,31.0,10.0,31.0,10.0
14842,31.0,10.0,28.0,14.0
14843,31.0,10.0,26.0,12.0
14844,31.0,10.0,28.0,14.0
14845,31.0,10.0,28.0,14.0
14846,31.0,10.0,31.0,10.0
14847,31.0,10.0,30.0,13.0
14848,31.0,10.0,31.0,11.0
14849,31.0,10.0,31.0,10.0
14850,31.0,10.0,28.0,14.0
14851,31.0,10.0,31.0,10.0
14852,31.0,10.0,31.0,10.0
14853,31.0,10.0,27.0,17.0
14854,31.0,10.0,31.0,10.0
14855,31.0,10.0,31.0,10.0
14856,31.0,10.0,31.0,10.0
14857,31.0,10.0,28.0,14.0
14858,31.0,10.0,26.0,12.0
14859,31.0,10.0,32.0,10.0
14860,31.0,10.0,31.0,11.0
14861,31.0,10.0,31.0,11.0
14862,31.0,10.0,28.0,14.0
14863,31.0,10.0,31.0,10.0
14864,31.0,10.0,31.0,11.0
14865,31.0,10.0,31.0,10.0
14866,31.0,10.0,32.0,10.0
14867,31.0,10.0,32.0,10.0
14868,31.0,10.0,31.0,10.0
14869,31.0,10.0,31.0,10.0
14870,31.0,10.0,31.0,11.0
14871,31.0,10.0,28.0,14.0
14872,31.0,10.0,31.0,11.0
14873,31.0,10.0,31.0,11.0
14874,31.0,10.0,28.0,14.0
14875,31.0,10.0,30.0,13.0
14876,31.0,10.0,28.0,14.0
14877,31.0,10.0,31.0,10.0
14878,31.0,10.0,30.0,13.0
14879,31.0,10.0,26.0,12.0
14880,31.0,10.0,28.0,14.0
14881,31.0,10.0,28.0,14.0
14882,31.0,10.0,31.0,10.0
14883,31.0,10.0,27.0,17.0
14884,31.0,10.0,31.0,10.0
14885,31.0,10.0,27.0,17.0
14886,31.0,10.0,27.0,17.0
14887,31.0,10.0,31.0,11.0
14888,31.0,10.0,31.0,11.0
14889,31.0,10.0,31.0,11.0
14890,31.0,10.0,27.0,17.0
14891,31.0,10.0,31.0,11.0
14892,31.0,10.0,26.0,12.0
14893,31.0,10.0,27.0,17.0
14894,31.0,10.0,27.0,17.0
14895,31.0,10.0,28.0,14.0
14896,31.0,10.0,26.0,12.0
14897,31.0,10.0,28.0,14.0
14898,31.0,10.0,26.0,12.0
14899,31.0,10.0,31.0,11.0
14900,31.0,10.0,28.0,14.0
14901,31.0,10.0,27.0,17.0
14902,31.0,10.0,31.0,10.0
14903,31.0,10.0,28.0,14.0
14904,31.0,10.0,26.0,12.0
14905,31.0,10.0,31.0,10.0
14906,31.0,10.0,30.0,13.0
14907,31.0,10.0,31.0,10.0
14908,31.0,10.0,28.0,14.0
14909,31.0,10.0,30.0,13.0
14910,31.0,10.0,28.0,14.0
14911,31.0,10.0,31.0,11.0
14912,31.0,10.0,32.0,10.0
14913,31.0,10.0,31.0,10.0
14914,31.0,10.0,31.0,10.0
14915,31.0,10.0,31.0,10.0
14916,31.0,10.0,28.0,14.0
14917,31.0,10.0,30.0,13.0
14918,31.0,10.0,31.0,10.0
14919,31.0,10.0,27.0,17.0
14920,31.0,10.0,28.0,14.0
14921,31.0,10.0,31.0,11.0
14922,31.0,10.0,31.0,10.0
14923,31.0,10.0,30.0,13.0
14924,31.0,10.0,31.0,10.0
14925,31.0,10.0,30.0,13.0
14926,31.0,10.0,31.0,11.0
14927,31.0,10.0,28.0,14.0
14928,31.0,10.0,31.0,10.0
14929,31.0,10.0,31.0,10.0
14930,31.0,10.0,28.0,14.0
14931,31.0,10.0,31.0,11.0
14932,31.0,10.0,27.0,17.0
14933,31.0,10.0,28.0,14.0
14934,31.0,10.0,31.0,10.0
14935,31.0,10.0,28.0,14.0
14936,31.0,10.0,27.0,17.0
14937,31.0,10.0,32.0,10.0
14938,31.0,10.0,26.0,12.0
14939,31.0,10.0,27.0,17.0
14940,31.0,10.0,31.0,10.0
14941,31.0,10.0,30.0,13.0
14942,31.0,10.0,31.0,10.0
14943,31.0,10.0,31.0,10.0
14944,31.0,10.0,31.0,11.0
14945,31.0,10.0,27.0,17.0
14946,31.0,10.0,31.0,10.0
14947,31.0,10.0,31.0,10.0
14948,31.0,10.0,28.0,14.0
14949,31.0,10.0,27.0,17.0
14950,31.0,10.0,31.0,10.0
14951,31.0,10.0,27.0,17.0
14952,31.0,10.0,31.0,10.0
14953,31.0,10.0,30.0,13.0
14954,31.0,10.0,31.0,10.0
14955,31.0,10.0,27.0,17.0
14956,31.0,10.0,27.0,17.0
14957,31.0,10.0,28.0,14.0
14958,31.0,10.0,27.0,17.0
14959,31.0,10.0,26.0,12.0
14960,31.0,10.0,27.0,17.0
14961,31.0,10.0,27.0,17.0
14962,31.0,10.0,27.0,17.0
14963,31.0,10.0,27.0,17.0
14964,31.0,10.0,30.0,13.0
14965,31.0,10.0,27.0,17.0
14966,31.0,10.0,30.0,13.0
14967,31.0,10.0,26.0,12.0
14968,31.0,10.0,30.0,13.0
14969,31.0,10.0,32.0,10.0
14970,31.0,10.0,31.0,10.0
14971,31.0,10.0,26.0,12.0
14972,31.0,10.0,28.0,14.0
14973,31.0,10.0,31.0,10.0
14974,31.0,10.0,32.0,10.0
14975,31.0,10.0,32.0,10.0
14976,31.0,10.0,32.0,10.0
14977,31.0,10.0,31.0,10.0
14978,31.0,10.0,31.0,10.0
14979,31.0,10.0,28.0,14.0
14980,31.0,10.0,32.0,10.0
14981,31.0,10.0,31.0,11.0
14982,31.0,10.0,32.0,10.0
14983,31.0,10.0,27.0,17.0
14984,31.0,10.0,31.0,10.0
14985,31.0,10.0,30.0,13.0
14986,31.0,10.0,32.0,10.0
14987,31.0,10.0,26.0,12.0
14988,31.0,10.0,31.0,11.0
14989,31.0,10.0,27.0,17.0
14990,31.0,10.0,31.0,10.0
14991,31.0,10.0,26.0,12.0
14992,31.0,10.0,30.0,13.0
14993,31.0,10.0,30.0,13.0
14994,31.0,10.0,28.0,14.0
14995,31.0,10.0,31.0,10.0
14996,31.0,10.0,31.0,10.0
14997,31.0,10.0,31.0,11.0
14998,31.0,10.0,31.0,11.0
14999,31.0,10.0,31.0,11.0
15000,31.0,10.0,31.0,10.0
15001,31.0,10.0,28.0,14.0
15002,31.0,10.0,31.0,10.0
15003,31.0,10.0,28.0,14.0
15004,31.0,10.0,31.0,11.0
15005,31.0,10.0,28.0,14.0
15006,31.0,10.0,32.0,10.0
15007,31.0,10.0,28.0,14.0
15008,31.0,10.0,31.0,10.0
15009,31.0,10.0,31.0,11.0
15010,31.0,10.0,32.0,10.0
15011,31.0,10.0,31.0,10.0
15012,31.0,10.0,26.0,12.0
15013,31.0,10.0,32.0,10.0
15014,31.0,10.0,32.0,10.0
15015,31.0,10.0,31.0,11.0
15016,31.0,10.0,31.0,11.0
15017,31.0,10.0,27.0,17.0
15018,31.0,10.0,26.0,12.0
15019,31.0,10.0,31.0,11.0
15020,31.0,10.0,31.0,10.0
15021,31.0,10.0,32.0,10.0
15022,31.0,10.0,30.0,13.0
15023,31.0,10.0,30.0,13.0
15024,31.0,10.0,27.0,17.0
15025,31.0,10.0,26.0,12.0
15026,31.0,10.0,31.0,10.0
15027,31.0,10.0,32.0,10.0
15028,31.0,10.0,28.0,14.0
15029,31.0,10.0,31.0,10.0
15030,31.0,10.0,27.0,17.0
15031,31.0,10.0,28.0,14.0
15032,31.0,10.0,28.0,14.0
15033,31.0,10.0,26.0,12.0
15034,31.0,10.0,28.0,14.0
15035,31.0,10.0,26.0,12.0
15036,31.0,10.0,30.0,13.0
15037,31.0,10.0,31.0,10.0
15038,31.0,10.0,31.0,11.0
15039,31.0,10.0,30.0,13.0
15040,31.0,10.0,26.0,12.0
15041,31.0,10.0,27.0,17.0
15042,31.0,10.0,26.0,12.0
15043,31.0,10.0,28.0,14.0
15044,31.0,10.0,26.0,12.0
15045,31.0,10.0,30.0,13.0
15046,31.0,10.0,31.0,10.0
15047,31.0,10.0,31.0,10.0
15048,31.0,10.0,30.0,13.0
15049,31.0,10.0,26.0,12.0
15050,31.0,10.0,26.0,12.0
15051,31.0,10.0,31.0,10.0
15052,31.0,10.0,26.0,12.0
15053,31.0,10.0,31.0,10.0
15054,31.0,10.0,28.0,14.0
15055,31.0,10.0,27.0,17.0
15056,31.0,10.0,31.0,10.0
15057,31.0,10.0,31.0,10.0
15058,31.0,10.0,27.0,17.0
15059,31.0,10.0,27.0,17.0
15060,31.0,10.0,31.0,10.0
15061,31.0,10.0,31.0,10.0
15062,31.0,10.0,31.0,10.0
15063,31.0,10.0,31.0,11.0
15064,31.0,10.0,31.0,10.0
15065,31.0,10.0,32.0,10.0
15066,31.0,10.0,28.0,14.0
15067,31.0,10.0,26.0,12.0
15068,31.0,10.0,31.0,10.0
15069,31.0,10.0,31.0,11.0
15070,31.0,10.0,31.0,11.0
15071,31.0,10.0,28.0,14.0
15072,31.0,10.0,31.0,11.0
15073,31.0,10.0,27.0,17.0
15074,31.0,10.0,31.0,10.0
15075,31.0,10.0,32.0,10.0
15076,31.0,10.0,31.0,10.0
15077,31.0,10.0,31.0,11.0
15078,31.0,10.0,31.0,10.0
15079,31.0,10.0,30.0,13.0
15080,31.0,10.0,32.0,10.0
15081,31.0,10.0,28.0,14.0
15082,31.0,10.0,31.0,10.0
15083,31.0,10.0,30.0,13.0
15084,31.0,10.0,30.0,13.0
15085,31.0,10.0,27.0,17.0
15086,31.0,10.0,30.0,13.0
15087,31.0,10.0,27.0,17.0
15088,31.0,10.0,28.0,14.0
15089,31.0,10.0,28.0,14.0
15090,31.0,10.0,31.0,10.0
15091,31.0,10.0,31.0,10.0
15092,31.0,10.0,31.0,10.0
15093,31.0,10.0,31.0,10.0
15094,31.0,10.0,30.0,13.0
15095,31.0,10.0,27.0,17.0
15096,31.0,10.0,28.0,14.0
15097,31.0,10.0,31.0,10.0
15098,31.0,10.0,28.0,14.0
15099,31.0,10.0,32.0,10.0
15100,31.0,10.0,31.0,10.0
15101,31.0,10.0,30.0,13.0
15102,31.0,10.0,28.0,14.0
15103,31.0,10.0,31.0,11.0
15104,31.0,10.0,31.0,10.0
15105,31.0,10.0,31.0,10.0
15106,31.0,10.0,28.0,14.0
15107,31.0,10.0,31.0,10.0
15108,31.0,10.0,31.0,10.0
15109,31.0,10.0,30.0,13.0
15110,31.0,10.0,27.0,17.0
15111,31.0,10.0,30.0,13.0
15112,31.0,10.0,31.0,10.0
15113,31.0,10.0,31.0,10.0
15114,31.0,10.0,31.0,10.0
15115,31.0,10.0,31.0,11.0
15116,31.0,10.0,32.0,10.0
15117,31.0,10.0,31.0,10.0
15118,31.0,10.0,31.0,10.0
15119,31.0,10.0,27.0,17.0
15120,31.0,10.0,28.0,14.0
15121,31.0,10.0,28.0,14.0
15122,31.0,10.0,28.0,14.0
15123,31.0,10.0,27.0,17.0
15124,31.0,10.0,28.0,14.0
15125,31.0,10.0,31.0,10.0
15126,31.0,10.0,28.0,14.0
15127,31.0,10.0,28.0,14.0
15128,31.0,10.0,30.0,13.0
15129,31.0,10.0,31.0,11.0
15130,31.0,10.0,31.0,10.0
15131,31.0,10.0,28.0,14.0
15132,31.0,10.0,31.0,10.0
15133,31.0,10.0,31.0,11.0
15134,31.0,10.0,27.0,17.0
15135,31.0,10.0,27.0,17.0
15136,31.0,10.0,28.0,14.0
15137,31.0,10.0,31.0,11.0
15138,31.0,10.0,32.0,10.0
15139,31.0,10.0,32.0,10.0
15140,31.0,10.0,31.0,10.0
15141,31.0,10.0,26.0,12.0
15142,31.0,10.0,28.0,14.0
15143,31.0,10.0,31.0,10.0
15144,31.0,10.0,30.0,13.0
15145,31.0,10.0,28.0,14.0
15146,31.0,10.0,30.0,13.0
15147,31.0,10.0,27.0,17.0
15148,31.0,10.0,31.0,10.0
15149,31.0,10.0,28.0,14.0
15150,31.0,10.0,30.0,13.0
15151,31.0,10.0,31.0,10.0
15152,31.0,10.0,32.0,10.0
15153,31.0,10.0,28.0,14.0
15154,31.0,10.0,26.0,12.0
15155,31.0,10.0,27.0,17.0
15156,31.0,10.0,28.0,14.0
15157,31.0,10.0,31.0,11.0
15158,31.0,10.0,28.0,14.0
15159,31.0,10.0,26.0,12.0
15160,31.0,10.0,31.0,10.0
15161,31.0,10.0,26.0,12.0
15162,31.0,10.0,28.0,14.0
15163,31.0,10.0,31.0,10.0
15164,31.0,10.0,26.0,12.0
15165,31.0,10.0,31.0,11.0
15166,31.0,10.0,26.0,12.0
15167,31.0,10.0,31.0,10.0
15168,31.0,10.0,28.0,14.0
15169,31.0,10.0,27.0,17.0
15170,31.0,10.0,28.0,14.0
15171,31.0,10.0,32.0,10.0
15172,31.0,10.0,31.0,10.0
15173,31.0,10.0,27.0,17.0
15174,31.0,10.0,32.0,10.0
15175,31.0,10.0,31.0,10.0
15176,31.0,10.0,27.0,17.0
15177,31.0,10.0,27.0,17.0
15178,31.0,10.0,31.0,10.0
15179,31.0,10.0,31.0,10.0
15180,31.0,10.0,26.0,12.0
15181,31.0,10.0,31.0,11.0
15182,31.0,10.0,31.0,11.0
15183,31.0,10.0,31.0,10.0
15184,31.0,10.0,31.0,10.0
15185,31.0,10.0,31.0,10.0
15186,31.0,10.0,30.0,13.0
15187,31.0,10.0,26.0,12.0
15188,31.0,10.0,27.0,17.0
15189,31.0,10.0,31.0,11.0
15190,31.0,10.0,31.0,10.0
15191,31.0,10.0,32.0,10.0
15192,31.0,10.0,31.0,10.0
15193,31.0,10.0,31.0,10.0
15194,31.0,10.0,26.0,12.0
15195,31.0,10.0,28.0,14.0
15196,31.0,10.0,32.0,10.0
15197,31.0,10.0,28.0,14.0
15198,31.0,10.0,28.0,14.0
15199,31.0,10.0,31.0,10.0
15200,31.0,10.0,27.0,17.0
15201,31.0,10.0,31.0,10.0
15202,31.0,10.0,28.0,14.0
15203,31.0,10.0,30.0,13.0
15204,31.0,10.0,30.0,13.0
15205,31.0,10.0,27.0,17.0
15206,31.0,10.0,31.0,10.0
15207,31.0,10.0,30.0,13.0
15208,31.0,10.0,31.0,11.0
15209,31.0,10.0,32.0,10.0
15210,31.0,10.0,27.0,17.0
15211,31.0,10.0,28.0,14.0
15212,31.0,10.0,26.0,12.0
15213,31.0,10.0,32.0,10.0
15214,31.0,10.0,27.0,17.0
15215,31.0,10.0,26.0,12.0
15216,31.0,10.0,27.0,17.0
15217,31.0,10.0,31.0,11.0
15218,31.0,10.0,27.0,17.0
15219,31.0,10.0,31.0,10.0
15220,31.0,10.0,27.0,17.0
15221,31.0,10.0,31.0,11.0
15222,31.0,10.0,32.0,10.0
15223,31.0,10.0,26.0,12.0
15224,31.0,10.0,31.0,10.0
15225,31.0,10.0,31.0,11.0
15226,31.0,10.0,27.0,17.0
15227,31.0,10.0,30.0,13.0
15228,31.0,10.0,31.0,10.0
15229,31.0,10.0,31.0,10.0
15230,31.0,10.0,26.0,12.0
15231,31.0,10.0,32.0,10.0
15232,31.0,10.0,31.0,10.0
15233,31.0,10.0,27.0,17.0
15234,31.0,10.0,26.0,12.0
15235,31.0,10.0,26.0,12.0
15236,31.0,10.0,31.0,10.0
15237,31.0,10.0,31.0,10.0
15238,31.0,10.0,26.0,12.0
15239,31.0,10.0,32.0,10.0
15240,31.0,10.0,31.0,10.0
15241,31.0,10.0,26.0,12.0
15242,31.0,10.0,31.0,10.0
15243,31.0,10.0,31.0,10.0
15244,31.0,10.0,30.0,13.0
15245,31.0,10.0,30.0,13.0
15246,31.0,10.0,31.0,10.0
15247,31.0,10.0,31.0,10.0
15248,31.0,10.0,31.0,10.0
15249,31.0,10.0,31.0,10.0
15250,31.0,10.0,31.0,10.0
15251,31.0,10.0,26.0,12.0
15252,31.0,10.0,30.0,13.0
15253,31.0,10.0,26.0,12.0
15254,31.0,10.0,32.0,10.0
15255,31.0,10.0,28.0,14.0
15256,31.0,10.0,31.0,10.0
15257,31.0,10.0,28.0,14.0
15258,31.0,10.0,28.0,14.0
15259,31.0,10.0,26.0,12.0
15260,31.0,10.0,31.0,11.0
15261,31.0,10.0,26.0,12.0
15262,31.0,10.0,31.0,10.0
15263,31.0,10.0,30.0,13.0
15264,31.0,10.0,26.0,12.0
15265,31.0,10.0,31.0,10.0
15266,31.0,10.0,31.0,11.0
15267,31.0,10.0,30.0,13.0
15268,31.0,10.0,26.0,12.0
15269,31.0,10.0,30.0,13.0
15270,31.0,10.0,31.0,11.0
15271,31.0,10.0,31.0,10.0
15272,31.0,10.0,31.0,10.0
15273,31.0,10.0,31.0,10.0
15274,31.0,10.0,28.0,14.0
15275,31.0,10.0,30.0,13.0
15276,31.0,10.0,28.0,14.0
15277,31.0,10.0,30.0,13.0
15278,31.0,10.0,28.0,14.0
15279,31.0,10.0,31.0,10.0
15280,31.0,10.0,27.0,17.0
15281,31.0,10.0,27.0,17.0
15282,31.0,10.0,31.0,10.0
15283,31.0,10.0,30.0,13.0
15284,31.0,10.0,31.0,10.0
15285,31.0,10.0,31.0,10.0
15286,31.0,10.0,26.0,12.0
15287,31.0,10.0,28.0,14.0
15288,31.0,10.0,32.0,10.0
15289,31.0,10.0,31.0,11.0
15290,31.0,10.0,26.0,12.0
15291,31.0,10.0,30.0,13.0
15292,31.0,10.0,26.0,12.0
15293,31.0,10.0,30.0,13.0
15294,31.0,10.0,30.0,13.0
15295,31.0,10.0,30.0,13.0
15296,31.0,10.0,31.0,10.0
15297,31.0,10.0,27.0,17.0
15298,31.0,10.0,28.0,14.0
15299,31.0,10.0,32.0,10.0
15300,31.0,10.0,31.0,10.0
15301,31.0,10.0,32.0,10.0
15302,31.0,10.0,28.0,14.0
15303,31.0,10.0,27.0,17.0
15304,31.0,10.0,31.0,10.0
15305,31.0,10.0,31.0,10.0
15306,31.0,10.0,31.0,10.0
15307,31.0,10.0,31.0,10.0
15308,31.0,10.0,31.0,11.0
15309,31.0,10.0,28.0,14.0
15310,31.0,10.0,26.0,12.0
15311,31.0,10.0,31.0,10.0
15312,31.0,10.0,31.0,10.0
15313,31.0,10.0,28.0,14.0
15314,31.0,10.0,27.0,17.0
15315,31.0,10.0,32.0,10.0
15316,31.0,10.0,31.0,10.0
15317,31.0,10.0,26.0,12.0
15318,31.0,10.0,27.0,17.0
15319,31.0,10.0,31.0,11.0
15320,31.0,10.0,30.0,13.0
15321,31.0,10.0,28.0,14.0
15322,31.0,10.0,32.0,10.0
15323,31.0,10.0,26.0,12.0
15324,31.0,10.0,31.0,10.0
15325,31.0,10.0,31.0,10.0
15326,31.0,10.0,31.0,10.0
15327,31.0,10.0,31.0,10.0
15328,31.0,10.0,31.0,10.0
15329,31.0,10.0,30.0,13.0
15330,31.0,10.0,31.0,10.0
15331,31.0,10.0,31.0,10.0
15332,31.0,10.0,26.0,12.0
15333,31.0,10.0,26.0,12.0
15334,31.0,10.0,26.0,12.0
15335,31.0,10.0,27.0,17.0
15336,31.0,10.0,26.0,12.0
15337,31.0,10.0,30.0,13.0
15338,31.0,10.0,31.0,10.0
15339,31.0,10.0,32.0,10.0
15340,31.0,10.0,26.0,12.0
15341,31.0,10.0,31.0,10.0
15342,31.0,10.0,28.0,14.0
15343,31.0,10.0,31.0,10.0
15344,31.0,10.0,31.0,10.0
15345,31.0,10.0,30.0,13.0
15346,31.0,10.0,26.0,12.0
15347,31.0,10.0,26.0,12.0
15348,31.0,10.0,30.0,13.0
15349,31.0,10.0,31.0,11.0
15350,31.0,10.0,31.0,11.0
15351,31.0,10.0,30.0,13.0
15352,31.0,10.0,32.0,10.0
15353,31.0,10.0,31.0,10.0
15354,31.0,10.0,31.0,11.0
15355,31.0,10.0,27.0,17.0
15356,31.0,10.0,26.0,12.0
15357,31.0,10.0,30.0,13.0
15358,31.0,10.0,31.0,10.0
15359,31.0,10.0,27.0,17.0
15360,31.0,10.0,27.0,17.0
15361,31.0,10.0,28.0,14.0
15362,31.0,10.0,30.0,13.0
15363,31.0,10.0,31.0,10.0
15364,31.0,10.0,31.0,10.0
15365,31.0,10.0,26.0,12.0
15366,31.0,10.0,31.0,11.0
15367,31.0,10.0,30.0,13.0
15368,31.0,10.0,31.0,10.0
15369,31.0,10.0,27.0,17.0
15370,31.0,10.0,31.0,10.0
15371,31.0,10.0,28.0,14.0
15372,31.0,10.0,32.0,10.0
15373,31.0,10.0,28.0,14.0
15374,31.0,10.0,26.0,12.0
15375,31.0,10.0,28.0,14.0
15376,31.0,10.0,26.0,12.0
15377,31.0,10.0,27.0,17.0
15378,31.0,10.0,27.0,17.0
15379,31.0,10.0,31.0,10.0
15380,31.0,10.0,32.0,10.0
15381,31.0,10.0,31.0,10.0
15382,31.0,10.0,31.0,10.0
15383,31.0,10.0,27.0,17.0
15384,31.0,10.0,32.0,10.0
15385,31.0,10.0,28.0,14.0
15386,31.0,10.0,31.0,11.0
15387,31.0,10.0,31.0,10.0
15388,31.0,10.0,30.0,13.0
15389,31.0,10.0,31.0,10.0
15390,31.0,10.0,26.0,12.0
15391,31.0,10.0,30.0,13.0
15392,31.0,10.0,26.0,12.0
15393,31.0,10.0,28.0,14.0
15394,31.0,10.0,28.0,14.0
15395,31.0,10.0,31.0,10.0
15396,31.0,10.0,31.0,10.0
15397,31.0,10.0,28.0,14.0
15398,31.0,10.0,31.0,11.0
15399,31.0,10.0,31.0,10.0
15400,31.0,10.0,28.0,14.0
15401,31.0,10.0,30.0,13.0
15402,31.0,10.0,31.0,10.0
15403,31.0,10.0,26.0,12.0
15404,31.0,10.0,31.0,10.0
15405,31.0,10.0,31.0,10.0
15406,31.0,10.0,31.0,11.0
15407,31.0,10.0,31.0,11.0
15408,31.0,10.0,31.0,10.0
15409,31.0,10.0,26.0,12.0
15410,31.0,10.0,32.0,10.0
15411,31.0,10.0,31.0,10.0
15412,31.0,10.0,30.0,13.0
15413,31.0,10.0,32.0,10.0
15414,31.0,10.0,31.0,10.0
15415,31.0,10.0,28.0,14.0
15416,31.0,10.0,26.0,12.0
15417,31.0,10.0,31.0,10.0
15418,31.0,10.0,26.0,12.0
15419,31.0,10.0,31.0,11.0
15420,31.0,10.0,32.0,10.0
15421,31.0,10.0,26.0,12.0
15422,31.0,10.0,31.0,10.0
15423,31.0,10.0,31.0,10.0
15424,31.0,10.0,31.0,10.0
15425,31.0,10.0,31.0,10.0
15426,31.0,10.0,30.0,13.0
15427,31.0,10.0,26.0,12.0
15428,31.0,10.0,28.0,14.0
15429,31.0,10.0,30.0,13.0
15430,31.0,10.0,31.0,10.0
15431,31.0,10.0,27.0,17.0
15432,31.0,10.0,31.0,10.0
15433,31.0,10.0,31.0,11.0
15434,31.0,10.0,31.0,11.0
15435,31.0,10.0,30.0,13.0
15436,31.0,10.0,30.0,13.0
15437,31.0,10.0,28.0,14.0
15438,31.0,10.0,31.0,10.0
15439,31.0,10.0,30.0,13.0
15440,31.0,10.0,31.0,10.0
15441,31.0,10.0,32.0,10.0
15442,31.0,10.0,26.0,12.0
15443,31.0,10.0,31.0,11.0
15444,31.0,10.0,31.0,10.0
15445,31.0,10.0,28.0,14.0
15446,31.0,10.0,30.0,13.0
15447,31.0,10.0,30.0,13.0
15448,31.0,10.0,26.0,12.0
15449,31.0,10.0,31.0,10.0
15450,31.0,10.0,28.0,14.0
15451,31.0,10.0,31.0,11.0
15452,31.0,10.0,31.0,10.0
15453,31.0,10.0,31.0,10.0
15454,31.0,10.0,28.0,14.0
15455,31.0,10.0,26.0,12.0
15456,31.0,10.0,28.0,14.0
15457,31.0,10.0,31.0,10.0
15458,31.0,10.0,28.0,14.0
15459,31.0,10.0,28.0,14.0
15460,31.0,10.0,30.0,13.0
15461,31.0,10.0,31.0,11.0
15462,31.0,10.0,30.0,13.0
15463,31.0,10.0,31.0,10.0
15464,31.0,10.0,31.0,11.0
15465,31.0,10.0,27.0,17.0
15466,31.0,10.0,26.0,12.0
15467,31.0,10.0,31.0,10.0
15468,31.0,10.0,32.0,10.0
15469,31.0,10.0,31.0,11.0
15470,31.0,10.0,32.0,10.0
15471,31.0,10.0,31.0,10.0
15472,31.0,10.0,31.0,10.0
15473,31.0,10.0,31.0,10.0
15474,31.0,10.0,31.0,11.0
15475,31.0,10.0,26.0,12.0
15476,31.0,10.0,26.0,12.0
15477,31.0,10.0,27.0,17.0
15478,31.0,10.0,32.0,10.0
15479,31.0,10.0,31.0,11.0
15480,31.0,10.0,31.0,10.0
15481,31.0,10.0,31.0,10.0
15482,31.0,10.0,31.0,10.0
15483,31.0,10.0,31.0,11.0
15484,31.0,10.0,32.0,10.0
15485,31.0,10.0,31.0,10.0
15486,31.0,10.0,26.0,12.0
15487,31.0,10.0,31.0,11.0
15488,31.0,10.0,32.0,10.0
15489,31.0,10.0,30.0,13.0
15490,31.0,10.0,28.0,14.0
15491,31.0,10.0,26.0,12.0
15492,31.0,10.0,30.0,13.0
15493,31.0,10.0,31.0,10.0
15494,31.0,10.0,31.0,10.0
15495,31.0,10.0,28.0,14.0
15496,31.0,10.0,26.0,12.0
15497,31.0,10.0,32.0,10.0
15498,31.0,10.0,32.0,10.0
15499,31.0,10.0,28.0,14.0
15500,31.0,10.0,30.0,13.0
15501,31.0,10.0,31.0,10.0
15502,31.0,10.0,30.0,13.0
15503,31.0,10.0,31.0,10.0
15504,31.0,10.0,28.0,14.0
15505,31.0,10.0,26.0,12.0
15506,31.0,10.0,30.0,13.0
15507,31.0,10.0,27.0,17.0
15508,31.0,10.0,31.0,10.0
15509,31.0,10.0,26.0,12.0
15510,31.0,10.0,27.0,17.0
15511,31.0,10.0,31.0,10.0
15512,31.0,10.0,32.0,10.0
15513,31.0,10.0,26.0,12.0
15514,31.0,10.0,30.0,13.0
15515,31.0,10.0,26.0,12.0
15516,31.0,10.0,31.0,10.0
15517,31.0,10.0,31.0,10.0
15518,31.0,10.0,31.0,10.0
15519,31.0,10.0,31.0,10.0
15520,31.0,10.0,32.0,10.0
15521,31.0,10.0,31.0,10.0
15522,31.0,10.0,30.0,13.0
15523,31.0,10.0,26.0,12.0
15524,31.0,10.0,31.0,10.0
15525,31.0,10.0,31.0,11.0
15526,31.0,10.0,31.0,10.0
15527,31.0,10.0,31.0,10.0
15528,31.0,10.0,32.0,10.0
15529,31.0,10.0,26.0,12.0
15530,31.0,10.0,26.0,12.0
15531,31.0,10.0,31.0,11.0
15532,31.0,10.0,30.0,13.0
15533,31.0,10.0,27.0,17.0
15534,31.0,10.0,27.0,17.0
15535,31.0,10.0,31.0,10.0
15536,31.0,10.0,28.0,14.0
15537,31.0,10.0,30.0,13.0
15538,31.0,10.0,26.0,12.0
15539,31.0,10.0,31.0,10.0
15540,31.0,10.0,28.0,14.0
15541,31.0,10.0,27.0,17.0
15542,31.0,10.0,28.0,14.0
15543,31.0,10.0,28.0,14.0
15544,31.0,10.0,31.0,10.0
15545,31.0,10.0,32.0,10.0
15546,31.0,10.0,31.0,11.0
15547,31.0,10.0,28.0,14.0
15548,31.0,10.0,31.0,10.0
15549,31.0,10.0,31.0,10.0
15550,31.0,10.0,31.0,10.0
15551,31.0,10.0,31.0,10.0
15552,31.0,10.0,27.0,17.0
15553,31.0,10.0,28.0,14.0
15554,31.0,10.0,26.0,12.0
15555,31.0,10.0,31.0,10.0
15556,31.0,10.0,31.0,10.0
15557,31.0,10.0,32.0,10.0
15558,31.0,10.0,28.0,14.0
15559,31.0,10.0,28.0,14.0
15560,31.0,10.0,27.0,17.0
15561,31.0,10.0,31.0,10.0
15562,31.0,10.0,31.0,11.0
15563,31.0,10.0,30.0,13.0
15564,31.0,10.0,31.0,10.0
15565,31.0,10.0,30.0,13.0
15566,31.0,10.0,30.0,13.0
15567,31.0,10.0,31.0,11.0
15568,31.0,10.0,32.0,10.0
15569,31.0,10.0,31.0,10.0
15570,31.0,10.0,31.0,10.0
15571,31.0,10.0,27.0,17.0
15572,31.0,10.0,31.0,10.0
15573,31.0,10.0,31.0,11.0
15574,31.0,10.0,31.0,10.0
15575,31.0,10.0,26.0,12.0
15576,31.0,10.0,30.0,13.0
15577,31.0,10.0,31.0,10.0
15578,31.0,10.0,31.0,11.0
15579,31.0,10.0,26.0,12.0
15580,31.0,10.0,27.0,17.0
15581,31.0,10.0,26.0,12.0
15582,31.0,10.0,27.0,17.0
15583,31.0,10.0,30.0,13.0
15584,31.0,10.0,31.0,11.0
15585,31.0,10.0,28.0,14.0
15586,31.0,10.0,31.0,11.0
15587,31.0,10.0,32.0,10.0
15588,31.0,10.0,26.0,12.0
15589,31.0,10.0,32.0,10.0
15590,31.0,10.0,27.0,17.0
15591,31.0,10.0,31.0,11.0
15592,31.0,10.0,28.0,14.0
15593,31.0,10.0,31.0,10.0
15594,31.0,10.0,30.0,13.0
15595,31.0,10.0,26.0,12.0
15596,31.0,10.0,28.0,14.0
15597,31.0,10.0,28.0,14.0
15598,31.0,10.0,31.0,11.0
15599,31.0,10.0,30.0,13.0
15600,31.0,10.0,28.0,14.0
15601,31.0,10.0,26.0,12.0
15602,31.0,10.0,31.0,10.0
15603,31.0,10.0,30.0,13.0
15604,31.0,10.0,28.0,14.0
15605,31.0,10.0,28.0,14.0
15606,31.0,10.0,32.0,10.0
15607,31.0,10.0,32.0,10.0
15608,31.0,10.0,31.0,10.0
15609,31.0,10.0,28.0,14.0
15610,31.0,10.0,31.0,10.0
15611,31.0,10.0,31.0,10.0
15612,31.0,10.0,32.0,10.0
15613,31.0,10.0,30.0,13.0
15614,31.0,10.0,28.0,14.0
15615,31.0,10.0,28.0,14.0
15616,31.0,10.0,27.0,17.0
15617,31.0,10.0,31.0,11.0
15618,31.0,10.0,26.0,12.0
15619,31.0,10.0,31.0,10.0
15620,31.0,10.0,27.0,17.0
15621,31.0,10.0,32.0,10.0
15622,31.0,10.0,31.0,11.0
15623,31.0,10.0,27.0,17.0
15624,31.0,10.0,32.0,10.0
15625,31.0,10.0,32.0,10.0
15626,31.0,10.0,27.0,17.0
15627,31.0,10.0,31.0,10.0
15628,31.0,10.0,31.0,10.0
15629,31.0,10.0,27.0,17.0
15630,31.0,10.0,31.0,11.0
15631,31.0,10.0,30.0,13.0
15632,31.0,10.0,26.0,12.0
15633,31.0,10.0,26.0,12.0
15634,31.0,10.0,32.0,10.0
15635,31.0,10.0,28.0,14.0
15636,31.0,10.0,31.0,10.0
15637,31.0,10.0,31.0,10.0
15638,31.0,10.0,26.0,12.0
15639,31.0,10.0,32.0,10.0
15640,31.0,10.0,28.0,14.0
15641,31.0,10.0,30.0,13.0
15642,31.0,10.0,31.0,10.0
15643,31.0,10.0,31.0,10.0
15644,31.0,10.0,26.0,12.0
15645,31.0,10.0,31.0,11.0
15646,31.0,10.0,31.0,11.0
15647,31.0,10.0,32.0,10.0
15648,31.0,10.0,26.0,12.0
15649,31.0,10.0,31.0,10.0
15650,31.0,10.0,30.0,13.0
15651,31.0,10.0,28.0,14.0
15652,31.0,10.0,32.0,10.0
15653,31.0,10.0,26.0,12.0
15654,31.0,10.0,30.0,13.0
15655,31.0,10.0,28.0,14.0
15656,31.0,10.0,32.0,10.0
15657,31.0,10.0,28.0,14.0
15658,31.0,10.0,31.0,11.0
15659,31.0,10.0,31.0,11.0
15660,31.0,10.0,26.0,12.0
15661,31.0,10.0,27.0,17.0
15662,31.0,10.0,31.0,11.0
15663,31.0,10.0,31.0,10.0
15664,31.0,10.0,32.0,10.0
15665,31.0,10.0,30.0,13.0
15666,31.0,10.0,31.0,10.0
15667,31.0,10.0,26.0,12.0
15668,31.0,10.0,31.0,10.0
15669,31.0,10.0,27.0,17.0
15670,31.0,10.0,26.0,12.0
15671,31.0,10.0,31.0,10.0
15672,31.0,10.0,27.0,17.0
15673,31.0,10.0,31.0,11.0
15674,31.0,10.0,31.0,10.0
15675,31.0,10.0,31.0,10.0
15676,31.0,10.0,31.0,11.0
15677,31.0,10.0,26.0,12.0
15678,31.0,10.0,31.0,10.0
15679,31.0,10.0,32.0,10.0
15680,31.0,10.0,26.0,12.0
15681,31.0,10.0,27.0,17.0
15682,31.0,10.0,30.0,13.0
15683,31.0,10.0,28.0,14.0
15684,31.0,10.0,28.0,14.0
15685,31.0,10.0,30.0,13.0
15686,31.0,10.0,31.0,10.0
15687,31.0,10.0,32.0,10.0
15688,31.0,10.0,31.0,10.0
15689,31.0,10.0,31.0,10.0
15690,31.0,10.0,31.0,10.0
15691,31.0,10.0,31.0,10.0
15692,31.0,10.0,28.0,14.0
15693,31.0,10.0,31.0,11.0
15694,31.0,10.0,31.0,11.0
15695,31.0,10.0,28.0,14.0
15696,31.0,10.0,31.0,10.0
15697,31.0,10.0,31.0,10.0
15698,31.0,10.0,31.0,10.0
15699,31.0,10.0,31.0,10.0
15700,31.0,10.0,27.0,17.0
15701,31.0,10.0,30.0,13.0
15702,31.0,10.0,31.0,10.0
15703,31.0,10.0,30.0,13.0
15704,31.0,10.0,31.0,10.0
15705,31.0,10.0,31.0,10.0
15706,31.0,10.0,26.0,12.0
15707,31.0,10.0,31.0,10.0
15708,31.0,10.0,26.0,12.0
15709,31.0,10.0,27.0,17.0
15710,31.0,10.0,28.0,14.0
15711,31.0,10.0,31.0,10.0
15712,31.0,10.0,31.0,10.0
15713,31.0,10.0,28.0,14.0
15714,31.0,10.0,31.0,10.0
15715,31.0,10.0,26.0,12.0
15716,31.0,10.0,31.0,10.0
15717,31.0,10.0,31.0,10.0
15718,31.0,10.0,32.0,10.0
15719,31.0,10.0,30.0,13.0
15720,31.0,10.0,32.0,10.0
15721,31.0,10.0,27.0,17.0
15722,31.0,10.0,30.0,13.0
15723,31.0,10.0,31.0,10.0
15724,31.0,10.0,26.0,12.0
15725,31.0,10.0,31.0,11.0
15726,31.0,10.0,26.0,12.0
15727,31.0,10.0,31.0,10.0
15728,31.0,10.0,30.0,13.0
15729,31.0,10.0,31.0,10.0
15730,31.0,10.0,28.0,14.0
15731,31.0,10.0,31.0,10.0
15732,31.0,10.0,27.0,17.0
15733,31.0,10.0,31.0,11.0
15734,31.0,10.0,27.0,17.0
15735,31.0,10.0,32.0,10.0
15736,31.0,10.0,31.0,10.0
15737,31.0,10.0,32.0,10.0
15738,31.0,10.0,28.0,14.0
15739,31.0,10.0,28.0,14.0
15740,31.0,10.0,32.0,10.0
15741,31.0,10.0,28.0,14.0
15742,31.0,10.0,31.0,10.0
15743,31.0,10.0,28.0,14.0
15744,31.0,10.0,31.0,11.0
15745,31.0,10.0,31.0,10.0
15746,31.0,10.0,32.0,10.0
15747,31.0,10.0,26.0,12.0
15748,31.0,10.0,31.0,11.0
15749,31.0,10.0,31.0,11.0
15750,31.0,10.0,32.0,10.0
15751,31.0,10.0,32.0,10.0
15752,31.0,10.0,28.0,14.0
15753,31.0,10.0,26.0,12.0
15754,31.0,10.0,32.0,10.0
15755,31.0,10.0,27.0,17.0
15756,31.0,10.0,28.0,14.0
15757,31.0,10.0,31.0,10.0
15758,31.0,10.0,31.0,11.0
15759,31.0,10.0,32.0,10.0
15760,31.0,10.0,32.0,10.0
15761,31.0,10.0,30.0,13.0
15762,31.0,10.0,31.0,10.0
15763,31.0,10.0,31.0,10.0
15764,31.0,10.0,31.0,11.0
15765,31.0,10.0,32.0,10.0
15766,31.0,10.0,28.0,14.0
15767,31.0,10.0,31.0,10.0
15768,31.0,10.0,28.0,14.0
15769,31.0,10.0,31.0,11.0
15770,31.0,10.0,28.0,14.0
15771,31.0,10.0,31.0,11.0
15772,31.0,10.0,30.0,13.0
15773,31.0,10.0,31.0,10.0
15774,31.0,10.0,31.0,11.0
15775,31.0,10.0,31.0,10.0
15776,31.0,10.0,31.0,10.0
15777,31.0,10.0,31.0,11.0
15778,31.0,10.0,28.0,14.0
15779,31.0,10.0,31.0,10.0
15780,31.0,10.0,30.0,13.0
15781,31.0,10.0,31.0,10.0
15782,31.0,10.0,28.0,14.0
15783,31.0,10.0,30.0,13.0
15784,31.0,10.0,28.0,14.0
15785,31.0,10.0,31.0,10.0
15786,31.0,10.0,31.0,10.0
15787,31.0,10.0,31.0,11.0
15788,31.0,10.0,27.0,17.0
15789,31.0,10.0,32.0,10.0
15790,31.0,10.0,27.0,17.0
15791,31.0,10.0,32.0,10.0
15792,31.0,10.0,31.0,11.0
15793,31.0,10.0,31.0,10.0
15794,31.0,10.0,28.0,14.0
15795,31.0,10.0,31.0,11.0
15796,31.0,10.0,26.0,12.0
15797,31.0,10.0,31.0,11.0
15798,31.0,10.0,27.0,17.0
15799,31.0,10.0,31.0,11.0
15800,31.0,10.0,27.0,17.0
15801,31.0,10.0,28.0,14.0
15802,31.0,10.0,26.0,12.0
15803,31.0,10.0,27.0,17.0
15804,31.0,10.0,26.0,12.0
15805,31.0,10.0,27.0,17.0
15806,31.0,10.0,27.0,17.0
15807,31.0,10.0,31.0,11.0
15808,31.0,10.0,26.0,12.0
15809,31.0,10.0,31.0,11.0
15810,31.0,10.0,28.0,14.0
15811,31.0,10.0,31.0,10.0
15812,31.0,10.0,31.0,10.0
15813,31.0,10.0,31.0,10.0
15814,31.0,10.0,31.0,10.0
15815,31.0,10.0,31.0,11.0
15816,31.0,10.0,26.0,12.0
15817,31.0,10.0,28.0,14.0
15818,31.0,10.0,28.0,14.0
15819,31.0,10.0,27.0,17.0
15820,31.0,10.0,31.0,11.0
15821,31.0,10.0,27.0,17.0
15822,31.0,10.0,28.0,14.0
15823,31.0,10.0,27.0,17.0
15824,31.0,10.0,30.0,13.0
15825,31.0,10.0,27.0,17.0
15826,31.0,10.0,26.0,12.0
15827,31.0,10.0,30.0,13.0
15828,31.0,10.0,28.0,14.0
15829,31.0,10.0,28.0,14.0
15830,31.0,10.0,31.0,11.0
15831,31.0,10.0,27.0,17.0
15832,31.0,10.0,32.0,10.0
15833,31.0,10.0,30.0,13.0
15834,31.0,10.0,31.0,10.0
15835,31.0,10.0,31.0,11.0
15836,31.0,10.0,27.0,17.0
15837,31.0,10.0,31.0,10.0
15838,31.0,10.0,26.0,12.0
15839,31.0,10.0,31.0,11.0
15840,31.0,10.0,31.0,10.0
15841,31.0,10.0,30.0,13.0
15842,31.0,10.0,26.0,12.0
15843,31.0,10.0,30.0,13.0
15844,31.0,10.0,28.0,14.0
15845,31.0,10.0,30.0,13.0
15846,31.0,10.0,31.0,10.0
15847,31.0,10.0,31.0,10.0
15848,31.0,10.0,31.0,10.0
15849,31.0,10.0,26.0,12.0
15850,31.0,10.0,31.0,10.0
15851,31.0,10.0,31.0,10.0
15852,31.0,10.0,31.0,11.0
15853,31.0,10.0,26.0,12.0
15854,31.0,10.0,31.0,10.0
15855,31.0,10.0,32.0,10.0
15856,31.0,10.0,31.0,10.0
15857,31.0,10.0,32.0,10.0
15858,31.0,10.0,26.0,12.0
15859,31.0,10.0,31.0,10.0
15860,31.0,10.0,26.0,12.0
15861,31.0,10.0,31.0,10.0
15862,31.0,10.0,31.0,10.0
15863,31.0,10.0,32.0,10.0
15864,31.0,10.0,26.0,12.0
15865,31.0,10.0,31.0,11.0
15866,31.0,10.0,26.0,12.0
15867,31.0,10.0,31.0,10.0
15868,31.0,10.0,31.0,10.0
15869,31.0,10.0,31.0,10.0
15870,31.0,10.0,26.0,12.0
15871,31.0,10.0,28.0,14.0
15872,31.0,10.0,26.0,12.0
15873,31.0,10.0,31.0,10.0
15874,31.0,10.0,31.0,11.0
15875,31.0,10.0,26.0,12.0
15876,31.0,10.0,28.0,14.0
15877,31.0,10.0,28.0,14.0
15878,31.0,10.0,30.0,13.0
15879,31.0,10.0,30.0,13.0
15880,31.0,10.0,31.0,11.0
15881,31.0,10.0,31.0,10.0
15882,31.0,10.0,31.0,10.0
15883,31.0,10.0,31.0,10.0
15884,31.0,10.0,32.0,10.0
15885,31.0,10.0,31.0,10.0
15886,31.0,10.0,28.0,14.0
15887,31.0,10.0,28.0,14.0
15888,31.0,10.0,31.0,10.0
15889,31.0,10.0,28.0,14.0
15890,31.0,10.0,31.0,10.0
15891,31.0,10.0,31.0,10.0
15892,31.0,10.0,31.0,10.0
15893,31.0,10.0,27.0,17.0
15894,31.0,10.0,26.0,12.0
15895,31.0,10.0,31.0,10.0
15896,31.0,10.0,32.0,10.0
15897,31.0,10.0,31.0,10.0
15898,31.0,10.0,31.0,10.0
15899,31.0,10.0,31.0,10.0
15900,31.0,10.0,26.0,12.0
15901,31.0,10.0,31.0,11.0
15902,31.0,10.0,30.0,13.0
15903,31.0,10.0,26.0,12.0
15904,31.0,10.0,27.0,17.0
15905,31.0,10.0,31.0,10.0
15906,31.0,10.0,32.0,10.0
15907,31.0,10.0,31.0,10.0
15908,31.0,10.0,32.0,10.0
15909,31.0,10.0,32.0,10.0
15910,31.0,10.0,31.0,10.0
15911,31.0,10.0,28.0,14.0
15912,31.0,10.0,27.0,17.0
15913,31.0,10.0,31.0,10.0
15914,31.0,10.0,32.0,10.0
15915,31.0,10.0,31.0,10.0
15916,31.0,10.0,31.0,10.0
15917,31.0,10.0,30.0,13.0
15918,31.0,10.0,31.0,10.0
15919,31.0,10.0,27.0,17.0
15920,31.0,10.0,26.0,12.0
15921,31.0,10.0,31.0,10.0
15922,31.0,10.0,31.0,10.0
15923,31.0,10.0,32.0,10.0
15924,31.0,10.0,31.0,11.0
15925,31.0,10.0,28.0,14.0
15926,31.0,10.0,27.0,17.0
15927,31.0,10.0,32.0,10.0
15928,31.0,10.0,31.0,10.0
15929,31.0,10.0,31.0,10.0
15930,31.0,10.0,28.0,14.0
15931,31.0,10.0,26.0,12.0
15932,31.0,10.0,26.0,12.0
15933,31.0,10.0,31.0,10.0
15934,31.0,10.0,28.0,14.0
15935,31.0,10.0,27.0,17.0
15936,31.0,10.0,28.0,14.0
15937,31.0,10.0,28.0,14.0
15938,31.0,10.0,31.0,10.0
15939,31.0,10.0,31.0,10.0
15940,31.0,10.0,30.0,13.0
15941,31.0,10.0,31.0,10.0
15942,31.0,10.0,28.0,14.0
15943,31.0,10.0,27.0,17.0
15944,31.0,10.0,26.0,12.0
15945,31.0,10.0,27.0,17.0
15946,31.0,10.0,26.0,12.0
15947,31.0,10.0,31.0,10.0
15948,31.0,10.0,30.0,13.0
15949,31.0,10.0,30.0,13.0
15950,31.0,10.0,28.0,14.0
15951,31.0,10.0,31.0,10.0
15952,31.0,10.0,27.0,17.0
15953,31.0,10.0,30.0,13.0
15954,31.0,10.0,26.0,12.0
15955,31.0,10.0,31.0,10.0
15956,31.0,10.0,30.0,13.0
15957,31.0,10.0,26.0,12.0
15958,31.0,10.0,28.0,14.0
15959,31.0,10.0,32.0,10.0
15960,31.0,10.0,31.0,11.0
15961,31.0,10.0,28.0,14.0
15962,31.0,10.0,28.0,14.0
15963,31.0,10.0,31.0,11.0
15964,31.0,10.0,31.0,10.0
15965,31.0,10.0,32.0,10.0
15966,31.0,10.0,27.0,17.0
15967,31.0,10.0,26.0,12.0
15968,31.0,10.0,31.0,10.0
15969,31.0,10.0,30.0,13.0
15970,31.0,10.0,27.0,17.0
15971,31.0,10.0,31.0,11.0
15972,31.0,10.0,30.0,13.0
15973,31.0,10.0,28.0,14.0
15974,31.0,10.0,27.0,17.0
15975,31.0,10.0,31.0,11.0
15976,31.0,10.0,31.0,10.0
15977,31.0,10.0,27.0,17.0
15978,31.0,10.0,28.0,14.0
15979,31.0,10.0,28.0,14.0
15980,31.0,10.0,31.0,10.0
15981,31.0,10.0,28.0,14.0
15982,31.0,10.0,31.0,11.0
15983,31.0,10.0,31.0,10.0
15984,31.0,10.0,31.0,11.0
15985,31.0,10.0,26.0,12.0
15986,31.0,10.0,32.0,10.0
15987,31.0,10.0,31.0,11.0
15988,31.0,10.0,30.0,13.0
15989,31.0,10.0,27.0,17.0
15990,31.0,10.0,32.0,10.0
15991,31.0,10.0,28.0,14.0
15992,31.0,10.0,31.0,11.0
15993,31.0,10.0,31.0,10.0
15994,31.0,10.0,32.0,10.0
15995,31.0,10.0,26.0,12.0
15996,31.0,10.0,32.0,10.0
15997,31.0,10.0,31.0,10.0
15998,31.0,10.0,30.0,13.0
15999,31.0,10.0,31.0,10.0
16000,31.0,10.0,26.0,12.0
16001,31.0,10.0,30.0,13.0
16002,31.0,10.0,31.0,11.0
16003,31.0,10.0,31.0,10.0
16004,31.0,10.0,27.0,17.0
16005,31.0,10.0,32.0,10.0
16006,31.0,10.0,31.0,10.0
16007,31.0,10.0,27.0,17.0
16008,31.0,10.0,31.0,10.0
16009,31.0,10.0,30.0,13.0
16010,31.0,10.0,26.0,12.0
16011,31.0,10.0,28.0,14.0
16012,31.0,10.0,31.0,10.0
16013,31.0,10.0,26.0,12.0
16014,31.0,10.0,31.0,11.0
16015,31.0,10.0,28.0,14.0
16016,31.0,10.0,31.0,10.0
16017,31.0,10.0,31.0,10.0
16018,31.0,10.0,30.0,13.0
16019,31.0,10.0,27.0,17.0
16020,31.0,10.0,31.0,10.0
16021,31.0,10.0,26.0,12.0
16022,31.0,10.0,31.0,10.0
16023,31.0,10.0,28.0,14.0
16024,31.0,10.0,27.0,17.0
16025,31.0,10.0,31.0,10.0
16026,31.0,10.0,30.0,13.0
16027,31.0,10.0,31.0,11.0
16028,31.0,10.0,31.0,11.0
16029,31.0,10.0,27.0,17.0
16030,31.0,10.0,28.0,14.0
16031,31.0,10.0,28.0,14.0
16032,31.0,10.0,31.0,10.0
16033,31.0,10.0,30.0,13.0
16034,31.0,10.0,27.0,17.0
16035,31.0,10.0,26.0,12.0
16036,31.0,10.0,31.0,10.0
16037,31.0,10.0,31.0,10.0
16038,31.0,10.0,31.0,11.0
16039,31.0,10.0,31.0,10.0
16040,31.0,10.0,31.0,11.0
16041,31.0,10.0,31.0,11.0
16042,31.0,10.0,30.0,13.0
16043,31.0,10.0,27.0,17.0
16044,31.0,10.0,31.0,11.0
16045,31.0,10.0,31.0,10.0
16046,31.0,10.0,32.0,10.0
16047,31.0,10.0,26.0,12.0
16048,31.0,10.0,31.0,10.0
16049,31.0,10.0,31.0,10.0
16050,31.0,10.0,31.0,10.0
16051,31.0,10.0,31.0,10.0
16052,31.0,10.0,31.0,10.0
16053,31.0,10.0,31.0,10.0
16054,31.0,10.0,31.0,11.0
16055,31.0,10.0,30.0,13.0
16056,31.0,10.0,28.0,14.0
16057,31.0,10.0,30.0,13.0
16058,31.0,10.0,30.0,13.0
16059,31.0,10.0,31.0,10.0
16060,31.0,10.0,28.0,14.0
16061,31.0,10.0,31.0,10.0
16062,31.0,10.0,27.0,17.0
16063,31.0,10.0,31.0,11.0
16064,31.0,10.0,26.0,12.0
16065,31.0,10.0,27.0,17.0
16066,31.0,10.0,26.0,12.0
16067,31.0,10.0,26.0,12.0
16068,31.0,10.0,31.0,10.0
16069,31.0,10.0,27.0,17.0
16070,31.0,10.0,32.0,10.0
16071,31.0,10.0,30.0,13.0
16072,31.0,10.0,27.0,17.0
16073,31.0,10.0,28.0,14.0
16074,31.0,10.0,32.0,10.0
16075,31.0,10.0,28.0,14.0
16076,31.0,10.0,28.0,14.0
16077,31.0,10.0,32.0,10.0
16078,31.0,10.0,31.0,10.0
16079,31.0,10.0,26.0,12.0
16080,31.0,10.0,32.0,10.0
16081,31.0,10.0,26.0,12.0
16082,31.0,10.0,31.0,11.0
16083,31.0,10.0,27.0,17.0
16084,31.0,10.0,28.0,14.0
16085,31.0,10.0,26.0,12.0
16086,31.0,10.0,27.0,17.0
16087,31.0,10.0,31.0,10.0
16088,31.0,10.0,26.0,12.0
16089,31.0,10.0,26.0,12.0
16090,31.0,10.0,31.0,10.0
16091,31.0,10.0,27.0,17.0
16092,31.0,10.0,26.0,12.0
16093,31.0,10.0,27.0,17.0
16094,31.0,10.0,28.0,14.0
16095,31.0,10.0,28.0,14.0
16096,31.0,10.0,28.0,14.0
16097,31.0,10.0,30.0,13.0
16098,31.0,10.0,32.0,10.0
16099,31.0,10.0,27.0,17.0
16100,31.0,10.0,28.0,14.0
16101,31.0,10.0,30.0,13.0
16102,31.0,10.0,31.0,11.0
16103,31.0,10.0,28.0,14.0
16104,31.0,10.0,31.0,11.0
16105,31.0,10.0,26.0,12.0
16106,31.0,10.0,31.0,11.0
16107,31.0,10.0,31.0,10.0
16108,31.0,10.0,31.0,10.0
16109,31.0,10.0,31.0,11.0
16110,31.0,10.0,30.0,13.0
16111,31.0,10.0,31.0,10.0
16112,31.0,10.0,31.0,10.0
16113,31.0,10.0,30.0,13.0
16114,31.0,10.0,31.0,10.0
16115,31.0,10.0,30.0,13.0
16116,31.0,10.0,27.0,17.0
16117,31.0,10.0,26.0,12.0
16118,31.0,10.0,31.0,10.0
16119,31.0,10.0,31.0,11.0
16120,31.0,10.0,26.0,12.0
16121,31.0,10.0,31.0,11.0
16122,31.0,10.0,27.0,17.0
16123,31.0,10.0,32.0,10.0
16124,31.0,10.0,27.0,17.0
16125,31.0,10.0,31.0,11.0
16126,31.0,10.0,31.0,10.0
16127,31.0,10.0,31.0,10.0
16128,31.0,10.0,31.0,10.0
16129,31.0,10.0,28.0,14.0
16130,31.0,10.0,27.0,17.0
16131,31.0,10.0,31.0,10.0
16132,31.0,10.0,31.0,11.0
16133,31.0,10.0,32.0,10.0
16134,31.0,10.0,31.0,10.0
16135,31.0,10.0,31.0,11.0
16136,31.0,10.0,28.0,14.0
16137,31.0,10.0,28.0,14.0
16138,31.0,10.0,31.0,11.0
16139,31.0,10.0,31.0,10.0
16140,31.0,10.0,31.0,10.0
16141,31.0,10.0,27.0,17.0
16142,31.0,10.0,31.0,10.0
16143,31.0,10.0,26.0,12.0
16144,31.0,10.0,26.0,12.0
16145,31.0,10.0,26.0,12.0
16146,31.0,10.0,31.0,10.0
16147,31.0,10.0,28.0,14.0
16148,31.0,10.0,30.0,13.0
16149,31.0,10.0,26.0,12.0
16150,31.0,10.0,28.0,14.0
16151,31.0,10.0,31.0,10.0
16152,31.0,10.0,31.0,10.0
16153,31.0,10.0,27.0,17.0
16154,31.0,10.0,26.0,12.0
16155,31.0,10.0,26.0,12.0
16156,31.0,10.0,31.0,10.0
16157,31.0,10.0,28.0,14.0
16158,31.0,10.0,26.0,12.0
16159,31.0,10.0,30.0,13.0
16160,31.0,10.0,32.0,10.0
16161,31.0,10.0,31.0,10.0
16162,31.0,10.0,31.0,10.0
16163,31.0,10.0,27.0,17.0
16164,31.0,10.0,26.0,12.0
16165,31.0,10.0,26.0,12.0
16166,31.0,10.0,31.0,10.0
16167,31.0,10.0,30.0,13.0
16168,31.0,10.0,32.0,10.0
16169,31.0,10.0,31.0,11.0
16170,31.0,10.0,31.0,11.0
16171,31.0,10.0,30.0,13.0
16172,31.0,10.0,31.0,10.0
16173,31.0,10.0,28.0,14.0
16174,31.0,10.0,30.0,13.0
16175,31.0,10.0,31.0,10.0
16176,31.0,10.0,30.0,13.0
16177,31.0,10.0,28.0,14.0
16178,31.0,10.0,31.0,10.0
16179,31.0,10.0,28.0,14.0
16180,31.0,10.0,30.0,13.0
16181,31.0,10.0,26.0,12.0
16182,31.0,10.0,31.0,10.0
16183,31.0,10.0,27.0,17.0
16184,31.0,10.0,28.0,14.0
16185,31.0,10.0,32.0,10.0
16186,31.0,10.0,31.0,11.0
16187,31.0,10.0,28.0,14.0
16188,31.0,10.0,31.0,10.0
16189,31.0,10.0,31.0,11.0
16190,31.0,10.0,27.0,17.0
16191,31.0,10.0,31.0,10.0
16192,31.0,10.0,32.0,10.0
16193,31.0,10.0,32.0,10.0
16194,31.0,10.0,32.0,10.0
16195,31.0,10.0,28.0,14.0
16196,31.0,10.0,26.0,12.0
16197,31.0,10.0,30.0,13.0
16198,31.0,10.0,32.0,10.0
16199,31.0,10.0,31.0,11.0
16200,31.0,10.0,26.0,12.0
16201,31.0,10.0,30.0,13.0
16202,31.0,10.0,32.0,10.0
16203,31.0,10.0,31.0,11.0
16204,31.0,10.0,30.0,13.0
16205,31.0,10.0,26.0,12.0
16206,31.0,10.0,31.0,11.0
16207,31.0,10.0,26.0,12.0
16208,31.0,10.0,31.0,10.0
16209,31.0,10.0,28.0,14.0
16210,31.0,10.0,27.0,17.0
16211,31.0,10.0,32.0,10.0
16212,31.0,10.0,30.0,13.0
16213,31.0,10.0,31.0,10.0
16214,31.0,10.0,31.0,10.0
16215,31.0,10.0,31.0,10.0
16216,31.0,10.0,26.0,12.0
16217,31.0,10.0,30.0,13.0
16218,31.0,10.0,31.0,10.0
16219,31.0,10.0,26.0,12.0
16220,31.0,10.0,31.0,10.0
16221,31.0,10.0,30.0,13.0
16222,31.0,10.0,31.0,10.0
16223,31.0,10.0,31.0,10.0
16224,31.0,10.0,32.0,10.0
16225,31.0,10.0,27.0,17.0
16226,31.0,10.0,31.0,10.0
16227,31.0,10.0,31.0,10.0
16228,31.0,10.0,26.0,12.0
16229,31.0,10.0,31.0,10.0
16230,31.0,10.0,26.0,12.0
16231,31.0,10.0,31.0,11.0
16232,31.0,10.0,30.0,13.0
16233,31.0,10.0,31.0,10.0
16234,31.0,10.0,31.0,10.0
16235,31.0,10.0,31.0,10.0
16236,31.0,10.0,27.0,17.0
16237,31.0,10.0,31.0,10.0
16238,31.0,10.0,26.0,12.0
16239,31.0,10.0,26.0,12.0
16240,31.0,10.0,28.0,14.0
16241,31.0,10.0,31.0,11.0
16242,31.0,10.0,31.0,10.0
16243,31.0,10.0,28.0,14.0
16244,31.0,10.0,31.0,10.0
16245,31.0,10.0,27.0,17.0
16246,31.0,10.0,30.0,13.0
16247,31.0,10.0,26.0,12.0
16248,31.0,10.0,27.0,17.0
16249,31.0,10.0,31.0,10.0
16250,31.0,10.0,31.0,10.0
16251,31.0,10.0,31.0,10.0
16252,31.0,10.0,26.0,12.0
16253,31.0,10.0,31.0,10.0
16254,31.0,10.0,31.0,10.0
16255,31.0,10.0,31.0,10.0
16256,31.0,10.0,31.0,10.0
16257,31.0,10.0,26.0,12.0
16258,31.0,10.0,31.0,11.0
16259,31.0,10.0,31.0,10.0
16260,31.0,10.0,31.0,10.0
16261,31.0,10.0,31.0,10.0
16262,31.0,10.0,27.0,17.0
16263,31.0,10.0,32.0,10.0
16264,31.0,10.0,31.0,10.0
16265,31.0,10.0,31.0,10.0
16266,31.0,10.0,26.0,12.0
16267,31.0,10.0,30.0,13.0
16268,31.0,10.0,31.0,10.0
16269,31.0,10.0,28.0,14.0
16270,31.0,10.0,27.0,17.0
16271,31.0,10.0,31.0,10.0
16272,31.0,10.0,28.0,14.0
16273,31.0,10.0,31.0,10.0
16274,31.0,10.0,26.0,12.0
16275,31.0,10.0,26.0,12.0
16276,31.0,10.0,31.0,10.0
16277,31.0,10.0,31.0,10.0
16278,31.0,10.0,31.0,10.0
16279,31.0,10.0,31.0,10.0
16280,31.0,10.0,31.0,10.0
16281,31.0,10.0,28.0,14.0
16282,31.0,10.0,31.0,10.0
16283,31.0,10.0,27.0,17.0
16284,31.0,10.0,31.0,10.0
16285,31.0,10.0,26.0,12.0
16286,31.0,10.0,31.0,10.0
16287,31.0,10.0,32.0,10.0
16288,31.0,10.0,31.0,10.0
16289,31.0,10.0,31.0,10.0
16290,31.0,10.0,28.0,14.0
16291,31.0,10.0,30.0,13.0
16292,31.0,10.0,30.0,13.0
16293,31.0,10.0,31.0,10.0
16294,31.0,10.0,26.0,12.0
16295,31.0,10.0,27.0,17.0
16296,31.0,10.0,31.0,10.0
16297,31.0,10.0,30.0,13.0
16298,31.0,10.0,30.0,13.0
16299,31.0,10.0,31.0,10.0
16300,31.0,10.0,31.0,10.0
16301,31.0,10.0,31.0,10.0
16302,31.0,10.0,31.0,10.0
16303,31.0,10.0,31.0,10.0
16304,31.0,10.0,26.0,12.0
16305,31.0,10.0,26.0,12.0
16306,31.0,10.0,26.0,12.0
16307,31.0,10.0,31.0,11.0
16308,31.0,10.0,30.0,13.0
16309,31.0,10.0,31.0,11.0
16310,31.0,10.0,30.0,13.0
16311,31.0,10.0,31.0,10.0
16312,31.0,10.0,32.0,10.0
16313,31.0,10.0,31.0,10.0
16314,31.0,10.0,31.0,10.0
16315,31.0,10.0,28.0,14.0
16316,31.0,10.0,26.0,12.0
16317,31.0,10.0,30.0,13.0
16318,31.0,10.0,31.0,10.0
16319,31.0,10.0,26.0,12.0
16320,31.0,10.0,31.0,10.0
16321,31.0,10.0,31.0,10.0
16322,31.0,10.0,31.0,10.0
16323,31.0,10.0,31.0,10.0
16324,31.0,10.0,32.0,10.0
16325,31.0,10.0,28.0,14.0
16326,31.0,10.0,28.0,14.0
16327,31.0,10.0,31.0,10.0
16328,31.0,10.0,31.0,10.0
16329,31.0,10.0,31.0,11.0
16330,31.0,10.0,28.0,14.0
16331,31.0,10.0,31.0,10.0
16332,31.0,10.0,28.0,14.0
16333,31.0,10.0,31.0,11.0
16334,31.0,10.0,31.0,10.0
16335,31.0,10.0,27.0,17.0
16336,31.0,10.0,30.0,13.0
16337,31.0,10.0,30.0,13.0
16338,31.0,10.0,31.0,11.0
16339,31.0,10.0,30.0,13.0
16340,31.0,10.0,27.0,17.0
16341,31.0,10.0,31.0,10.0
16342,31.0,10.0,28.0,14.0
16343,31.0,10.0,30.0,13.0
16344,31.0,10.0,26.0,12.0
16345,31.0,10.0,31.0,10.0
16346,31.0,10.0,30.0,13.0
16347,31.0,10.0,26.0,12.0
16348,31.0,10.0,26.0,12.0
16349,31.0,10.0,28.0,14.0
16350,31.0,10.0,32.0,10.0
16351,31.0,10.0,30.0,13.0
16352,31.0,10.0,31.0,10.0
16353,31.0,10.0,28.0,14.0
16354,31.0,10.0,27.0,17.0
16355,31.0,10.0,27.0,17.0
16356,31.0,10.0,30.0,13.0
16357,31.0,10.0,28.0,14.0
16358,31.0,10.0,28.0,14.0
16359,31.0,10.0,32.0,10.0
16360,31.0,10.0,31.0,11.0
16361,31.0,10.0,31.0,11.0
16362,31.0,10.0,32.0,10.0
16363,31.0,10.0,30.0,13.0
16364,31.0,10.0,28.0,14.0
16365,31.0,10.0,30.0,13.0
16366,31.0,10.0,32.0,10.0
16367,31.0,10.0,30.0,13.0
16368,31.0,10.0,31.0,11.0
16369,31.0,10.0,27.0,17.0
16370,31.0,10.0,31.0,10.0
16371,31.0,10.0,32.0,10.0
16372,31.0,10.0,32.0,10.0
16373,31.0,10.0,26.0,12.0
16374,31.0,10.0,30.0,13.0
16375,31.0,10.0,32.0,10.0
16376,31.0,10.0,26.0,12.0
16377,31.0,10.0,31.0,10.0
16378,31.0,10.0,27.0,17.0
16379,31.0,10.0,30.0,13.0
16380,31.0,10.0,28.0,14.0
16381,31.0,10.0,27.0,17.0
16382,31.0,10.0,30.0,13.0
16383,31.0,10.0,31.0,11.0
16384,31.0,10.0,31.0,10.0
16385,31.0,10.0,30.0,13.0
16386,31.0,10.0,28.0,14.0
16387,31.0,10.0,28.0,14.0
16388,31.0,10.0,30.0,13.0
16389,31.0,10.0,31.0,10.0
16390,31.0,10.0,31.0,10.0
16391,31.0,10.0,31.0,10.0
16392,31.0,10.0,26.0,12.0
16393,31.0,10.0,30.0,13.0
16394,31.0,10.0,31.0,10.0
16395,31.0,10.0,32.0,10.0
16396,31.0,10.0,31.0,11.0
16397,31.0,10.0,30.0,13.0
16398,31.0,10.0,31.0,10.0
16399,31.0,10.0,31.0,10.0
16400,31.0,10.0,27.0,17.0
16401,31.0,10.0,28.0,14.0
16402,31.0,10.0,26.0,12.0
16403,31.0,10.0,31.0,10.0
16404,31.0,10.0,28.0,14.0
16405,31.0,10.0,32.0,10.0
16406,31.0,10.0,31.0,11.0
16407,31.0,10.0,28.0,14.0
16408,31.0,10.0,28.0,14.0
16409,31.0,10.0,26.0,12.0
16410,31.0,10.0,31.0,10.0
16411,31.0,10.0,27.0,17.0
16412,31.0,10.0,31.0,11.0
16413,31.0,10.0,27.0,17.0
16414,31.0,10.0,28.0,14.0
16415,31.0,10.0,26.0,12.0
16416,31.0,10.0,30.0,13.0
16417,31.0,10.0,32.0,10.0
16418,31.0,10.0,28.0,14.0
16419,31.0,10.0,31.0,10.0
16420,31.0,10.0,28.0,14.0
16421,31.0,10.0,26.0,12.0
16422,31.0,10.0,32.0,10.0
16423,31.0,10.0,28.0,14.0
16424,31.0,10.0,32.0,10.0
16425,31.0,10.0,31.0,10.0
16426,31.0,10.0,26.0,12.0
16427,31.0,10.0,26.0,12.0
16428,31.0,10.0,26.0,12.0
16429,31.0,10.0,32.0,10.0
16430,31.0,10.0,31.0,10.0
16431,31.0,10.0,31.0,10.0
16432,31.0,10.0,31.0,10.0
16433,31.0,10.0,31.0,11.0
16434,31.0,10.0,32.0,10.0
16435,31.0,10.0,26.0,12.0
16436,31.0,10.0,28.0,14.0
16437,31.0,10.0,27.0,17.0
16438,31.0,10.0,32.0,10.0
16439,31.0,10.0,31.0,10.0
16440,31.0,10.0,31.0,11.0
16441,31.0,10.0,32.0,10.0
16442,31.0,10.0,26.0,12.0
16443,31.0,10.0,31.0,10.0
16444,31.0,10.0,31.0,10.0
16445,31.0,10.0,31.0,11.0
16446,31.0,10.0,32.0,10.0
16447,31.0,10.0,27.0,17.0
16448,31.0,10.0,26.0,12.0
16449,31.0,10.0,31.0,10.0
16450,31.0,10.0,26.0,12.0
16451,31.0,10.0,31.0,11.0
16452,31.0,10.0,31.0,10.0
16453,31.0,10.0,26.0,12.0
16454,31.0,10.0,30.0,13.0
16455,31.0,10.0,32.0,10.0
16456,31.0,10.0,32.0,10.0
16457,31.0,10.0,31.0,10.0
16458,31.0,10.0,31.0,10.0
16459,31.0,10.0,27.0,17.0
16460,31.0,10.0,30.0,13.0
16461,31.0,10.0,31.0,10.0
16462,31.0,10.0,31.0,10.0
16463,31.0,10.0,31.0,10.0
16464,31.0,10.0,31.0,10.0
16465,31.0,10.0,27.0,17.0
16466,31.0,10.0,31.0,10.0
16467,31.0,10.0,30.0,13.0
16468,31.0,10.0,28.0,14.0
16469,31.0,10.0,27.0,17.0
16470,31.0,10.0,31.0,11.0
16471,31.0,10.0,28.0,14.0
16472,31.0,10.0,28.0,14.0
16473,31.0,10.0,31.0,11.0
16474,31.0,10.0,27.0,17.0
16475,31.0,10.0,28.0,14.0
16476,31.0,10.0,31.0,10.0
16477,31.0,10.0,26.0,12.0
16478,31.0,10.0,31.0,10.0
16479,31.0,10.0,30.0,13.0
16480,31.0,10.0,31.0,10.0
16481,31.0,10.0,31.0,11.0
16482,31.0,10.0,31.0,10.0
16483,31.0,10.0,32.0,10.0
16484,31.0,10.0,31.0,10.0
16485,31.0,10.0,27.0,17.0
16486,31.0,10.0,31.0,10.0
16487,31.0,10.0,31.0,10.0
16488,31.0,10.0,30.0,13.0
16489,31.0,10.0,31.0,11.0
16490,31.0,10.0,28.0,14.0
16491,31.0,10.0,30.0,13.0
16492,31.0,10.0,31.0,10.0
16493,31.0,10.0,31.0,10.0
16494,31.0,10.0,31.0,10.0
16495,31.0,10.0,31.0,11.0
16496,31.0,10.0,31.0,10.0
16497,31.0,10.0,30.0,13.0
16498,31.0,10.0,26.0,12.0
16499,31.0,10.0,28.0,14.0
16500,31.0,10.0,26.0,12.0
16501,31.0,10.0,31.0,10.0
16502,31.0,10.0,28.0,14.0
16503,31.0,10.0,31.0,10.0
16504,31.0,10.0,31.0,10.0
16505,31.0,10.0,31.0,10.0
16506,31.0,10.0,31.0,10.0
16507,31.0,10.0,32.0,10.0
16508,31.0,10.0,32.0,10.0
16509,31.0,10.0,28.0,14.0
16510,31.0,10.0,31.0,11.0
16511,31.0,10.0,26.0,12.0
16512,31.0,10.0,26.0,12.0
16513,31.0,10.0,30.0,13.0
16514,31.0,10.0,31.0,11.0
16515,31.0,10.0,27.0,17.0
16516,31.0,10.0,31.0,10.0
16517,31.0,10.0,26.0,12.0
16518,31.0,10.0,28.0,14.0
16519,31.0,10.0,28.0,14.0
16520,31.0,10.0,31.0,10.0
16521,31.0,10.0,30.0,13.0
16522,31.0,10.0,31.0,11.0
16523,31.0,10.0,26.0,12.0
16524,31.0,10.0,26.0,12.0
16525,31.0,10.0,26.0,12.0
16526,31.0,10.0,28.0,14.0
16527,31.0,10.0,31.0,10.0
16528,31.0,10.0,32.0,10.0
16529,31.0,10.0,31.0,11.0
16530,31.0,10.0,30.0,13.0
16531,31.0,10.0,32.0,10.0
16532,31.0,10.0,28.0,14.0
16533,31.0,10.0,31.0,10.0
16534,31.0,10.0,31.0,11.0
16535,31.0,10.0,31.0,11.0
16536,31.0,10.0,31.0,11.0
16537,31.0,10.0,26.0,12.0
16538,31.0,10.0,31.0,10.0
16539,31.0,10.0,26.0,12.0
16540,31.0,10.0,28.0,14.0
16541,31.0,10.0,26.0,12.0
16542,31.0,10.0,31.0,11.0
16543,31.0,10.0,30.0,13.0
16544,31.0,10.0,31.0,11.0
16545,31.0,10.0,30.0,13.0
16546,31.0,10.0,31.0,10.0
16547,31.0,10.0,31.0,10.0
16548,31.0,10.0,27.0,17.0
16549,31.0,10.0,32.0,10.0
16550,31.0,10.0,31.0,10.0
16551,31.0,10.0,28.0,14.0
16552,31.0,10.0,28.0,14.0
16553,31.0,10.0,31.0,10.0
16554,31.0,10.0,26.0,12.0
16555,31.0,10.0,26.0,12.0
16556,31.0,10.0,27.0,17.0
16557,31.0,10.0,31.0,11.0
16558,31.0,10.0,27.0,17.0
16559,31.0,10.0,30.0,13.0
16560,31.0,10.0,31.0,11.0
16561,31.0,10.0,26.0,12.0
16562,31.0,10.0,32.0,10.0
16563,31.0,10.0,31.0,10.0
16564,31.0,10.0,32.0,10.0
16565,31.0,10.0,27.0,17.0
16566,31.0,10.0,26.0,12.0
16567,31.0,10.0,31.0,11.0
16568,31.0,10.0,30.0,13.0
16569,31.0,10.0,26.0,12.0
16570,31.0,10.0,31.0,10.0
16571,31.0,10.0,31.0,10.0
16572,31.0,10.0,30.0,13.0
16573,31.0,10.0,31.0,10.0
16574,31.0,10.0,31.0,10.0
16575,31.0,10.0,31.0,10.0
16576,31.0,10.0,31.0,11.0
16577,31.0,10.0,31.0,11.0
16578,31.0,10.0,27.0,17.0
16579,31.0,10.0,31.0,10.0
16580,31.0,10.0,31.0,10.0
16581,31.0,10.0,27.0,17.0
16582,31.0,10.0,26.0,12.0
16583,31.0,10.0,31.0,10.0
16584,31.0,10.0,28.0,14.0
16585,31.0,10.0,28.0,14.0
16586,31.0,10.0,26.0,12.0
16587,31.0,10.0,28.0,14.0
16588,31.0,10.0,31.0,11.0
16589,31.0,10.0,31.0,10.0
16590,31.0,10.0,27.0,17.0
16591,31.0,10.0,30.0,13.0
16592,31.0,10.0,31.0,10.0
16593,31.0,10.0,26.0,12.0
16594,31.0,10.0,31.0,10.0
16595,31.0,10.0,31.0,10.0
16596,31.0,10.0,31.0,10.0
16597,31.0,10.0,27.0,17.0
16598,31.0,10.0,28.0,14.0
16599,31.0,10.0,31.0,10.0
16600,31.0,10.0,32.0,10.0
16601,31.0,10.0,31.0,10.0
16602,31.0,10.0,31.0,11.0
16603,31.0,10.0,32.0,10.0
16604,31.0,10.0,32.0,10.0
16605,31.0,10.0,31.0,11.0
16606,31.0,10.0,27.0,17.0
16607,31.0,10.0,31.0,11.0
16608,31.0,10.0,31.0,10.0
16609,31.0,10.0,30.0,13.0
16610,31.0,10.0,28.0,14.0
16611,31.0,10.0,32.0,10.0
16612,31.0,10.0,31.0,10.0
16613,31.0,10.0,28.0,14.0
16614,31.0,10.0,28.0,14.0
16615,31.0,10.0,26.0,12.0
16616,31.0,10.0,27.0,17.0
16617,31.0,10.0,31.0,10.0
16618,31.0,10.0,31.0,11.0
16619,31.0,10.0,31.0,10.0
16620,31.0,10.0,31.0,10.0
16621,31.0,10.0,31.0,10.0
16622,31.0,10.0,31.0,10.0
16623,31.0,10.0,31.0,10.0
16624,31.0,10.0,26.0,12.0
16625,31.0,10.0,32.0,10.0
16626,31.0,10.0,28.0,14.0
16627,31.0,10.0,31.0,10.0
16628,31.0,10.0,31.0,11.0
16629,31.0,10.0,30.0,13.0
16630,31.0,10.0,31.0,10.0
16631,31.0,10.0,28.0,14.0
16632,31.0,10.0,32.0,10.0
16633,31.0,10.0,32.0,10.0
16634,31.0,10.0,32.0,10.0
16635,31.0,10.0,26.0,12.0
16636,31.0,10.0,31.0,10.0
16637,31.0,10.0,32.0,10.0
16638,31.0,10.0,27.0,17.0
16639,31.0,10.0,27.0,17.0
16640,31.0,10.0,31.0,10.0
16641,31.0,10.0,27.0,17.0
16642,31.0,10.0,27.0,17.0
16643,31.0,10.0,31.0,10.0
16644,31.0,10.0,32.0,10.0
16645,31.0,10.0,31.0,11.0
16646,31.0,10.0,31.0,10.0
16647,31.0,10.0,27.0,17.0
16648,31.0,10.0,31.0,11.0
16649,31.0,10.0,27.0,17.0
16650,31.0,10.0,31.0,10.0
16651,31.0,10.0,26.0,12.0
16652,31.0,10.0,31.0,10.0
16653,31.0,10.0,32.0,10.0
16654,31.0,10.0,28.0,14.0
16655,31.0,10.0,26.0,12.0
16656,31.0,10.0,31.0,10.0
16657,31.0,10.0,31.0,11.0
16658,31.0,10.0,31.0,10.0
16659,31.0,10.0,26.0,12.0
16660,31.0,10.0,31.0,10.0
16661,31.0,10.0,31.0,10.0
16662,31.0,10.0,31.0,10.0
16663,31.0,10.0,31.0,10.0
16664,31.0,10.0,31.0,11.0
16665,31.0,10.0,28.0,14.0
16666,31.0,10.0,26.0,12.0
16667,31.0,10.0,28.0,14.0
16668,31.0,10.0,27.0,17.0
16669,31.0,10.0,32.0,10.0
16670,31.0,10.0,31.0,11.0
16671,31.0,10.0,31.0,10.0
16672,31.0,10.0,28.0,14.0
16673,31.0,10.0,30.0,13.0
16674,31.0,10.0,27.0,17.0
16675,31.0,10.0,27.0,17.0
16676,31.0,10.0,31.0,11.0
16677,31.0,10.0,28.0,14.0
16678,31.0,10.0,26.0,12.0
16679,31.0,10.0,28.0,14.0
16680,31.0,10.0,31.0,10.0
16681,31.0,10.0,31.0,10.0
16682,31.0,10.0,32.0,10.0
16683,31.0,10.0,30.0,13.0
16684,31.0,10.0,26.0,12.0
16685,31.0,10.0,30.0,13.0
16686,31.0,10.0,30.0,13.0
16687,31.0,10.0,31.0,10.0
16688,31.0,10.0,31.0,10.0
16689,31.0,10.0,30.0,13.0
16690,31.0,10.0,31.0,10.0
16691,31.0,10.0,30.0,13.0
16692,31.0,10.0,28.0,14.0
16693,31.0,10.0,28.0,14.0
16694,31.0,10.0,28.0,14.0
16695,31.0,10.0,31.0,10.0
16696,31.0,10.0,31.0,10.0
16697,31.0,10.0,30.0,13.0
16698,31.0,10.0,32.0,10.0
16699,31.0,10.0,31.0,11.0
16700,31.0,10.0,27.0,17.0
16701,31.0,10.0,30.0,13.0
16702,31.0,10.0,31.0,10.0
16703,31.0,10.0,31.0,10.0
16704,31.0,10.0,28.0,14.0
16705,31.0,10.0,30.0,13.0
16706,31.0,10.0,31.0,11.0
16707,31.0,10.0,30.0,13.0
16708,31.0,10.0,28.0,14.0
16709,31.0,10.0,27.0,17.0
16710,31.0,10.0,26.0,12.0
16711,31.0,10.0,27.0,17.0
16712,31.0,10.0,31.0,10.0
16713,31.0,10.0,26.0,12.0
16714,31.0,10.0,31.0,10.0
16715,31.0,10.0,32.0,10.0
16716,31.0,10.0,31.0,10.0
16717,31.0,10.0,31.0,10.0
16718,31.0,10.0,31.0,10.0
16719,31.0,10.0,32.0,10.0
16720,31.0,10.0,28.0,14.0
16721,31.0,10.0,31.0,10.0
16722,31.0,10.0,30.0,13.0
16723,31.0,10.0,31.0,10.0
16724,31.0,10.0,31.0,10.0
16725,31.0,10.0,26.0,12.0
16726,31.0,10.0,28.0,14.0
16727,31.0,10.0,31.0,10.0
16728,31.0,10.0,26.0,12.0
16729,31.0,10.0,31.0,10.0
16730,31.0,10.0,31.0,10.0
16731,31.0,10.0,31.0,10.0
16732,31.0,10.0,32.0,10.0
16733,31.0,10.0,27.0,17.0
16734,31.0,10.0,32.0,10.0
16735,31.0,10.0,26.0,12.0
16736,31.0,10.0,31.0,10.0
16737,31.0,10.0,30.0,13.0
16738,31.0,10.0,32.0,10.0
16739,31.0,10.0,31.0,10.0
16740,31.0,10.0,30.0,13.0
16741,31.0,10.0,31.0,11.0
16742,31.0,10.0,31.0,10.0
16743,31.0,10.0,30.0,13.0
16744,31.0,10.0,27.0,17.0
16745,31.0,10.0,31.0,10.0
16746,31.0,10.0,32.0,10.0
16747,31.0,10.0,26.0,12.0
16748,31.0,10.0,28.0,14.0
16749,31.0,10.0,31.0,10.0
16750,31.0,10.0,31.0,10.0
16751,31.0,10.0,28.0,14.0
16752,31.0,10.0,30.0,13.0
16753,31.0,10.0,31.0,10.0
16754,31.0,10.0,31.0,10.0
16755,31.0,10.0,31.0,11.0
16756,31.0,10.0,31.0,10.0
16757,31.0,10.0,30.0,13.0
16758,31.0,10.0,31.0,10.0
16759,31.0,10.0,31.0,10.0
16760,31.0,10.0,31.0,11.0
16761,31.0,10.0,27.0,17.0
16762,31.0,10.0,31.0,11.0
16763,31.0,10.0,31.0,10.0
16764,31.0,10.0,31.0,10.0
16765,31.0,10.0,31.0,11.0
16766,31.0,10.0,30.0,13.0
16767,31.0,10.0,31.0,10.0
16768,31.0,10.0,28.0,14.0
16769,31.0,10.0,31.0,11.0
16770,31.0,10.0,28.0,14.0
16771,31.0,10.0,32.0,10.0
16772,31.0,10.0,32.0,10.0
16773,31.0,10.0,27.0,17.0
16774,31.0,10.0,31.0,10.0
16775,31.0,10.0,31.0,10.0
16776,31.0,10.0,32.0,10.0
16777,31.0,10.0,27.0,17.0
16778,31.0,10.0,28.0,14.0
16779,31.0,10.0,30.0,13.0
16780,31.0,10.0,28.0,14.0
16781,31.0,10.0,31.0,11.0
16782,31.0,10.0,31.0,10.0
16783,31.0,10.0,32.0,10.0
16784,31.0,10.0,31.0,11.0
16785,31.0,10.0,31.0,10.0
16786,31.0,10.0,31.0,10.0
16787,31.0,10.0,31.0,11.0
16788,31.0,10.0,32.0,10.0
16789,31.0,10.0,32.0,10.0
16790,31.0,10.0,28.0,14.0
16791,31.0,10.0,31.0,10.0
16792,31.0,10.0,26.0,12.0
16793,31.0,10.0,31.0,10.0
16794,31.0,10.0,31.0,11.0
16795,31.0,10.0,27.0,17.0
16796,31.0,10.0,31.0,10.0
16797,31.0,10.0,31.0,11.0
16798,31.0,10.0,31.0,10.0
16799,31.0,10.0,31.0,10.0
16800,31.0,10.0,32.0,10.0
16801,31.0,10.0,30.0,13.0
16802,31.0,10.0,26.0,12.0
16803,31.0,10.0,26.0,12.0
16804,31.0,10.0,28.0,14.0
16805,31.0,10.0,27.0,17.0
16806,31.0,10.0,32.0,10.0
16807,31.0,10.0,28.0,14.0
16808,31.0,10.0,27.0,17.0
16809,31.0,10.0,27.0,17.0
16810,31.0,10.0,31.0,10.0
16811,31.0,10.0,31.0,10.0
16812,31.0,10.0,31.0,10.0
16813,31.0,10.0,26.0,12.0
16814,31.0,10.0,32.0,10.0
16815,31.0,10.0,30.0,13.0
16816,31.0,10.0,32.0,10.0
16817,31.0,10.0,31.0,10.0
16818,31.0,10.0,26.0,12.0
16819,31.0,10.0,31.0,11.0
16820,31.0,10.0,28.0,14.0
16821,31.0,10.0,31.0,10.0
16822,31.0,10.0,28.0,14.0
16823,31.0,10.0,27.0,17.0
16824,31.0,10.0,31.0,10.0
16825,31.0,10.0,31.0,10.0
16826,31.0,10.0,28.0,14.0
16827,31.0,10.0,31.0,10.0
16828,31.0,10.0,31.0,10.0
16829,31.0,10.0,26.0,12.0
16830,31.0,10.0,27.0,17.0
16831,31.0,10.0,31.0,10.0
16832,31.0,10.0,27.0,17.0
16833,31.0,10.0,26.0,12.0
16834,31.0,10.0,26.0,12.0
16835,31.0,10.0,26.0,12.0
16836,31.0,10.0,27.0,17.0
16837,31.0,10.0,31.0,10.0
16838,31.0,10.0,31.0,10.0
16839,31.0,10.0,28.0,14.0
16840,31.0,10.0,27.0,17.0
16841,31.0,10.0,31.0,11.0
16842,31.0,10.0,30.0,13.0
16843,31.0,10.0,30.0,13.0
16844,31.0,10.0,28.0,14.0
16845,31.0,10.0,30.0,13.0
16846,31.0,10.0,27.0,17.0
16847,31.0,10.0,31.0,10.0
16848,31.0,10.0,26.0,12.0
16849,31.0,10.0,30.0,13.0
16850,31.0,10.0,31.0,10.0
16851,31.0,10.0,27.0,17.0
16852,31.0,10.0,28.0,14.0
16853,31.0,10.0,31.0,10.0
16854,31.0,10.0,30.0,13.0
16855,31.0,10.0,31.0,10.0
16856,31.0,10.0,31.0,10.0
16857,31.0,10.0,27.0,17.0
16858,31.0,10.0,26.0,12.0
16859,31.0,10.0,28.0,14.0
16860,31.0,10.0,31.0,10.0
16861,31.0,10.0,26.0,12.0
16862,31.0,10.0,28.0,14.0
16863,31.0,10.0,28.0,14.0
16864,31.0,10.0,28.0,14.0
16865,31.0,10.0,32.0,10.0
16866,31.0,10.0,31.0,10.0
16867,31.0,10.0,26.0,12.0
16868,31.0,10.0,31.0,11.0
16869,31.0,10.0,32.0,10.0
16870,31.0,10.0,26.0,12.0
16871,31.0,10.0,26.0,12.0
16872,31.0,10.0,30.0,13.0
16873,31.0,10.0,30.0,13.0
16874,31.0,10.0,31.0,10.0
16875,31.0,10.0,26.0,12.0
16876,31.0,10.0,31.0,11.0
16877,31.0,10.0,27.0,17.0
16878,31.0,10.0,26.0,12.0
16879,31.0,10.0,31.0,10.0
16880,31.0,10.0,31.0,11.0
16881,31.0,10.0,31.0,11.0
16882,31.0,10.0,26.0,12.0
16883,31.0,10.0,31.0,11.0
16884,31.0,10.0,28.0,14.0
16885,31.0,10.0,28.0,14.0
16886,31.0,10.0,26.0,12.0
16887,31.0,10.0,28.0,14.0
16888,31.0,10.0,28.0,14.0
16889,31.0,10.0,27.0,17.0
16890,31.0,10.0,31.0,10.0
16891,31.0,10.0,27.0,17.0
16892,31.0,10.0,30.0,13.0
16893,31.0,10.0,32.0,10.0
16894,31.0,10.0,30.0,13.0
16895,31.0,10.0,31.0,11.0
16896,31.0,10.0,31.0,10.0
16897,31.0,10.0,30.0,13.0
16898,31.0,10.0,32.0,10.0
16899,31.0,10.0,30.0,13.0
16900,31.0,10.0,31.0,10.0
16901,31.0,10.0,28.0,14.0
16902,31.0,10.0,31.0,10.0
16903,31.0,10.0,30.0,13.0
16904,31.0,10.0,28.0,14.0
16905,31.0,10.0,27.0,17.0
16906,31.0,10.0,31.0,10.0
16907,31.0,10.0,31.0,11.0
16908,31.0,10.0,28.0,14.0
16909,31.0,10.0,28.0,14.0
16910,31.0,10.0,27.0,17.0
16911,31.0,10.0,31.0,10.0
16912,31.0,10.0,28.0,14.0
16913,31.0,10.0,26.0,12.0
16914,31.0,10.0,31.0,11.0
16915,31.0,10.0,26.0,12.0
16916,31.0,10.0,30.0,13.0
16917,31.0,10.0,31.0,10.0
16918,31.0,10.0,27.0,17.0
16919,31.0,10.0,31.0,10.0
16920,31.0,10.0,27.0,17.0
16921,31.0,10.0,27.0,17.0
16922,31.0,10.0,28.0,14.0
16923,31.0,10.0,28.0,14.0
16924,31.0,10.0,31.0,11.0
16925,31.0,10.0,28.0,14.0
16926,31.0,10.0,31.0,11.0
16927,31.0,10.0,31.0,11.0
16928,31.0,10.0,27.0,17.0
16929,31.0,10.0,31.0,10.0
16930,31.0,10.0,32.0,10.0
16931,31.0,10.0,28.0,14.0
16932,31.0,10.0,31.0,10.0
16933,31.0,10.0,31.0,10.0
16934,31.0,10.0,31.0,10.0
16935,31.0,10.0,32.0,10.0
16936,31.0,10.0,30.0,13.0
16937,31.0,10.0,31.0,10.0
16938,31.0,10.0,26.0,12.0
16939,31.0,10.0,31.0,10.0
16940,31.0,10.0,27.0,17.0
16941,31.0,10.0,32.0,10.0
16942,31.0,10.0,26.0,12.0
16943,31.0,10.0,27.0,17.0
16944,31.0,10.0,31.0,10.0
16945,31.0,10.0,32.0,10.0
16946,31.0,10.0,31.0,10.0
16947,31.0,10.0,30.0,13.0
16948,31.0,10.0,31.0,10.0
16949,31.0,10.0,27.0,17.0
16950,31.0,10.0,31.0,10.0
16951,31.0,10.0,31.0,11.0
16952,31.0,10.0,28.0,14.0
16953,31.0,10.0,31.0,10.0
16954,31.0,10.0,31.0,10.0
16955,31.0,10.0,31.0,11.0
16956,31.0,10.0,27.0,17.0
16957,31.0,10.0,31.0,11.0
16958,31.0,10.0,32.0,10.0
16959,31.0,10.0,28.0,14.0
16960,31.0,10.0,32.0,10.0
16961,31.0,10.0,31.0,10.0
16962,31.0,10.0,30.0,13.0
16963,31.0,10.0,30.0,13.0
16964,31.0,10.0,27.0,17.0
16965,31.0,10.0,27.0,17.0
16966,31.0,10.0,26.0,12.0
16967,31.0,10.0,31.0,10.0
16968,31.0,10.0,30.0,13.0
16969,31.0,10.0,28.0,14.0
16970,31.0,10.0,30.0,13.0
16971,31.0,10.0,32.0,10.0
16972,31.0,10.0,31.0,10.0
16973,31.0,10.0,32.0,10.0
16974,31.0,10.0,26.0,12.0
16975,31.0,10.0,27.0,17.0
16976,31.0,10.0,27.0,17.0
16977,31.0,10.0,32.0,10.0
16978,31.0,10.0,31.0,10.0
16979,31.0,10.0,31.0,10.0
16980,31.0,10.0,26.0,12.0
16981,31.0,10.0,31.0,10.0
16982,31.0,10.0,26.0,12.0
16983,31.0,10.0,31.0,10.0
16984,31.0,10.0,31.0,10.0
16985,31.0,10.0,31.0,11.0
16986,31.0,10.0,31.0,10.0
16987,31.0,10.0,27.0,17.0
16988,31.0,10.0,26.0,12.0
16989,31.0,10.0,26.0,12.0
16990,31.0,10.0,30.0,13.0
16991,31.0,10.0,31.0,10.0
16992,31.0,10.0,28.0,14.0
16993,31.0,10.0,28.0,14.0
16994,31.0,10.0,28.0,14.0
16995,31.0,10.0,30.0,13.0
16996,31.0,10.0,31.0,10.0
16997,31.0,10.0,26.0,12.0
16998,31.0,10.0,32.0,10.0
16999,31.0,10.0,26.0,12.0
17000,31.0,10.0,32.0,10.0
17001,31.0,10.0,32.0,10.0
17002,31.0,10.0,28.0,14.0
17003,31.0,10.0,28.0,14.0
17004,31.0,10.0,27.0,17.0
17005,31.0,10.0,26.0,12.0
17006,31.0,10.0,28.0,14.0
17007,31.0,10.0,31.0,10.0
17008,31.0,10.0,32.0,10.0
17009,31.0,10.0,28.0,14.0
17010,31.0,10.0,31.0,10.0
17011,31.0,10.0,30.0,13.0
17012,31.0,10.0,31.0,10.0
17013,31.0,10.0,31.0,10.0
17014,31.0,10.0,27.0,17.0
17015,31.0,10.0,31.0,10.0
17016,31.0,10.0,31.0,10.0
17017,31.0,10.0,27.0,17.0
17018,31.0,10.0,27.0,17.0
17019,31.0,10.0,31.0,10.0
17020,31.0,10.0,28.0,14.0
17021,31.0,10.0,30.0,13.0
17022,31.0,10.0,32.0,10.0
17023,31.0,10.0,30.0,13.0
17024,31.0,10.0,26.0,12.0
17025,31.0,10.0,26.0,12.0
17026,31.0,10.0,27.0,17.0
17027,31.0,10.0,31.0,10.0
17028,31.0,10.0,31.0,11.0
17029,31.0,10.0,26.0,12.0
17030,31.0,10.0,31.0,10.0
17031,31.0,10.0,31.0,11.0
17032,31.0,10.0,27.0,17.0
17033,31.0,10.0,28.0,14.0
17034,31.0,10.0,27.0,17.0
17035,31.0,10.0,31.0,10.0
17036,31.0,10.0,27.0,17.0
17037,31.0,10.0,31.0,10.0
17038,31.0,10.0,31.0,10.0
17039,31.0,10.0,31.0,10.0
17040,31.0,10.0,28.0,14.0
17041,31.0,10.0,32.0,10.0
17042,31.0,10.0,32.0,10.0
17043,31.0,10.0,31.0,11.0
17044,31.0,10.0,28.0,14.0
17045,31.0,10.0,31.0,10.0
17046,31.0,10.0,26.0,12.0
17047,31.0,10.0,27.0,17.0
17048,31.0,10.0,31.0,10.0
17049,31.0,10.0,31.0,10.0
17050,31.0,10.0,31.0,11.0
17051,31.0,10.0,30.0,13.0
17052,31.0,10.0,27.0,17.0
17053,31.0,10.0,27.0,17.0
17054,31.0,10.0,26.0,12.0
17055,31.0,10.0,32.0,10.0
17056,31.0,10.0,30.0,13.0
17057,31.0,10.0,31.0,11.0
17058,31.0,10.0,31.0,10.0
17059,31.0,10.0,27.0,17.0
17060,31.0,10.0,27.0,17.0
17061,31.0,10.0,31.0,10.0
17062,31.0,10.0,32.0,10.0
17063,31.0,10.0,31.0,11.0
17064,31.0,10.0,31.0,10.0
17065,31.0,10.0,31.0,11.0
17066,31.0,10.0,32.0,10.0
17067,31.0,10.0,31.0,10.0
17068,31.0,10.0,27.0,17.0
17069,31.0,10.0,32.0,10.0
17070,31.0,10.0,28.0,14.0
17071,31.0,10.0,28.0,14.0
17072,31.0,10.0,31.0,10.0
17073,31.0,10.0,27.0,17.0
17074,31.0,10.0,31.0,10.0
17075,31.0,10.0,32.0,10.0
17076,31.0,10.0,28.0,14.0
17077,31.0,10.0,31.0,10.0
17078,31.0,10.0,31.0,10.0
17079,31.0,10.0,30.0,13.0
17080,31.0,10.0,31.0,10.0
17081,31.0,10.0,28.0,14.0
17082,31.0,10.0,31.0,11.0
17083,31.0,10.0,31.0,10.0
17084,31.0,10.0,31.0,10.0
17085,31.0,10.0,32.0,10.0
17086,31.0,10.0,28.0,14.0
17087,31.0,10.0,26.0,12.0
17088,31.0,10.0,27.0,17.0
17089,31.0,10.0,27.0,17.0
17090,31.0,10.0,27.0,17.0
17091,31.0,10.0,31.0,10.0
17092,31.0,10.0,31.0,11.0
17093,31.0,10.0,27.0,17.0
17094,31.0,10.0,31.0,11.0
17095,31.0,10.0,31.0,11.0
17096,31.0,10.0,30.0,13.0
17097,31.0,10.0,31.0,10.0
17098,31.0,10.0,31.0,11.0
17099,31.0,10.0,32.0,10.0
17100,31.0,10.0,32.0,10.0
17101,31.0,10.0,31.0,10.0
17102,31.0,10.0,30.0,13.0
17103,31.0,10.0,31.0,10.0
17104,31.0,10.0,31.0,10.0
17105,31.0,10.0,31.0,10.0
17106,31.0,10.0,28.0,14.0
17107,31.0,10.0,26.0,12.0
17108,31.0,10.0,32.0,10.0
17109,31.0,10.0,26.0,12.0
17110,31.0,10.0,31.0,11.0
17111,31.0,10.0,26.0,12.0
17112,31.0,10.0,27.0,17.0
17113,31.0,10.0,31.0,11.0
17114,31.0,10.0,27.0,17.0
17115,31.0,10.0,28.0,14.0
17116,31.0,10.0,28.0,14.0
17117,31.0,10.0,31.0,10.0
17118,31.0,10.0,31.0,10.0
17119,31.0,10.0,28.0,14.0
17120,31.0,10.0,31.0,10.0
17121,31.0,10.0,31.0,10.0
17122,31.0,10.0,32.0,10.0
17123,31.0,10.0,32.0,10.0
17124,31.0,10.0,27.0,17.0
17125,31.0,10.0,30.0,13.0
17126,31.0,10.0,26.0,12.0
17127,31.0,10.0,28.0,14.0
17128,31.0,10.0,30.0,13.0
17129,31.0,10.0,28.0,14.0
17130,31.0,10.0,28.0,14.0
17131,31.0,10.0,31.0,11.0
17132,31.0,10.0,27.0,17.0
17133,31.0,10.0,26.0,12.0
17134,31.0,10.0,27.0,17.0
17135,31.0,10.0,31.0,11.0
17136,31.0,10.0,30.0,13.0
17137,31.0,10.0,26.0,12.0
17138,31.0,10.0,32.0,10.0
17139,31.0,10.0,31.0,10.0
17140,31.0,10.0,31.0,10.0
17141,31.0,10.0,31.0,10.0
17142,31.0,10.0,28.0,14.0
17143,31.0,10.0,26.0,12.0
17144,31.0,10.0,31.0,10.0
17145,31.0,10.0,30.0,13.0
17146,31.0,10.0,26.0,12.0
17147,31.0,10.0,31.0,10.0
17148,31.0,10.0,27.0,17.0
17149,31.0,10.0,32.0,10.0
17150,31.0,10.0,27.0,17.0
17151,31.0,10.0,31.0,10.0
17152,31.0,10.0,31.0,10.0
17153,31.0,10.0,28.0,14.0
17154,31.0,10.0,31.0,11.0
17155,31.0,10.0,31.0,11.0
17156,31.0,10.0,26.0,12.0
17157,31.0,10.0,31.0,11.0
17158,31.0,10.0,26.0,12.0
17159,31.0,10.0,31.0,11.0
17160,31.0,10.0,32.0,10.0
17161,31.0,10.0,31.0,10.0
17162,31.0,10.0,31.0,10.0
17163,31.0,10.0,27.0,17.0
17164,31.0,10.0,31.0,10.0
17165,31.0,10.0,27.0,17.0
17166,31.0,10.0,27.0,17.0
17167,31.0,10.0,31.0,10.0
17168,31.0,10.0,31.0,11.0
17169,31.0,10.0,31.0,10.0
17170,31.0,10.0,31.0,11.0
17171,31.0,10.0,30.0,13.0
17172,31.0,10.0,31.0,10.0
17173,31.0,10.0,31.0,10.0
17174,31.0,10.0,32.0,10.0
17175,31.0,10.0,31.0,10.0
17176,31.0,10.0,27.0,17.0
17177,31.0,10.0,26.0,12.0
17178,31.0,10.0,26.0,12.0
17179,31.0,10.0,31.0,10.0
17180,31.0,10.0,28.0,14.0
17181,31.0,10.0,27.0,17.0
17182,31.0,10.0,31.0,10.0
17183,31.0,10.0,31.0,11.0
17184,31.0,10.0,26.0,12.0
17185,31.0,10.0,31.0,10.0
17186,31.0,10.0,26.0,12.0
17187,31.0,10.0,31.0,10.0
17188,31.0,10.0,31.0,10.0
17189,31.0,10.0,27.0,17.0
17190,31.0,10.0,26.0,12.0
17191,31.0,10.0,31.0,10.0
17192,31.0,10.0,28.0,14.0
17193,31.0,10.0,28.0,14.0
17194,31.0,10.0,31.0,10.0
17195,31.0,10.0,31.0,10.0
17196,31.0,10.0,26.0,12.0
17197,31.0,10.0,32.0,10.0
17198,31.0,10.0,28.0,14.0
17199,31.0,10.0,31.0,11.0
17200,31.0,10.0,27.0,17.0
17201,31.0,10.0,31.0,11.0
17202,31.0,10.0,28.0,14.0
17203,31.0,10.0,31.0,10.0
17204,31.0,10.0,26.0,12.0
17205,31.0,10.0,28.0,14.0
17206,31.0,10.0,31.0,10.0
17207,31.0,10.0,27.0,17.0
17208,31.0,10.0,26.0,12.0
17209,31.0,10.0,32.0,10.0
17210,31.0,10.0,28.0,14.0
17211,31.0,10.0,27.0,17.0
17212,31.0,10.0,30.0,13.0
17213,31.0,10.0,31.0,10.0
17214,31.0,10.0,26.0,12.0
17215,31.0,10.0,31.0,10.0
17216,31.0,10.0,30.0,13.0
17217,31.0,10.0,28.0,14.0
17218,31.0,10.0,27.0,17.0
17219,31.0,10.0,26.0,12.0
17220,31.0,10.0,26.0,12.0
17221,31.0,10.0,31.0,10.0
17222,31.0,10.0,31.0,10.0
17223,31.0,10.0,32.0,10.0
17224,31.0,10.0,27.0,17.0
17225,31.0,10.0,27.0,17.0
17226,31.0,10.0,32.0,10.0
17227,31.0,10.0,27.0,17.0
17228,31.0,10.0,27.0,17.0
17229,31.0,10.0,31.0,10.0
17230,31.0,10.0,30.0,13.0
17231,31.0,10.0,31.0,10.0
17232,31.0,10.0,30.0,13.0
17233,31.0,10.0,28.0,14.0
17234,31.0,10.0,31.0,10.0
17235,31.0,10.0,27.0,17.0
17236,31.0,10.0,31.0,11.0
17237,31.0,10.0,26.0,12.0
17238,31.0,10.0,32.0,10.0
17239,31.0,10.0,28.0,14.0
17240,31.0,10.0,31.0,10.0
17241,31.0,10.0,31.0,10.0
17242,31.0,10.0,31.0,10.0
17243,31.0,10.0,31.0,10.0
17244,31.0,10.0,31.0,11.0
17245,31.0,10.0,31.0,10.0
17246,31.0,10.0,31.0,10.0
17247,31.0,10.0,31.0,10.0
17248,31.0,10.0,27.0,17.0
17249,31.0,10.0,28.0,14.0
17250,31.0,10.0,28.0,14.0
17251,31.0,10.0,28.0,14.0
17252,31.0,10.0,31.0,10.0
17253,31.0,10.0,30.0,13.0
17254,31.0,10.0,31.0,11.0
17255,31.0,10.0,31.0,10.0
17256,31.0,10.0,31.0,10.0
17257,31.0,10.0,31.0,10.0
17258,31.0,10.0,27.0,17.0
17259,31.0,10.0,26.0,12.0
17260,31.0,10.0,30.0,13.0
17261,31.0,10.0,31.0,10.0
17262,31.0,10.0,31.0,11.0
17263,31.0,10.0,31.0,11.0
17264,31.0,10.0,32.0,10.0
17265,31.0,10.0,31.0,10.0
17266,31.0,10.0,31.0,10.0
17267,31.0,10.0,31.0,10.0
17268,31.0,10.0,30.0,13.0
17269,31.0,10.0,31.0,10.0
17270,31.0,10.0,31.0,10.0
17271,31.0,10.0,26.0,12.0
17272,31.0,10.0,31.0,10.0
17273,31.0,10.0,26.0,12.0
17274,31.0,10.0,31.0,10.0
17275,31.0,10.0,26.0,12.0
17276,31.0,10.0,31.0,10.0
17277,31.0,10.0,31.0,11.0
17278,31.0,10.0,31.0,10.0
17279,31.0,10.0,32.0,10.0
17280,31.0,10.0,31.0,10.0
17281,31.0,10.0,26.0,12.0
17282,31.0,10.0,31.0,10.0
17283,31.0,10.0,26.0,12.0
17284,31.0,10.0,32.0,10.0
17285,31.0,10.0,26.0,12.0
17286,31.0,10.0,26.0,12.0
17287,31.0,10.0,31.0,10.0
17288,31.0,10.0,27.0,17.0
17289,31.0,10.0,31.0,10.0
17290,31.0,10.0,31.0,10.0
17291,31.0,10.0,31.0,10.0
17292,31.0,10.0,26.0,12.0
17293,31.0,10.0,26.0,12.0
17294,31.0,10.0,27.0,17.0
17295,31.0,10.0,28.0,14.0
17296,31.0,10.0,30.0,13.0
17297,31.0,10.0,32.0,10.0
17298,31.0,10.0,26.0,12.0
17299,31.0,10.0,28.0,14.0
17300,31.0,10.0,26.0,12.0
17301,31.0,10.0,26.0,12.0
17302,31.0,10.0,28.0,14.0
17303,31.0,10.0,31.0,10.0
17304,31.0,10.0,26.0,12.0
17305,31.0,10.0,31.0,10.0
17306,31.0,10.0,30.0,13.0
17307,31.0,10.0,31.0,10.0
17308,31.0,10.0,30.0,13.0
17309,31.0,10.0,28.0,14.0
17310,31.0,10.0,30.0,13.0
17311,31.0,10.0,28.0,14.0
17312,31.0,10.0,31.0,10.0
17313,31.0,10.0,27.0,17.0
17314,31.0,10.0,27.0,17.0
17315,31.0,10.0,31.0,10.0
17316,31.0,10.0,31.0,10.0
17317,31.0,10.0,28.0,14.0
17318,31.0,10.0,31.0,11.0
17319,31.0,10.0,28.0,14.0
17320,31.0,10.0,32.0,10.0
17321,31.0,10.0,31.0,11.0
17322,31.0,10.0,31.0,10.0
17323,31.0,10.0,27.0,17.0
17324,31.0,10.0,31.0,10.0
17325,31.0,10.0,28.0,14.0
17326,31.0,10.0,31.0,10.0
17327,31.0,10.0,31.0,11.0
17328,31.0,10.0,31.0,11.0
17329,31.0,10.0,31.0,10.0
17330,31.0,10.0,32.0,10.0
17331,31.0,10.0,31.0,11.0
17332,31.0,10.0,31.0,10.0
17333,31.0,10.0,31.0,11.0
17334,31.0,10.0,31.0,10.0
17335,31.0,10.0,26.0,12.0
17336,31.0,10.0,28.0,14.0
17337,31.0,10.0,28.0,14.0
17338,31.0,10.0,31.0,11.0
17339,31.0,10.0,28.0,14.0
17340,31.0,10.0,26.0,12.0
17341,31.0,10.0,26.0,12.0
17342,31.0,10.0,26.0,12.0
17343,31.0,10.0,31.0,10.0
17344,31.0,10.0,27.0,17.0
17345,31.0,10.0,30.0,13.0
17346,31.0,10.0,32.0,10.0
17347,31.0,10.0,26.0,12.0
17348,31.0,10.0,30.0,13.0
17349,31.0,10.0,28.0,14.0
17350,31.0,10.0,31.0,10.0
17351,31.0,10.0,28.0,14.0
17352,31.0,10.0,31.0,11.0
17353,31.0,10.0,31.0,10.0
17354,31.0,10.0,31.0,10.0
17355,31.0,10.0,27.0,17.0
17356,31.0,10.0,31.0,10.0
17357,31.0,10.0,28.0,14.0
17358,31.0,10.0,31.0,10.0
17359,31.0,10.0,30.0,13.0
17360,31.0,10.0,26.0,12.0
17361,31.0,10.0,31.0,10.0
17362,31.0,10.0,30.0,13.0
17363,31.0,10.0,32.0,10.0
17364,31.0,10.0,31.0,10.0
17365,31.0,10.0,26.0,12.0
17366,31.0,10.0,31.0,10.0
17367,31.0,10.0,31.0,10.0
17368,31.0,10.0,30.0,13.0
17369,31.0,10.0,28.0,14.0
17370,31.0,10.0,27.0,17.0
17371,31.0,10.0,27.0,17.0
17372,31.0,10.0,31.0,10.0
17373,31.0,10.0,28.0,14.0
17374,31.0,10.0,32.0,10.0
17375,31.0,10.0,31.0,10.0
17376,31.0,10.0,28.0,14.0
17377,31.0,10.0,28.0,14.0
17378,31.0,10.0,28.0,14.0
17379,31.0,10.0,28.0,14.0
17380,31.0,10.0,28.0,14.0
17381,31.0,10.0,28.0,14.0
17382,31.0,10.0,31.0,10.0
17383,31.0,10.0,30.0,13.0
17384,31.0,10.0,31.0,10.0
17385,31.0,10.0,30.0,13.0
17386,31.0,10.0,31.0,10.0
17387,31.0,10.0,31.0,10.0
17388,31.0,10.0,32.0,10.0
17389,31.0,10.0,26.0,12.0
17390,31.0,10.0,27.0,17.0
17391,31.0,10.0,26.0,12.0
17392,31.0,10.0,28.0,14.0
17393,31.0,10.0,30.0,13.0
17394,31.0,10.0,32.0,10.0
17395,31.0,10.0,27.0,17.0
17396,31.0,10.0,31.0,10.0
17397,31.0,10.0,27.0,17.0
17398,31.0,10.0,26.0,12.0
17399,31.0,10.0,30.0,13.0
17400,31.0,10.0,26.0,12.0
17401,31.0,10.0,31.0,11.0
17402,31.0,10.0,28.0,14.0
17403,31.0,10.0,27.0,17.0
17404,31.0,10.0,26.0,12.0
17405,31.0,10.0,31.0,10.0
17406,31.0,10.0,31.0,10.0
17407,31.0,10.0,30.0,13.0
17408,31.0,10.0,28.0,14.0
17409,31.0,10.0,28.0,14.0
17410,31.0,10.0,32.0,10.0
17411,31.0,10.0,31.0,10.0
17412,31.0,10.0,27.0,17.0
17413,31.0,10.0,26.0,12.0
17414,31.0,10.0,32.0,10.0
17415,31.0,10.0,27.0,17.0
17416,31.0,10.0,26.0,12.0
17417,31.0,10.0,32.0,10.0
17418,31.0,10.0,32.0,10.0
17419,31.0,10.0,28.0,14.0
17420,31.0,10.0,30.0,13.0
17421,31.0,10.0,26.0,12.0
17422,31.0,10.0,27.0,17.0
17423,31.0,10.0,28.0,14.0
17424,31.0,10.0,26.0,12.0
17425,31.0,10.0,31.0,10.0
17426,31.0,10.0,32.0,10.0
17427,31.0,10.0,28.0,14.0
17428,31.0,10.0,27.0,17.0
17429,31.0,10.0,30.0,13.0
17430,31.0,10.0,32.0,10.0
17431,31.0,10.0,26.0,12.0
17432,31.0,10.0,28.0,14.0
17433,31.0,10.0,31.0,10.0
17434,31.0,10.0,31.0,10.0
17435,31.0,10.0,30.0,13.0
17436,31.0,10.0,31.0,10.0
17437,31.0,10.0,31.0,10.0
17438,31.0,10.0,31.0,10.0
17439,31.0,10.0,27.0,17.0
17440,31.0,10.0,30.0,13.0
17441,31.0,10.0,27.0,17.0
17442,31.0,10.0,31.0,10.0
17443,31.0,10.0,28.0,14.0
17444,31.0,10.0,31.0,10.0
17445,31.0,10.0,31.0,10.0
17446,31.0,10.0,28.0,14.0
17447,31.0,10.0,31.0,10.0
17448,31.0,10.0,31.0,10.0
17449,31.0,10.0,28.0,14.0
17450,31.0,10.0,28.0,14.0
17451,31.0,10.0,31.0,11.0
17452,31.0,10.0,26.0,12.0
17453,31.0,10.0,30.0,13.0
17454,31.0,10.0,27.0,17.0
17455,31.0,10.0,30.0,13.0
17456,31.0,10.0,26.0,12.0
17457,31.0,10.0,27.0,17.0
17458,31.0,10.0,26.0,12.0
17459,31.0,10.0,28.0,14.0
17460,31.0,10.0,30.0,13.0
17461,31.0,10.0,31.0,11.0
17462,31.0,10.0,28.0,14.0
17463,31.0,10.0,26.0,12.0
17464,31.0,10.0,31.0,10.0
17465,31.0,10.0,32.0,10.0
17466,31.0,10.0,31.0,10.0
17467,31.0,10.0,31.0,10.0
17468,31.0,10.0,31.0,10.0
17469,31.0,10.0,30.0,13.0
17470,31.0,10.0,26.0,12.0
17471,31.0,10.0,31.0,10.0
17472,31.0,10.0,30.0,13.0
17473,31.0,10.0,28.0,14.0
17474,31.0,10.0,28.0,14.0
17475,31.0,10.0,31.0,10.0
17476,31.0,10.0,27.0,17.0
17477,31.0,10.0,28.0,14.0
17478,31.0,10.0,31.0,10.0
17479,31.0,10.0,30.0,13.0
17480,31.0,10.0,26.0,12.0
17481,31.0,10.0,31.0,10.0
17482,31.0,10.0,28.0,14.0
17483,31.0,10.0,27.0,17.0
17484,31.0,10.0,31.0,10.0
17485,31.0,10.0,27.0,17.0
17486,31.0,10.0,31.0,10.0
17487,31.0,10.0,31.0,10.0
17488,31.0,10.0,30.0,13.0
17489,31.0,10.0,32.0,10.0
17490,31.0,10.0,30.0,13.0
17491,31.0,10.0,27.0,17.0
17492,31.0,10.0,31.0,10.0
17493,31.0,10.0,28.0,14.0
17494,31.0,10.0,30.0,13.0
17495,31.0,10.0,32.0,10.0
17496,31.0,10.0,30.0,13.0
17497,31.0,10.0,31.0,10.0
17498,31.0,10.0,27.0,17.0
17499,31.0,10.0,30.0,13.0
17500,31.0,10.0,31.0,10.0
17501,31.0,10.0,27.0,17.0
17502,31.0,10.0,31.0,10.0
17503,31.0,10.0,31.0,10.0
17504,31.0,10.0,31.0,10.0
17505,31.0,10.0,26.0,12.0
17506,31.0,10.0,26.0,12.0
17507,31.0,10.0,27.0,17.0
17508,31.0,10.0,30.0,13.0
17509,31.0,10.0,31.0,10.0
17510,31.0,10.0,28.0,14.0
17511,31.0,10.0,30.0,13.0
17512,31.0,10.0,26.0,12.0
17513,31.0,10.0,28.0,14.0
17514,31.0,10.0,26.0,12.0
17515,31.0,10.0,30.0,13.0
17516,31.0,10.0,27.0,17.0
17517,31.0,10.0,31.0,10.0
17518,31.0,10.0,31.0,10.0
17519,31.0,10.0,31.0,11.0
17520,31.0,10.0,31.0,10.0
17521,31.0,10.0,32.0,10.0
17522,31.0,10.0,28.0,14.0
17523,31.0,10.0,31.0,10.0
17524,31.0,10.0,28.0,14.0
17525,31.0,10.0,31.0,10.0
17526,31.0,10.0,26.0,12.0
17527,31.0,10.0,31.0,10.0
17528,31.0,10.0,31.0,11.0
17529,31.0,10.0,32.0,10.0
17530,31.0,10.0,31.0,11.0
17531,31.0,10.0,31.0,10.0
17532,31.0,10.0,30.0,13.0
17533,31.0,10.0,26.0,12.0
17534,31.0,10.0,28.0,14.0
17535,31.0,10.0,31.0,10.0
17536,31.0,10.0,32.0,10.0
17537,31.0,10.0,31.0,11.0
17538,31.0,10.0,31.0,10.0
17539,31.0,10.0,27.0,17.0
17540,31.0,10.0,26.0,12.0
17541,31.0,10.0,31.0,10.0
17542,31.0,10.0,31.0,10.0
17543,31.0,10.0,31.0,10.0
17544,31.0,10.0,26.0,12.0
17545,31.0,10.0,32.0,10.0
17546,31.0,10.0,30.0,13.0
17547,31.0,10.0,28.0,14.0
17548,31.0,10.0,31.0,11.0
17549,31.0,10.0,32.0,10.0
17550,31.0,10.0,31.0,10.0
17551,31.0,10.0,28.0,14.0
17552,31.0,10.0,31.0,10.0
17553,31.0,10.0,31.0,11.0
17554,31.0,10.0,27.0,17.0
17555,31.0,10.0,27.0,17.0
17556,31.0,10.0,31.0,10.0
17557,31.0,10.0,31.0,11.0
17558,31.0,10.0,27.0,17.0
17559,31.0,10.0,31.0,11.0
17560,31.0,10.0,31.0,10.0
17561,31.0,10.0,32.0,10.0
17562,31.0,10.0,32.0,10.0
17563,31.0,10.0,30.0,13.0
17564,31.0,10.0,32.0,10.0
17565,31.0,10.0,30.0,13.0
17566,31.0,10.0,28.0,14.0
17567,31.0,10.0,32.0,10.0
17568,31.0,10.0,31.0,10.0
17569,31.0,10.0,31.0,10.0
17570,31.0,10.0,31.0,10.0
17571,31.0,10.0,31.0,10.0
17572,31.0,10.0,31.0,10.0
17573,31.0,10.0,28.0,14.0
17574,31.0,10.0,26.0,12.0
17575,31.0,10.0,31.0,11.0
17576,31.0,10.0,31.0,10.0
17577,31.0,10.0,31.0,10.0
17578,31.0,10.0,27.0,17.0
17579,31.0,10.0,31.0,10.0
17580,31.0,10.0,31.0,10.0
17581,31.0,10.0,31.0,11.0
17582,31.0,10.0,31.0,10.0
17583,31.0,10.0,31.0,10.0
17584,31.0,10.0,31.0,10.0
17585,31.0,10.0,32.0,10.0
17586,31.0,10.0,32.0,10.0
17587,31.0,10.0,32.0,10.0
17588,31.0,10.0,31.0,10.0
17589,31.0,10.0,31.0,10.0
17590,31.0,10.0,31.0,10.0
17591,31.0,10.0,32.0,10.0
17592,31.0,10.0,31.0,10.0
17593,31.0,10.0,31.0,10.0
17594,31.0,10.0,31.0,10.0
17595,31.0,10.0,32.0,10.0
17596,31.0,10.0,28.0,14.0
17597,31.0,10.0,32.0,10.0
17598,31.0,10.0,31.0,10.0
17599,31.0,10.0,27.0,17.0
17600,31.0,10.0,31.0,10.0
17601,31.0,10.0,28.0,14.0
17602,31.0,10.0,31.0,10.0
17603,31.0,10.0,31.0,10.0
17604,31.0,10.0,32.0,10.0
17605,31.0,10.0,28.0,14.0
17606,31.0,10.0,31.0,10.0
17607,31.0,10.0,32.0,10.0
17608,31.0,10.0,26.0,12.0
17609,31.0,10.0,31.0,10.0
17610,31.0,10.0,28.0,14.0
17611,31.0,10.0,31.0,10.0
17612,31.0,10.0,31.0,10.0
17613,31.0,10.0,28.0,14.0
17614,31.0,10.0,31.0,11.0
17615,31.0,10.0,31.0,11.0
17616,31.0,10.0,30.0,13.0
17617,31.0,10.0,28.0,14.0
17618,31.0,10.0,31.0,11.0
17619,31.0,10.0,32.0,10.0
17620,31.0,10.0,30.0,13.0
17621,31.0,10.0,30.0,13.0
17622,31.0,10.0,30.0,13.0
17623,31.0,10.0,32.0,10.0
17624,31.0,10.0,32.0,10.0
17625,31.0,10.0,31.0,10.0
17626,31.0,10.0,31.0,11.0
17627,31.0,10.0,31.0,10.0
17628,31.0,10.0,27.0,17.0
17629,31.0,10.0,31.0,10.0
17630,31.0,10.0,27.0,17.0
17631,31.0,10.0,32.0,10.0
17632,31.0,10.0,28.0,14.0
17633,31.0,10.0,30.0,13.0
17634,31.0,10.0,31.0,11.0
17635,31.0,10.0,31.0,10.0
17636,31.0,10.0,30.0,13.0
17637,31.0,10.0,31.0,11.0
17638,31.0,10.0,30.0,13.0
17639,31.0,10.0,27.0,17.0
17640,31.0,10.0,31.0,10.0
17641,31.0,10.0,31.0,10.0
17642,31.0,10.0,31.0,10.0
17643,31.0,10.0,28.0,14.0
17644,31.0,10.0,27.0,17.0
17645,31.0,10.0,26.0,12.0
17646,31.0,10.0,31.0,10.0
17647,31.0,10.0,31.0,10.0
17648,31.0,10.0,28.0,14.0
17649,31.0,10.0,32.0,10.0
17650,31.0,10.0,27.0,17.0
17651,31.0,10.0,31.0,10.0
17652,31.0,10.0,32.0,10.0
17653,31.0,10.0,31.0,10.0
17654,31.0,10.0,26.0,12.0
17655,31.0,10.0,32.0,10.0
17656,31.0,10.0,27.0,17.0
17657,31.0,10.0,28.0,14.0
17658,31.0,10.0,32.0,10.0
17659,31.0,10.0,28.0,14.0
17660,31.0,10.0,26.0,12.0
17661,31.0,10.0,26.0,12.0
17662,31.0,10.0,31.0,10.0
17663,31.0,10.0,31.0,10.0
17664,31.0,10.0,27.0,17.0
17665,31.0,10.0,27.0,17.0
17666,31.0,10.0,30.0,13.0
17667,31.0,10.0,28.0,14.0
17668,31.0,10.0,28.0,14.0
17669,31.0,10.0,31.0,10.0
17670,31.0,10.0,28.0,14.0
17671,31.0,10.0,30.0,13.0
17672,31.0,10.0,27.0,17.0
17673,31.0,10.0,28.0,14.0
17674,31.0,10.0,31.0,10.0
17675,31.0,10.0,28.0,14.0
17676,31.0,10.0,32.0,10.0
17677,31.0,10.0,31.0,10.0
17678,31.0,10.0,28.0,14.0
17679,31.0,10.0,31.0,11.0
17680,31.0,10.0,27.0,17.0
17681,31.0,10.0,31.0,10.0
17682,31.0,10.0,30.0,13.0
17683,31.0,10.0,30.0,13.0
17684,31.0,10.0,28.0,14.0
17685,31.0,10.0,27.0,17.0
17686,31.0,10.0,27.0,17.0
17687,31.0,10.0,30.0,13.0
17688,31.0,10.0,26.0,12.0
17689,31.0,10.0,30.0,13.0
17690,31.0,10.0,31.0,10.0
17691,31.0,10.0,28.0,14.0
17692,31.0,10.0,28.0,14.0
17693,31.0,10.0,27.0,17.0
17694,31.0,10.0,27.0,17.0
17695,31.0,10.0,28.0,14.0
17696,31.0,10.0,31.0,11.0
17697,31.0,10.0,28.0,14.0
17698,31.0,10.0,31.0,10.0
17699,31.0,10.0,31.0,10.0
17700,31.0,10.0,27.0,17.0
17701,31.0,10.0,31.0,10.0
17702,31.0,10.0,31.0,10.0
17703,31.0,10.0,31.0,11.0
17704,31.0,10.0,31.0,10.0
17705,31.0,10.0,32.0,10.0
17706,31.0,10.0,27.0,17.0
17707,31.0,10.0,31.0,10.0
17708,31.0,10.0,27.0,17.0
17709,31.0,10.0,31.0,10.0
17710,31.0,10.0,28.0,14.0
17711,31.0,10.0,31.0,10.0
17712,31.0,10.0,26.0,12.0
17713,31.0,10.0,30.0,13.0
17714,31.0,10.0,31.0,10.0
17715,31.0,10.0,32.0,10.0
17716,31.0,10.0,26.0,12.0
17717,31.0,10.0,31.0,10.0
17718,31.0,10.0,26.0,12.0
17719,31.0,10.0,31.0,10.0
17720,31.0,10.0,28.0,14.0
17721,31.0,10.0,30.0,13.0
17722,31.0,10.0,31.0,10.0
17723,31.0,10.0,28.0,14.0
17724,31.0,10.0,27.0,17.0
17725,31.0,10.0,31.0,10.0
17726,31.0,10.0,31.0,11.0
17727,31.0,10.0,28.0,14.0
17728,31.0,10.0,30.0,13.0
17729,31.0,10.0,28.0,14.0
17730,31.0,10.0,31.0,10.0
17731,31.0,10.0,26.0,12.0
17732,31.0,10.0,30.0,13.0
17733,31.0,10.0,32.0,10.0
17734,31.0,10.0,31.0,10.0
17735,31.0,10.0,31.0,10.0
17736,31.0,10.0,27.0,17.0
17737,31.0,10.0,31.0,10.0
17738,31.0,10.0,31.0,10.0
17739,31.0,10.0,32.0,10.0
17740,31.0,10.0,26.0,12.0
17741,31.0,10.0,31.0,10.0
17742,31.0,10.0,31.0,10.0
17743,31.0,10.0,31.0,10.0
17744,31.0,10.0,31.0,10.0
17745,31.0,10.0,30.0,13.0
17746,31.0,10.0,28.0,14.0
17747,31.0,10.0,27.0,17.0
17748,31.0,10.0,31.0,10.0
17749,31.0,10.0,26.0,12.0
17750,31.0,10.0,31.0,10.0
17751,31.0,10.0,31.0,10.0
17752,31.0,10.0,31.0,10.0
17753,31.0,10.0,31.0,10.0
17754,31.0,10.0,26.0,12.0
17755,31.0,10.0,31.0,10.0
17756,31.0,10.0,30.0,13.0
17757,31.0,10.0,31.0,10.0
17758,31.0,10.0,32.0,10.0
17759,31.0,10.0,32.0,10.0
17760,31.0,10.0,27.0,17.0
17761,31.0,10.0,32.0,10.0
17762,31.0,10.0,28.0,14.0
17763,31.0,10.0,26.0,12.0
17764,31.0,10.0,28.0,14.0
17765,31.0,10.0,28.0,14.0
17766,31.0,10.0,27.0,17.0
17767,31.0,10.0,28.0,14.0
17768,31.0,10.0,30.0,13.0
17769,31.0,10.0,26.0,12.0
17770,31.0,10.0,31.0,10.0
17771,31.0,10.0,31.0,10.0
17772,31.0,10.0,32.0,10.0
17773,31.0,10.0,31.0,11.0
17774,31.0,10.0,32.0,10.0
17775,31.0,10.0,26.0,12.0
17776,31.0,10.0,31.0,10.0
17777,31.0,10.0,32.0,10.0
17778,31.0,10.0,31.0,10.0
17779,31.0,10.0,26.0,12.0
17780,31.0,10.0,30.0,13.0
17781,31.0,10.0,31.0,10.0
17782,31.0,10.0,30.0,13.0
17783,31.0,10.0,31.0,11.0
17784,31.0,10.0,31.0,10.0
17785,31.0,10.0,31.0,11.0
17786,31.0,10.0,28.0,14.0
17787,31.0,10.0,26.0,12.0
17788,31.0,10.0,31.0,10.0
17789,31.0,10.0,28.0,14.0
17790,31.0,10.0,31.0,10.0
17791,31.0,10.0,31.0,11.0
17792,31.0,10.0,31.0,10.0
17793,31.0,10.0,31.0,10.0
17794,31.0,10.0,28.0,14.0
17795,31.0,10.0,31.0,10.0
17796,31.0,10.0,31.0,10.0
17797,31.0,10.0,27.0,17.0
17798,31.0,10.0,31.0,11.0
17799,31.0,10.0,26.0,12.0
17800,31.0,10.0,32.0,10.0
17801,31.0,10.0,28.0,14.0
17802,31.0,10.0,28.0,14.0
17803,31.0,10.0,31.0,10.0
17804,31.0,10.0,32.0,10.0
17805,31.0,10.0,26.0,12.0
17806,31.0,10.0,31.0,10.0
17807,31.0,10.0,31.0,11.0
17808,31.0,10.0,28.0,14.0
17809,31.0,10.0,32.0,10.0
17810,31.0,10.0,31.0,10.0
17811,31.0,10.0,28.0,14.0
17812,31.0,10.0,32.0,10.0
17813,31.0,10.0,26.0,12.0
17814,31.0,10.0,31.0,10.0
17815,31.0,10.0,31.0,10.0
17816,31.0,10.0,31.0,10.0
17817,31.0,10.0,32.0,10.0
17818,31.0,10.0,28.0,14.0
17819,31.0,10.0,27.0,17.0
17820,31.0,10.0,32.0,10.0
17821,31.0,10.0,31.0,10.0
17822,31.0,10.0,31.0,10.0
17823,31.0,10.0,27.0,17.0
17824,31.0,10.0,32.0,10.0
17825,31.0,10.0,28.0,14.0
17826,31.0,10.0,31.0,10.0
17827,31.0,10.0,31.0,10.0
17828,31.0,10.0,27.0,17.0
17829,31.0,10.0,26.0,12.0
17830,31.0,10.0,26.0,12.0
17831,31.0,10.0,31.0,10.0
17832,31.0,10.0,32.0,10.0
17833,31.0,10.0,31.0,10.0
17834,31.0,10.0,32.0,10.0
17835,31.0,10.0,26.0,12.0
17836,31.0,10.0,31.0,10.0
17837,31.0,10.0,26.0,12.0
17838,31.0,10.0,31.0,10.0
17839,31.0,10.0,26.0,12.0
17840,31.0,10.0,28.0,14.0
17841,31.0,10.0,31.0,10.0
17842,31.0,10.0,30.0,13.0
17843,31.0,10.0,28.0,14.0
17844,31.0,10.0,26.0,12.0
17845,31.0,10.0,32.0,10.0
17846,31.0,10.0,31.0,10.0
17847,31.0,10.0,31.0,10.0
17848,31.0,10.0,31.0,11.0
17849,31.0,10.0,31.0,10.0
17850,31.0,10.0,31.0,10.0
17851,31.0,10.0,31.0,10.0
17852,31.0,10.0,27.0,17.0
17853,31.0,10.0,32.0,10.0
17854,31.0,10.0,31.0,10.0
17855,31.0,10.0,31.0,10.0
17856,31.0,10.0,27.0,17.0
17857,31.0,10.0,31.0,11.0
17858,31.0,10.0,31.0,10.0
17859,31.0,10.0,28.0,14.0
17860,31.0,10.0,27.0,17.0
17861,31.0,10.0,32.0,10.0
17862,31.0,10.0,31.0,10.0
17863,31.0,10.0,31.0,10.0
17864,31.0,10.0,32.0,10.0
17865,31.0,10.0,27.0,17.0
17866,31.0,10.0,30.0,13.0
17867,31.0,10.0,30.0,13.0
17868,31.0,10.0,32.0,10.0
17869,31.0,10.0,27.0,17.0
17870,31.0,10.0,26.0,12.0
17871,31.0,10.0,32.0,10.0
17872,31.0,10.0,26.0,12.0
17873,31.0,10.0,31.0,10.0
17874,31.0,10.0,31.0,10.0
17875,31.0,10.0,31.0,10.0
17876,31.0,10.0,31.0,10.0
17877,31.0,10.0,31.0,11.0
17878,31.0,10.0,31.0,11.0
17879,31.0,10.0,28.0,14.0
17880,31.0,10.0,26.0,12.0
17881,31.0,10.0,31.0,10.0
17882,31.0,10.0,30.0,13.0
17883,31.0,10.0,28.0,14.0
17884,31.0,10.0,27.0,17.0
17885,31.0,10.0,27.0,17.0
17886,31.0,10.0,28.0,14.0
17887,31.0,10.0,31.0,10.0
17888,31.0,10.0,31.0,10.0
17889,31.0,10.0,28.0,14.0
17890,31.0,10.0,28.0,14.0
17891,31.0,10.0,27.0,17.0
17892,31.0,10.0,31.0,10.0
17893,31.0,10.0,26.0,12.0
17894,31.0,10.0,32.0,10.0
17895,31.0,10.0,31.0,10.0
17896,31.0,10.0,26.0,12.0
17897,31.0,10.0,28.0,14.0
17898,31.0,10.0,31.0,10.0
17899,31.0,10.0,31.0,11.0
17900,31.0,10.0,26.0,12.0
17901,31.0,10.0,30.0,13.0
17902,31.0,10.0,28.0,14.0
17903,31.0,10.0,26.0,12.0
17904,31.0,10.0,30.0,13.0
17905,31.0,10.0,28.0,14.0
17906,31.0,10.0,30.0,13.0
17907,31.0,10.0,28.0,14.0
17908,31.0,10.0,26.0,12.0
17909,31.0,10.0,31.0,10.0
17910,31.0,10.0,31.0,11.0
17911,31.0,10.0,30.0,13.0
17912,31.0,10.0,26.0,12.0
17913,31.0,10.0,27.0,17.0
17914,31.0,10.0,26.0,12.0
17915,31.0,10.0,28.0,14.0
17916,31.0,10.0,30.0,13.0
17917,31.0,10.0,26.0,12.0
17918,31.0,10.0,26.0,12.0
17919,31.0,10.0,31.0,10.0
17920,31.0,10.0,28.0,14.0
17921,31.0,10.0,26.0,12.0
17922,31.0,10.0,31.0,10.0
17923,31.0,10.0,28.0,14.0
17924,31.0,10.0,31.0,10.0
17925,31.0,10.0,31.0,11.0
17926,31.0,10.0,32.0,10.0
17927,31.0,10.0,26.0,12.0
17928,31.0,10.0,31.0,10.0
17929,31.0,10.0,28.0,14.0
17930,31.0,10.0,31.0,10.0
17931,31.0,10.0,28.0,14.0
17932,31.0,10.0,31.0,11.0
17933,31.0,10.0,31.0,10.0
17934,31.0,10.0,26.0,12.0
17935,31.0,10.0,32.0,10.0
17936,31.0,10.0,31.0,10.0
17937,31.0,10.0,26.0,12.0
17938,31.0,10.0,28.0,14.0
17939,31.0,10.0,26.0,12.0
17940,31.0,10.0,31.0,10.0
17941,31.0,10.0,28.0,14.0
17942,31.0,10.0,30.0,13.0
17943,31.0,10.0,26.0,12.0
17944,31.0,10.0,26.0,12.0
17945,31.0,10.0,27.0,17.0
17946,31.0,10.0,28.0,14.0
17947,31.0,10.0,31.0,10.0
17948,31.0,10.0,30.0,13.0
17949,31.0,10.0,28.0,14.0
17950,31.0,10.0,31.0,10.0
17951,31.0,10.0,27.0,17.0
17952,31.0,10.0,31.0,10.0
17953,31.0,10.0,32.0,10.0
17954,31.0,10.0,31.0,10.0
17955,31.0,10.0,30.0,13.0
17956,31.0,10.0,31.0,10.0
17957,31.0,10.0,26.0,12.0
17958,31.0,10.0,27.0,17.0
17959,31.0,10.0,32.0,10.0
17960,31.0,10.0,26.0,12.0
17961,31.0,10.0,27.0,17.0
17962,31.0,10.0,31.0,10.0
17963,31.0,10.0,31.0,11.0
17964,31.0,10.0,26.0,12.0
17965,31.0,10.0,32.0,10.0
17966,31.0,10.0,31.0,10.0
17967,31.0,10.0,31.0,10.0
17968,31.0,10.0,30.0,13.0
17969,31.0,10.0,30.0,13.0
17970,31.0,10.0,31.0,11.0
17971,31.0,10.0,31.0,10.0
17972,31.0,10.0,31.0,10.0
17973,31.0,10.0,28.0,14.0
17974,31.0,10.0,28.0,14.0
17975,31.0,10.0,31.0,10.0
17976,31.0,10.0,31.0,10.0
17977,31.0,10.0,27.0,17.0
17978,31.0,10.0,30.0,13.0
17979,31.0,10.0,31.0,10.0
17980,31.0,10.0,30.0,13.0
17981,31.0,10.0,26.0,12.0
17982,31.0,10.0,27.0,17.0
17983,31.0,10.0,31.0,11.0
17984,31.0,10.0,31.0,10.0
17985,31.0,10.0,27.0,17.0
17986,31.0,10.0,26.0,12.0
17987,31.0,10.0,26.0,12.0
17988,31.0,10.0,27.0,17.0
17989,31.0,10.0,31.0,10.0
17990,31.0,10.0,31.0,10.0
17991,31.0,10.0,31.0,10.0
17992,31.0,10.0,30.0,13.0
17993,31.0,10.0,31.0,10.0
17994,31.0,10.0,26.0,12.0
17995,31.0,10.0,31.0,10.0
17996,31.0,10.0,27.0,17.0
17997,31.0,10.0,31.0,11.0
17998,31.0,10.0,31.0,10.0
17999,31.0,10.0,30.0,13.0
18000,31.0,10.0,31.0,11.0
18001,31.0,10.0,28.0,14.0
18002,31.0,10.0,30.0,13.0
18003,31.0,10.0,32.0,10.0
18004,31.0,10.0,32.0,10.0
18005,31.0,10.0,30.0,13.0
18006,31.0,10.0,32.0,10.0
18007,31.0,10.0,31.0,10.0
18008,31.0,10.0,28.0,14.0
18009,31.0,10.0,32.0,10.0
18010,31.0,10.0,26.0,12.0
18011,31.0,10.0,31.0,10.0
18012,31.0,10.0,31.0,11.0
18013,31.0,10.0,31.0,10.0
18014,31.0,10.0,30.0,13.0
18015,31.0,10.0,32.0,10.0
18016,31.0,10.0,31.0,10.0
18017,31.0,10.0,31.0,11.0
18018,31.0,10.0,31.0,11.0
18019,31.0,10.0,28.0,14.0
18020,31.0,10.0,27.0,17.0
18021,31.0,10.0,26.0,12.0
18022,31.0,10.0,31.0,10.0
18023,31.0,10.0,30.0,13.0
18024,31.0,10.0,27.0,17.0
18025,31.0,10.0,28.0,14.0
18026,31.0,10.0,28.0,14.0
18027,31.0,10.0,30.0,13.0
18028,31.0,10.0,27.0,17.0
18029,31.0,10.0,31.0,10.0
18030,31.0,10.0,27.0,17.0
18031,31.0,10.0,26.0,12.0
18032,31.0,10.0,28.0,14.0
18033,31.0,10.0,32.0,10.0
18034,31.0,10.0,28.0,14.0
18035,31.0,10.0,28.0,14.0
18036,31.0,10.0,31.0,10.0
18037,31.0,10.0,31.0,10.0
18038,31.0,10.0,31.0,11.0
18039,31.0,10.0,27.0,17.0
18040,31.0,10.0,26.0,12.0
18041,31.0,10.0,31.0,10.0
18042,31.0,10.0,31.0,11.0
18043,31.0,10.0,32.0,10.0
18044,31.0,10.0,26.0,12.0
18045,31.0,10.0,31.0,10.0
18046,31.0,10.0,31.0,11.0
18047,31.0,10.0,28.0,14.0
18048,31.0,10.0,26.0,12.0
18049,31.0,10.0,30.0,13.0
18050,31.0,10.0,31.0,11.0
18051,31.0,10.0,31.0,10.0
18052,31.0,10.0,31.0,10.0
18053,31.0,10.0,32.0,10.0
18054,31.0,10.0,32.0,10.0
18055,31.0,10.0,28.0,14.0
18056,31.0,10.0,26.0,12.0
18057,31.0,10.0,31.0,11.0
18058,31.0,10.0,28.0,14.0
18059,31.0,10.0,30.0,13.0
18060,31.0,10.0,28.0,14.0
18061,31.0,10.0,28.0,14.0
18062,31.0,10.0,30.0,13.0
18063,31.0,10.0,31.0,10.0
18064,31.0,10.0,32.0,10.0
18065,31.0,10.0,31.0,11.0
18066,31.0,10.0,26.0,12.0
18067,31.0,10.0,27.0,17.0
18068,31.0,10.0,31.0,10.0
18069,31.0,10.0,30.0,13.0
18070,31.0,10.0,31.0,10.0
18071,31.0,10.0,31.0,10.0
18072,31.0,10.0,27.0,17.0
18073,31.0,10.0,31.0,10.0
18074,31.0,10.0,28.0,14.0
18075,31.0,10.0,31.0,10.0
18076,31.0,10.0,30.0,13.0
18077,31.0,10.0,30.0,13.0
18078,31.0,10.0,32.0,10.0
18079,31.0,10.0,26.0,12.0
18080,31.0,10.0,27.0,17.0
18081,31.0,10.0,30.0,13.0
18082,31.0,10.0,30.0,13.0
18083,31.0,10.0,31.0,10.0
18084,31.0,10.0,31.0,11.0
18085,31.0,10.0,32.0,10.0
18086,31.0,10.0,28.0,14.0
18087,31.0,10.0,31.0,11.0
18088,31.0,10.0,26.0,12.0
18089,31.0,10.0,31.0,11.0
18090,31.0,10.0,30.0,13.0
18091,31.0,10.0,27.0,17.0
18092,31.0,10.0,26.0,12.0
18093,31.0,10.0,31.0,11.0
18094,31.0,10.0,28.0,14.0
18095,31.0,10.0,31.0,10.0
18096,31.0,10.0,32.0,10.0
18097,31.0,10.0,31.0,11.0
18098,31.0,10.0,28.0,14.0
18099,31.0,10.0,26.0,12.0
18100,31.0,10.0,27.0,17.0
18101,31.0,10.0,26.0,12.0
18102,31.0,10.0,32.0,10.0
18103,31.0,10.0,30.0,13.0
18104,31.0,10.0,32.0,10.0
18105,31.0,10.0,31.0,11.0
18106,31.0,10.0,28.0,14.0
18107,31.0,10.0,28.0,14.0
18108,31.0,10.0,30.0,13.0
18109,31.0,10.0,31.0,10.0
18110,31.0,10.0,26.0,12.0
18111,31.0,10.0,28.0,14.0
18112,31.0,10.0,31.0,11.0
18113,31.0,10.0,27.0,17.0
18114,31.0,10.0,31.0,10.0
18115,31.0,10.0,31.0,10.0
18116,31.0,10.0,26.0,12.0
18117,31.0,10.0,32.0,10.0
18118,31.0,10.0,28.0,14.0
18119,31.0,10.0,31.0,10.0
18120,31.0,10.0,26.0,12.0
18121,31.0,10.0,26.0,12.0
18122,31.0,10.0,31.0,10.0
18123,31.0,10.0,26.0,12.0
18124,31.0,10.0,30.0,13.0
18125,31.0,10.0,31.0,11.0
18126,31.0,10.0,31.0,10.0
18127,31.0,10.0,30.0,13.0
18128,31.0,10.0,27.0,17.0
18129,31.0,10.0,32.0,10.0
18130,31.0,10.0,31.0,10.0
18131,31.0,10.0,31.0,10.0
18132,31.0,10.0,27.0,17.0
18133,31.0,10.0,31.0,10.0
18134,31.0,10.0,28.0,14.0
18135,31.0,10.0,31.0,11.0
18136,31.0,10.0,31.0,10.0
18137,31.0,10.0,26.0,12.0
18138,31.0,10.0,26.0,12.0
18139,31.0,10.0,26.0,12.0
18140,31.0,10.0,30.0,13.0
18141,31.0,10.0,31.0,10.0
18142,31.0,10.0,31.0,10.0
18143,31.0,10.0,32.0,10.0
18144,31.0,10.0,31.0,10.0
18145,31.0,10.0,31.0,11.0
18146,31.0,10.0,26.0,12.0
18147,31.0,10.0,31.0,10.0
18148,31.0,10.0,31.0,11.0
18149,31.0,10.0,31.0,10.0
18150,31.0,10.0,30.0,13.0
18151,31.0,10.0,31.0,11.0
18152,31.0,10.0,26.0,12.0
18153,31.0,10.0,30.0,13.0
18154,31.0,10.0,32.0,10.0
18155,31.0,10.0,27.0,17.0
18156,31.0,10.0,28.0,14.0
18157,31.0,10.0,27.0,17.0
18158,31.0,10.0,27.0,17.0
18159,31.0,10.0,31.0,11.0
18160,31.0,10.0,28.0,14.0
18161,31.0,10.0,28.0,14.0
18162,31.0,10.0,28.0,14.0
18163,31.0,10.0,31.0,10.0
18164,31.0,10.0,31.0,10.0
18165,31.0,10.0,32.0,10.0
18166,31.0,10.0,30.0,13.0
18167,31.0,10.0,31.0,10.0
18168,31.0,10.0,30.0,13.0
18169,31.0,10.0,30.0,13.0
18170,31.0,10.0,31.0,11.0
18171,31.0,10.0,28.0,14.0
18172,31.0,10.0,27.0,17.0
18173,31.0,10.0,26.0,12.0
18174,31.0,10.0,32.0,10.0
18175,31.0,10.0,32.0,10.0
18176,31.0,10.0,32.0,10.0
18177,31.0,10.0,27.0,17.0
18178,31.0,10.0,27.0,17.0
18179,31.0,10.0,28.0,14.0
18180,31.0,10.0,32.0,10.0
18181,31.0,10.0,32.0,10.0
18182,31.0,10.0,30.0,13.0
18183,31.0,10.0,28.0,14.0
18184,31.0,10.0,32.0,10.0
18185,31.0,10.0,31.0,11.0
18186,31.0,10.0,31.0,10.0
18187,31.0,10.0,31.0,10.0
18188,31.0,10.0,26.0,12.0
18189,31.0,10.0,31.0,10.0
18190,31.0,10.0,32.0,10.0
18191,31.0,10.0,32.0,10.0
18192,31.0,10.0,30.0,13.0
18193,31.0,10.0,30.0,13.0
18194,31.0,10.0,26.0,12.0
18195,31.0,10.0,31.0,10.0
18196,31.0,10.0,32.0,10.0
18197,31.0,10.0,32.0,10.0
18198,31.0,10.0,28.0,14.0
18199,31.0,10.0,31.0,10.0
18200,31.0,10.0,27.0,17.0
18201,31.0,10.0,28.0,14.0
18202,31.0,10.0,26.0,12.0
18203,31.0,10.0,26.0,12.0
18204,31.0,10.0,26.0,12.0
18205,31.0,10.0,26.0,12.0
18206,31.0,10.0,30.0,13.0
18207,31.0,10.0,28.0,14.0
18208,31.0,10.0,32.0,10.0
18209,31.0,10.0,28.0,14.0
18210,31.0,10.0,31.0,10.0
18211,31.0,10.0,27.0,17.0
18212,31.0,10.0,26.0,12.0
18213,31.0,10.0,28.0,14.0
18214,31.0,10.0,31.0,10.0
18215,31.0,10.0,26.0,12.0
18216,31.0,10.0,30.0,13.0
18217,31.0,10.0,31.0,10.0
18218,31.0,10.0,31.0,10.0
18219,31.0,10.0,31.0,11.0
18220,31.0,10.0,31.0,11.0
18221,31.0,10.0,31.0,10.0
18222,31.0,10.0,31.0,10.0
18223,31.0,10.0,27.0,17.0
18224,31.0,10.0,30.0,13.0
18225,31.0,10.0,26.0,12.0
18226,31.0,10.0,31.0,10.0
18227,31.0,10.0,30.0,13.0
18228,31.0,10.0,28.0,14.0
18229,31.0,10.0,31.0,10.0
18230,31.0,10.0,28.0,14.0
18231,31.0,10.0,27.0,17.0
18232,31.0,10.0,28.0,14.0
18233,31.0,10.0,30.0,13.0
18234,31.0,10.0,27.0,17.0
18235,31.0,10.0,27.0,17.0
18236,31.0,10.0,32.0,10.0
18237,31.0,10.0,28.0,14.0
18238,31.0,10.0,31.0,10.0
18239,31.0,10.0,30.0,13.0
18240,31.0,10.0,31.0,10.0
18241,31.0,10.0,26.0,12.0
18242,31.0,10.0,31.0,11.0
18243,31.0,10.0,28.0,14.0
18244,31.0,10.0,31.0,10.0
18245,31.0,10.0,27.0,17.0
18246,31.0,10.0,32.0,10.0
18247,31.0,10.0,28.0,14.0
18248,31.0,10.0,28.0,14.0
18249,31.0,10.0,31.0,10.0
18250,31.0,10.0,28.0,14.0
18251,31.0,10.0,31.0,10.0
18252,31.0,10.0,31.0,10.0
18253,31.0,10.0,27.0,17.0
18254,31.0,10.0,31.0,10.0
18255,31.0,10.0,28.0,14.0
18256,31.0,10.0,31.0,10.0
18257,31.0,10.0,31.0,10.0
18258,31.0,10.0,28.0,14.0
18259,31.0,10.0,31.0,10.0
18260,31.0,10.0,31.0,10.0
18261,31.0,10.0,28.0,14.0
18262,31.0,10.0,31.0,11.0
18263,31.0,10.0,30.0,13.0
18264,31.0,10.0,28.0,14.0
18265,31.0,10.0,27.0,17.0
18266,31.0,10.0,27.0,17.0
18267,31.0,10.0,28.0,14.0
18268,31.0,10.0,31.0,11.0
18269,31.0,10.0,30.0,13.0
18270,31.0,10.0,32.0,10.0
18271,31.0,10.0,31.0,10.0
18272,31.0,10.0,26.0,12.0
18273,31.0,10.0,31.0,10.0
18274,31.0,10.0,30.0,13.0
18275,31.0,10.0,28.0,14.0
18276,31.0,10.0,30.0,13.0
18277,31.0,10.0,28.0,14.0
18278,31.0,10.0,31.0,11.0
18279,31.0,10.0,32.0,10.0
18280,31.0,10.0,31.0,10.0
18281,31.0,10.0,30.0,13.0
18282,31.0,10.0,27.0,17.0
18283,31.0,10.0,31.0,10.0
18284,31.0,10.0,27.0,17.0
18285,31.0,10.0,32.0,10.0
18286,31.0,10.0,26.0,12.0
18287,31.0,10.0,31.0,10.0
18288,31.0,10.0,31.0,10.0
18289,31.0,10.0,31.0,10.0
18290,31.0,10.0,31.0,11.0
18291,31.0,10.0,28.0,14.0
18292,31.0,10.0,26.0,12.0
18293,31.0,10.0,31.0,11.0
18294,31.0,10.0,28.0,14.0
18295,31.0,10.0,28.0,14.0
18296,31.0,10.0,31.0,10.0
18297,31.0,10.0,31.0,10.0
18298,31.0,10.0,32.0,10.0
18299,31.0,10.0,28.0,14.0
18300,31.0,10.0,31.0,10.0
18301,31.0,10.0,27.0,17.0
18302,31.0,10.0,31.0,10.0
18303,31.0,10.0,30.0,13.0
18304,31.0,10.0,31.0,10.0
18305,31.0,10.0,31.0,11.0
18306,31.0,10.0,31.0,10.0
18307,31.0,10.0,28.0,14.0
18308,31.0,10.0,27.0,17.0
18309,31.0,10.0,30.0,13.0
18310,31.0,10.0,32.0,10.0
18311,31.0,10.0,28.0,14.0
18312,31.0,10.0,32.0,10.0
18313,31.0,10.0,27.0,17.0
18314,31.0,10.0,31.0,10.0
18315,31.0,10.0,28.0,14.0
18316,31.0,10.0,31.0,10.0
18317,31.0,10.0,32.0,10.0
18318,31.0,10.0,30.0,13.0
18319,31.0,10.0,31.0,10.0
18320,31.0,10.0,31.0,10.0
18321,31.0,10.0,32.0,10.0
18322,31.0,10.0,31.0,10.0
18323,31.0,10.0,31.0,10.0
18324,31.0,10.0,27.0,17.0
18325,31.0,10.0,26.0,12.0
18326,31.0,10.0,32.0,10.0
18327,31.0,10.0,31.0,11.0
18328,31.0,10.0,31.0,10.0
18329,31.0,10.0,27.0,17.0
18330,31.0,10.0,31.0,11.0
18331,31.0,10.0,28.0,14.0
18332,31.0,10.0,31.0,10.0
18333,31.0,10.0,30.0,13.0
18334,31.0,10.0,31.0,11.0
18335,31.0,10.0,27.0,17.0
18336,31.0,10.0,31.0,10.0
18337,31.0,10.0,31.0,10.0
18338,31.0,10.0,26.0,12.0
18339,31.0,10.0,31.0,10.0
18340,31.0,10.0,26.0,12.0
18341,31.0,10.0,27.0,17.0
18342,31.0,10.0,31.0,10.0
18343,31.0,10.0,31.0,10.0
18344,31.0,10.0,31.0,10.0
18345,31.0,10.0,26.0,12.0
18346,31.0,10.0,32.0,10.0
18347,31.0,10.0,26.0,12.0
18348,31.0,10.0,26.0,12.0
18349,31.0,10.0,31.0,10.0
18350,31.0,10.0,28.0,14.0
18351,31.0,10.0,31.0,11.0
18352,31.0,10.0,32.0,10.0
18353,31.0,10.0,32.0,10.0
18354,31.0,10.0,31.0,10.0
18355,31.0,10.0,28.0,14.0
18356,31.0,10.0,28.0,14.0
18357,31.0,10.0,28.0,14.0
18358,31.0,10.0,31.0,10.0
18359,31.0,10.0,31.0,10.0
18360,31.0,10.0,27.0,17.0
18361,31.0,10.0,31.0,10.0
18362,31.0,10.0,28.0,14.0
18363,31.0,10.0,32.0,10.0
18364,31.0,10.0,32.0,10.0
18365,31.0,10.0,30.0,13.0
18366,31.0,10.0,31.0,10.0
18367,31.0,10.0,31.0,10.0
18368,31.0,10.0,28.0,14.0
18369,31.0,10.0,32.0,10.0
18370,31.0,10.0,27.0,17.0
18371,31.0,10.0,30.0,13.0
18372,31.0,10.0,26.0,12.0
18373,31.0,10.0,26.0,12.0
18374,31.0,10.0,30.0,13.0
18375,31.0,10.0,30.0,13.0
18376,31.0,10.0,30.0,13.0
18377,31.0,10.0,26.0,12.0
18378,31.0,10.0,31.0,10.0
18379,31.0,10.0,32.0,10.0
18380,31.0,10.0,27.0,17.0
18381,31.0,10.0,31.0,10.0
18382,31.0,10.0,28.0,14.0
18383,31.0,10.0,31.0,10.0
18384,31.0,10.0,31.0,10.0
18385,31.0,10.0,28.0,14.0
18386,31.0,10.0,32.0,10.0
18387,31.0,10.0,32.0,10.0
18388,31.0,10.0,30.0,13.0
18389,31.0,10.0,31.0,11.0
18390,31.0,10.0,32.0,10.0
18391,31.0,10.0,27.0,17.0
18392,31.0,10.0,31.0,10.0
18393,31.0,10.0,32.0,10.0
18394,31.0,10.0,31.0,10.0
18395,31.0,10.0,31.0,10.0
18396,31.0,10.0,31.0,11.0
18397,31.0,10.0,28.0,14.0
18398,31.0,10.0,27.0,17.0
18399,31.0,10.0,28.0,14.0
18400,31.0,10.0,31.0,11.0
18401,31.0,10.0,30.0,13.0
18402,31.0,10.0,28.0,14.0
18403,31.0,10.0,30.0,13.0
18404,31.0,10.0,27.0,17.0
18405,31.0,10.0,31.0,10.0
18406,31.0,10.0,26.0,12.0
18407,31.0,10.0,30.0,13.0
18408,31.0,10.0,31.0,10.0
18409,31.0,10.0,30.0,13.0
18410,31.0,10.0,27.0,17.0
18411,31.0,10.0,31.0,10.0
18412,31.0,10.0,32.0,10.0
18413,31.0,10.0,28.0,14.0
18414,31.0,10.0,28.0,14.0
18415,31.0,10.0,31.0,10.0
18416,31.0,10.0,32.0,10.0
18417,31.0,10.0,26.0,12.0
18418,31.0,10.0,31.0,10.0
18419,31.0,10.0,31.0,10.0
18420,31.0,10.0,27.0,17.0
18421,31.0,10.0,28.0,14.0
18422,31.0,10.0,30.0,13.0
18423,31.0,10.0,27.0,17.0
18424,31.0,10.0,28.0,14.0
18425,31.0,10.0,27.0,17.0
18426,31.0,10.0,27.0,17.0
18427,31.0,10.0,31.0,10.0
18428,31.0,10.0,28.0,14.0
18429,31.0,10.0,32.0,10.0
18430,31.0,10.0,31.0,11.0
18431,31.0,10.0,31.0,10.0
18432,31.0,10.0,32.0,10.0
18433,31.0,10.0,28.0,14.0
18434,31.0,10.0,31.0,10.0
18435,31.0,10.0,31.0,10.0
18436,31.0,10.0,27.0,17.0
18437,31.0,10.0,31.0,11.0
18438,31.0,10.0,31.0,10.0
18439,31.0,10.0,31.0,10.0
18440,31.0,10.0,28.0,14.0
18441,31.0,10.0,31.0,11.0
18442,31.0,10.0,28.0,14.0
18443,31.0,10.0,26.0,12.0
18444,31.0,10.0,28.0,14.0
18445,31.0,10.0,27.0,17.0
18446,31.0,10.0,30.0,13.0
18447,31.0,10.0,28.0,14.0
18448,31.0,10.0,26.0,12.0
18449,31.0,10.0,31.0,10.0
18450,31.0,10.0,27.0,17.0
18451,31.0,10.0,30.0,13.0
18452,31.0,10.0,30.0,13.0
18453,31.0,10.0,26.0,12.0
18454,31.0,10.0,31.0,11.0
18455,31.0,10.0,28.0,14.0
18456,31.0,10.0,31.0,10.0
18457,31.0,10.0,31.0,10.0
18458,31.0,10.0,31.0,10.0
18459,31.0,10.0,28.0,14.0
18460,31.0,10.0,26.0,12.0
18461,31.0,10.0,31.0,11.0
18462,31.0,10.0,31.0,11.0
18463,31.0,10.0,31.0,11.0
18464,31.0,10.0,31.0,10.0
18465,31.0,10.0,30.0,13.0
18466,31.0,10.0,31.0,10.0
18467,31.0,10.0,31.0,11.0
18468,31.0,10.0,31.0,10.0
18469,31.0,10.0,31.0,10.0
18470,31.0,10.0,30.0,13.0
18471,31.0,10.0,30.0,13.0
18472,31.0,10.0,30.0,13.0
18473,31.0,10.0,31.0,10.0
18474,31.0,10.0,31.0,10.0
18475,31.0,10.0,31.0,10.0
18476,31.0,10.0,27.0,17.0
18477,31.0,10.0,32.0,10.0
18478,31.0,10.0,30.0,13.0
18479,31.0,10.0,26.0,12.0
18480,31.0,10.0,30.0,13.0
18481,31.0,10.0,31.0,10.0
18482,31.0,10.0,31.0,10.0
18483,31.0,10.0,31.0,10.0
18484,31.0,10.0,31.0,10.0
18485,31.0,10.0,27.0,17.0
18486,31.0,10.0,30.0,13.0
18487,31.0,10.0,28.0,14.0
18488,31.0,10.0,28.0,14.0
18489,31.0,10.0,30.0,13.0
18490,31.0,10.0,31.0,10.0
18491,31.0,10.0,27.0,17.0
18492,31.0,10.0,31.0,10.0
18493,31.0,10.0,27.0,17.0
18494,31.0,10.0,27.0,17.0
18495,31.0,10.0,30.0,13.0
18496,31.0,10.0,30.0,13.0
18497,31.0,10.0,28.0,14.0
18498,31.0,10.0,31.0,10.0
18499,31.0,10.0,31.0,10.0
18500,31.0,10.0,27.0,17.0
18501,31.0,10.0,31.0,11.0
18502,31.0,10.0,30.0,13.0
18503,31.0,10.0,31.0,11.0
18504,31.0,10.0,30.0,13.0
18505,31.0,10.0,31.0,10.0
18506,31.0,10.0,32.0,10.0
18507,31.0,10.0,30.0,13.0
18508,31.0,10.0,26.0,12.0
18509,31.0,10.0,28.0,14.0
18510,31.0,10.0,31.0,10.0
18511,31.0,10.0,30.0,13.0
18512,31.0,10.0,28.0,14.0
18513,31.0,10.0,27.0,17.0
18514,31.0,10.0,32.0,10.0
18515,31.0,10.0,28.0,14.0
18516,31.0,10.0,26.0,12.0
18517,31.0,10.0,31.0,10.0
18518,31.0,10.0,32.0,10.0
18519,31.0,10.0,30.0,13.0
18520,31.0,10.0,27.0,17.0
18521,31.0,10.0,28.0,14.0
18522,31.0,10.0,30.0,13.0
18523,31.0,10.0,32.0,10.0
18524,31.0,10.0,31.0,11.0
18525,31.0,10.0,31.0,11.0
18526,31.0,10.0,32.0,10.0
18527,31.0,10.0,28.0,14.0
18528,31.0,10.0,27.0,17.0
18529,31.0,10.0,31.0,10.0
18530,31.0,10.0,31.0,10.0
18531,31.0,10.0,26.0,12.0
18532,31.0,10.0,28.0,14.0
18533,31.0,10.0,26.0,12.0
18534,31.0,10.0,26.0,12.0
18535,31.0,10.0,31.0,10.0
18536,31.0,10.0,32.0,10.0
18537,31.0,10.0,31.0,10.0
18538,31.0,10.0,26.0,12.0
18539,31.0,10.0,32.0,10.0
18540,31.0,10.0,26.0,12.0
18541,31.0,10.0,31.0,10.0
18542,31.0,10.0,31.0,10.0
18543,31.0,10.0,32.0,10.0
18544,31.0,10.0,32.0,10.0
18545,31.0,10.0,31.0,11.0
18546,31.0,10.0,31.0,11.0
18547,31.0,10.0,26.0,12.0
18548,31.0,10.0,32.0,10.0
18549,31.0,10.0,32.0,10.0
18550,31.0,10.0,28.0,14.0
18551,31.0,10.0,26.0,12.0
18552,31.0,10.0,31.0,10.0
18553,31.0,10.0,31.0,11.0
18554,31.0,10.0,27.0,17.0
18555,31.0,10.0,31.0,10.0
18556,31.0,10.0,28.0,14.0
18557,31.0,10.0,28.0,14.0
18558,31.0,10.0,27.0,17.0
18559,31.0,10.0,31.0,10.0
18560,31.0,10.0,31.0,10.0
18561,31.0,10.0,32.0,10.0
18562,31.0,10.0,31.0,11.0
18563,31.0,10.0,31.0,10.0
18564,31.0,10.0,31.0,10.0
18565,31.0,10.0,31.0,10.0
18566,31.0,10.0,31.0,10.0
18567,31.0,10.0,27.0,17.0
18568,31.0,10.0,28.0,14.0
18569,31.0,10.0,30.0,13.0
18570,31.0,10.0,31.0,11.0
18571,31.0,10.0,31.0,11.0
18572,31.0,10.0,26.0,12.0
18573,31.0,10.0,31.0,10.0
18574,31.0,10.0,26.0,12.0
18575,31.0,10.0,30.0,13.0
18576,31.0,10.0,31.0,11.0
18577,31.0,10.0,26.0,12.0
18578,31.0,10.0,31.0,10.0
18579,31.0,10.0,31.0,11.0
18580,31.0,10.0,26.0,12.0
18581,31.0,10.0,31.0,10.0
18582,31.0,10.0,27.0,17.0
18583,31.0,10.0,26.0,12.0
18584,31.0,10.0,31.0,10.0
18585,31.0,10.0,31.0,10.0
18586,31.0,10.0,26.0,12.0
18587,31.0,10.0,28.0,14.0
18588,31.0,10.0,32.0,10.0
18589,31.0,10.0,31.0,11.0
18590,31.0,10.0,28.0,14.0
18591,31.0,10.0,31.0,11.0
18592,31.0,10.0,30.0,13.0
18593,31.0,10.0,31.0,10.0
18594,31.0,10.0,32.0,10.0
18595,31.0,10.0,31.0,10.0
18596,31.0,10.0,32.0,10.0
18597,31.0,10.0,32.0,10.0
18598,31.0,10.0,32.0,10.0
18599,31.0,10.0,26.0,12.0
18600,31.0,10.0,28.0,14.0
18601,31.0,10.0,31.0,10.0
18602,31.0,10.0,32.0,10.0
18603,31.0,10.0,32.0,10.0
18604,31.0,10.0,31.0,11.0
18605,31.0,10.0,31.0,11.0
18606,31.0,10.0,30.0,13.0
18607,31.0,10.0,31.0,10.0
18608,31.0,10.0,31.0,11.0
18609,31.0,10.0,28.0,14.0
18610,31.0,10.0,26.0,12.0
18611,31.0,10.0,28.0,14.0
18612,31.0,10.0,30.0,13.0
18613,31.0,10.0,26.0,12.0
18614,31.0,10.0,31.0,11.0
18615,31.0,10.0,31.0,11.0
18616,31.0,10.0,27.0,17.0
18617,31.0,10.0,26.0,12.0
18618,31.0,10.0,26.0,12.0
18619,31.0,10.0,30.0,13.0
18620,31.0,10.0,28.0,14.0
18621,31.0,10.0,28.0,14.0
18622,31.0,10.0,28.0,14.0
18623,31.0,10.0,31.0,11.0
18624,31.0,10.0,31.0,11.0
18625,31.0,10.0,32.0,10.0
18626,31.0,10.0,27.0,17.0
18627,31.0,10.0,31.0,11.0
18628,31.0,10.0,26.0,12.0
18629,31.0,10.0,27.0,17.0
18630,31.0,10.0,28.0,14.0
18631,31.0,10.0,26.0,12.0
18632,31.0,10.0,32.0,10.0
18633,31.0,10.0,27.0,17.0
18634,31.0,10.0,26.0,12.0
18635,31.0,10.0,30.0,13.0
18636,31.0,10.0,31.0,10.0
18637,31.0,10.0,28.0,14.0
18638,31.0,10.0,30.0,13.0
18639,31.0,10.0,31.0,11.0
18640,31.0,10.0,31.0,10.0
18641,31.0,10.0,31.0,11.0
18642,31.0,10.0,27.0,17.0
18643,31.0,10.0,31.0,11.0
18644,31.0,10.0,26.0,12.0
18645,31.0,10.0,32.0,10.0
18646,31.0,10.0,31.0,11.0
18647,31.0,10.0,31.0,11.0
18648,31.0,10.0,28.0,14.0
18649,31.0,10.0,30.0,13.0
18650,31.0,10.0,31.0,10.0
18651,31.0,10.0,26.0,12.0
18652,31.0,10.0,32.0,10.0
18653,31.0,10.0,28.0,14.0
18654,31.0,10.0,31.0,11.0
18655,31.0,10.0,31.0,10.0
18656,31.0,10.0,31.0,10.0
18657,31.0,10.0,26.0,12.0
18658,31.0,10.0,31.0,10.0
18659,31.0,10.0,30.0,13.0
18660,31.0,10.0,31.0,10.0
18661,31.0,10.0,31.0,10.0
18662,31.0,10.0,31.0,10.0
18663,31.0,10.0,31.0,11.0
18664,31.0,10.0,28.0,14.0
18665,31.0,10.0,31.0,11.0
18666,31.0,10.0,26.0,12.0
18667,31.0,10.0,27.0,17.0
18668,31.0,10.0,31.0,10.0
18669,31.0,10.0,31.0,10.0
18670,31.0,10.0,31.0,11.0
18671,31.0,10.0,31.0,11.0
18672,31.0,10.0,26.0,12.0
18673,31.0,10.0,27.0,17.0
18674,31.0,10.0,31.0,10.0
18675,31.0,10.0,32.0,10.0
18676,31.0,10.0,31.0,10.0
18677,31.0,10.0,32.0,10.0
18678,31.0,10.0,31.0,10.0
18679,31.0,10.0,27.0,17.0
18680,31.0,10.0,28.0,14.0
18681,31.0,10.0,27.0,17.0
18682,31.0,10.0,26.0,12.0
18683,31.0,10.0,31.0,10.0
18684,31.0,10.0,26.0,12.0
18685,31.0,10.0,31.0,11.0
18686,31.0,10.0,31.0,10.0
18687,31.0,10.0,31.0,10.0
18688,31.0,10.0,28.0,14.0
18689,31.0,10.0,31.0,10.0
18690,31.0,10.0,31.0,10.0
18691,31.0,10.0,26.0,12.0
18692,31.0,10.0,31.0,10.0
18693,31.0,10.0,31.0,10.0
18694,31.0,10.0,27.0,17.0
18695,31.0,10.0,32.0,10.0
18696,31.0,10.0,31.0,10.0
18697,31.0,10.0,27.0,17.0
18698,31.0,10.0,28.0,14.0
18699,31.0,10.0,30.0,13.0
18700,31.0,10.0,28.0,14.0
18701,31.0,10.0,30.0,13.0
18702,31.0,10.0,31.0,10.0
18703,31.0,10.0,28.0,14.0
18704,31.0,10.0,31.0,11.0
18705,31.0,10.0,31.0,11.0
18706,31.0,10.0,31.0,10.0
18707,31.0,10.0,31.0,10.0
18708,31.0,10.0,31.0,10.0
18709,31.0,10.0,31.0,10.0
18710,31.0,10.0,32.0,10.0
18711,31.0,10.0,30.0,13.0
18712,31.0,10.0,26.0,12.0
18713,31.0,10.0,30.0,13.0
18714,31.0,10.0,27.0,17.0
18715,31.0,10.0,31.0,10.0
18716,31.0,10.0,31.0,10.0
18717,31.0,10.0,26.0,12.0
18718,31.0,10.0,31.0,11.0
18719,31.0,10.0,28.0,14.0
18720,31.0,10.0,26.0,12.0
18721,31.0,10.0,31.0,10.0
18722,31.0,10.0,27.0,17.0
18723,31.0,10.0,28.0,14.0
18724,31.0,10.0,28.0,14.0
18725,31.0,10.0,28.0,14.0
18726,31.0,10.0,30.0,13.0
18727,31.0,10.0,31.0,10.0
18728,31.0,10.0,28.0,14.0
18729,31.0,10.0,27.0,17.0
18730,31.0,10.0,31.0,10.0
18731,31.0,10.0,31.0,11.0
18732,31.0,10.0,32.0,10.0
18733,31.0,10.0,31.0,10.0
18734,31.0,10.0,32.0,10.0
18735,31.0,10.0,31.0,10.0
18736,31.0,10.0,30.0,13.0
18737,31.0,10.0,31.0,10.0
18738,31.0,10.0,31.0,10.0
18739,31.0,10.0,31.0,10.0
18740,31.0,10.0,31.0,10.0
18741,31.0,10.0,31.0,10.0
18742,31.0,10.0,28.0,14.0
18743,31.0,10.0,26.0,12.0
18744,31.0,10.0,31.0,10.0
18745,31.0,10.0,27.0,17.0
18746,31.0,10.0,31.0,11.0
18747,31.0,10.0,28.0,14.0
18748,31.0,10.0,30.0,13.0
18749,31.0,10.0,27.0,17.0
18750,31.0,10.0,27.0,17.0
18751,31.0,10.0,31.0,10.0
18752,31.0,10.0,26.0,12.0
18753,31.0,10.0,31.0,11.0
18754,31.0,10.0,32.0,10.0
18755,31.0,10.0,30.0,13.0
18756,31.0,10.0,27.0,17.0
18757,31.0,10.0,28.0,14.0
18758,31.0,10.0,28.0,14.0
18759,31.0,10.0,31.0,10.0
18760,31.0,10.0,31.0,11.0
18761,31.0,10.0,26.0,12.0
18762,31.0,10.0,32.0,10.0
18763,31.0,10.0,31.0,10.0
18764,31.0,10.0,31.0,10.0
18765,31.0,10.0,30.0,13.0
18766,31.0,10.0,26.0,12.0
18767,31.0,10.0,26.0,12.0
18768,31.0,10.0,26.0,12.0
18769,31.0,10.0,31.0,10.0
18770,31.0,10.0,26.0,12.0
18771,31.0,10.0,26.0,12.0
18772,31.0,10.0,32.0,10.0
18773,31.0,10.0,30.0,13.0
18774,31.0,10.0,27.0,17.0
18775,31.0,10.0,31.0,10.0
18776,31.0,10.0,31.0,11.0
18777,31.0,10.0,28.0,14.0
18778,31.0,10.0,28.0,14.0
18779,31.0,10.0,30.0,13.0
18780,31.0,10.0,31.0,10.0
18781,31.0,10.0,28.0,14.0
18782,31.0,10.0,31.0,11.0
18783,31.0,10.0,31.0,10.0
18784,31.0,10.0,30.0,13.0
18785,31.0,10.0,27.0,17.0
18786,31.0,10.0,31.0,10.0
18787,31.0,10.0,32.0,10.0
18788,31.0,10.0,26.0,12.0
18789,31.0,10.0,27.0,17.0
18790,31.0,10.0,31.0,11.0
18791,31.0,10.0,32.0,10.0
18792,31.0,10.0,32.0,10.0
18793,31.0,10.0,30.0,13.0
18794,31.0,10.0,32.0,10.0
18795,31.0,10.0,26.0,12.0
18796,31.0,10.0,28.0,14.0
18797,31.0,10.0,31.0,10.0
18798,31.0,10.0,28.0,14.0
18799,31.0,10.0,27.0,17.0
18800,31.0,10.0,26.0,12.0
18801,31.0,10.0,31.0,10.0
18802,31.0,10.0,32.0,10.0
18803,31.0,10.0,28.0,14.0
18804,31.0,10.0,27.0,17.0
18805,31.0,10.0,31.0,10.0
18806,31.0,10.0,26.0,12.0
18807,31.0,10.0,27.0,17.0
18808,31.0,10.0,30.0,13.0
18809,31.0,10.0,31.0,11.0
18810,31.0,10.0,31.0,11.0
18811,31.0,10.0,30.0,13.0
18812,31.0,10.0,28.0,14.0
18813,31.0,10.0,27.0,17.0
18814,31.0,10.0,26.0,12.0
18815,31.0,10.0,26.0,12.0
18816,31.0,10.0,26.0,12.0
18817,31.0,10.0,26.0,12.0
18818,31.0,10.0,32.0,10.0
18819,31.0,10.0,26.0,12.0
18820,31.0,10.0,28.0,14.0
18821,31.0,10.0,31.0,10.0
18822,31.0,10.0,31.0,10.0
18823,31.0,10.0,31.0,10.0
18824,31.0,10.0,31.0,10.0
18825,31.0,10.0,31.0,11.0
18826,31.0,10.0,30.0,13.0
18827,31.0,10.0,28.0,14.0
18828,31.0,10.0,31.0,10.0
18829,31.0,10.0,32.0,10.0
18830,31.0,10.0,31.0,10.0
18831,31.0,10.0,26.0,12.0
18832,31.0,10.0,27.0,17.0
18833,31.0,10.0,27.0,17.0
18834,31.0,10.0,26.0,12.0
18835,31.0,10.0,31.0,10.0
18836,31.0,10.0,26.0,12.0
18837,31.0,10.0,32.0,10.0
18838,31.0,10.0,31.0,10.0
18839,31.0,10.0,28.0,14.0
18840,31.0,10.0,27.0,17.0
18841,31.0,10.0,31.0,10.0
18842,31.0,10.0,27.0,17.0
18843,31.0,10.0,27.0,17.0
18844,31.0,10.0,31.0,10.0
18845,31.0,10.0,31.0,10.0
18846,31.0,10.0,31.0,10.0
18847,31.0,10.0,26.0,12.0
18848,31.0,10.0,26.0,12.0
18849,31.0,10.0,32.0,10.0
18850,31.0,10.0,26.0,12.0
18851,31.0,10.0,32.0,10.0
18852,31.0,10.0,31.0,10.0
18853,31.0,10.0,28.0,14.0
18854,31.0,10.0,28.0,14.0
18855,31.0,10.0,27.0,17.0
18856,31.0,10.0,26.0,12.0
18857,31.0,10.0,28.0,14.0
18858,31.0,10.0,27.0,17.0
18859,31.0,10.0,31.0,10.0
18860,31.0,10.0,31.0,10.0
18861,31.0,10.0,30.0,13.0
18862,31.0,10.0,26.0,12.0
18863,31.0,10.0,28.0,14.0
18864,31.0,10.0,26.0,12.0
18865,31.0,10.0,28.0,14.0
18866,31.0,10.0,30.0,13.0
18867,31.0,10.0,31.0,10.0
18868,31.0,10.0,28.0,14.0
18869,31.0,10.0,31.0,11.0
18870,31.0,10.0,31.0,10.0
18871,31.0,10.0,26.0,12.0
18872,31.0,10.0,27.0,17.0
18873,31.0,10.0,31.0,11.0
18874,31.0,10.0,28.0,14.0
18875,31.0,10.0,26.0,12.0
18876,31.0,10.0,30.0,13.0
18877,31.0,10.0,31.0,10.0
18878,31.0,10.0,32.0,10.0
18879,31.0,10.0,31.0,10.0
18880,31.0,10.0,32.0,10.0
18881,31.0,10.0,31.0,10.0
18882,31.0,10.0,31.0,11.0
18883,31.0,10.0,30.0,13.0
18884,31.0,10.0,32.0,10.0
18885,31.0,10.0,30.0,13.0
18886,31.0,10.0,28.0,14.0
18887,31.0,10.0,31.0,10.0
18888,31.0,10.0,30.0,13.0
18889,31.0,10.0,26.0,12.0
18890,31.0,10.0,30.0,13.0
18891,31.0,10.0,30.0,13.0
18892,31.0,10.0,27.0,17.0
18893,31.0,10.0,28.0,14.0
18894,31.0,10.0,30.0,13.0
18895,31.0,10.0,27.0,17.0
18896,31.0,10.0,27.0,17.0
18897,31.0,10.0,28.0,14.0
18898,31.0,10.0,31.0,10.0
18899,31.0,10.0,32.0,10.0
18900,31.0,10.0,31.0,11.0
18901,31.0,10.0,28.0,14.0
18902,31.0,10.0,31.0,10.0
18903,31.0,10.0,31.0,10.0
18904,31.0,10.0,31.0,10.0
18905,31.0,10.0,26.0,12.0
18906,31.0,10.0,31.0,11.0
18907,31.0,10.0,31.0,10.0
18908,31.0,10.0,31.0,10.0
18909,31.0,10.0,27.0,17.0
18910,31.0,10.0,28.0,14.0
18911,31.0,10.0,27.0,17.0
18912,31.0,10.0,28.0,14.0
18913,31.0,10.0,26.0,12.0
18914,31.0,10.0,27.0,17.0
18915,31.0,10.0,31.0,10.0
18916,31.0,10.0,31.0,10.0
18917,31.0,10.0,32.0,10.0
18918,31.0,10.0,26.0,12.0
18919,31.0,10.0,31.0,10.0
18920,31.0,10.0,30.0,13.0
18921,31.0,10.0,31.0,11.0
18922,31.0,10.0,31.0,10.0
18923,31.0,10.0,31.0,11.0
18924,31.0,10.0,30.0,13.0
18925,31.0,10.0,31.0,11.0
18926,31.0,10.0,32.0,10.0
18927,31.0,10.0,31.0,11.0
18928,31.0,10.0,30.0,13.0
18929,31.0,10.0,31.0,10.0
18930,31.0,10.0,31.0,10.0
18931,31.0,10.0,26.0,12.0
18932,31.0,10.0,31.0,10.0
18933,31.0,10.0,31.0,10.0
18934,31.0,10.0,26.0,12.0
18935,31.0,10.0,31.0,10.0
18936,31.0,10.0,30.0,13.0
18937,31.0,10.0,32.0,10.0
18938,31.0,10.0,31.0,10.0
18939,31.0,10.0,31.0,11.0
18940,31.0,10.0,28.0,14.0
18941,31.0,10.0,27.0,17.0
18942,31.0,10.0,32.0,10.0
18943,31.0,10.0,27.0,17.0
18944,31.0,10.0,28.0,14.0
18945,31.0,10.0,26.0,12.0
18946,31.0,10.0,28.0,14.0
18947,31.0,10.0,31.0,10.0
18948,31.0,10.0,31.0,10.0
18949,31.0,10.0,26.0,12.0
18950,31.0,10.0,31.0,10.0
18951,31.0,10.0,28.0,14.0
18952,31.0,10.0,28.0,14.0
18953,31.0,10.0,26.0,12.0
18954,31.0,10.0,32.0,10.0
18955,31.0,10.0,27.0,17.0
18956,31.0,10.0,31.0,10.0
18957,31.0,10.0,31.0,11.0
18958,31.0,10.0,31.0,11.0
18959,31.0,10.0,31.0,10.0
18960,31.0,10.0,31.0,11.0
18961,31.0,10.0,27.0,17.0
18962,31.0,10.0,31.0,10.0
18963,31.0,10.0,31.0,10.0
18964,31.0,10.0,30.0,13.0
18965,31.0,10.0,27.0,17.0
18966,31.0,10.0,30.0,13.0
18967,31.0,10.0,31.0,11.0
18968,31.0,10.0,26.0,12.0
18969,31.0,10.0,31.0,11.0
18970,31.0,10.0,32.0,10.0
18971,31.0,10.0,31.0,11.0
18972,31.0,10.0,28.0,14.0
18973,31.0,10.0,28.0,14.0
18974,31.0,10.0,27.0,17.0
18975,31.0,10.0,31.0,11.0
18976,31.0,10.0,32.0,10.0
18977,31.0,10.0,32.0,10.0
18978,31.0,10.0,31.0,10.0
18979,31.0,10.0,27.0,17.0
18980,31.0,10.0,30.0,13.0
18981,31.0,10.0,32.0,10.0
18982,31.0,10.0,28.0,14.0
18983,31.0,10.0,30.0,13.0
18984,31.0,10.0,27.0,17.0
18985,31.0,10.0,26.0,12.0
18986,31.0,10.0,27.0,17.0
18987,31.0,10.0,26.0,12.0
18988,31.0,10.0,28.0,14.0
18989,31.0,10.0,28.0,14.0
18990,31.0,10.0,27.0,17.0
18991,31.0,10.0,28.0,14.0
18992,31.0,10.0,30.0,13.0
18993,31.0,10.0,28.0,14.0
18994,31.0,10.0,31.0,10.0
18995,31.0,10.0,32.0,10.0
18996,31.0,10.0,31.0,10.0
18997,31.0,10.0,26.0,12.0
18998,31.0,10.0,27.0,17.0
18999,31.0,10.0,32.0,10.0
19000,31.0,10.0,26.0,12.0
19001,31.0,10.0,32.0,10.0
19002,31.0,10.0,27.0,17.0
19003,31.0,10.0,26.0,12.0
19004,31.0,10.0,27.0,17.0
19005,31.0,10.0,26.0,12.0
19006,31.0,10.0,31.0,10.0
19007,31.0,10.0,30.0,13.0
19008,31.0,10.0,31.0,10.0
19009,31.0,10.0,28.0,14.0
19010,31.0,10.0,26.0,12.0
19011,31.0,10.0,26.0,12.0
19012,31.0,10.0,26.0,12.0
19013,31.0,10.0,31.0,10.0
19014,31.0,10.0,30.0,13.0
19015,31.0,10.0,28.0,14.0
19016,31.0,10.0,32.0,10.0
19017,31.0,10.0,30.0,13.0
19018,31.0,10.0,31.0,10.0
19019,31.0,10.0,31.0,10.0
19020,31.0,10.0,31.0,10.0
19021,31.0,10.0,30.0,13.0
19022,31.0,10.0,26.0,12.0
19023,31.0,10.0,27.0,17.0
19024,31.0,10.0,32.0,10.0
19025,31.0,10.0,28.0,14.0
19026,31.0,10.0,32.0,10.0
19027,31.0,10.0,28.0,14.0
19028,31.0,10.0,28.0,14.0
19029,31.0,10.0,32.0,10.0
19030,31.0,10.0,26.0,12.0
19031,31.0,10.0,32.0,10.0
19032,31.0,10.0,30.0,13.0
19033,31.0,10.0,31.0,10.0
19034,31.0,10.0,32.0,10.0
19035,31.0,10.0,26.0,12.0
19036,31.0,10.0,31.0,11.0
19037,31.0,10.0,30.0,13.0
19038,31.0,10.0,32.0,10.0
19039,31.0,10.0,30.0,13.0
19040,31.0,10.0,30.0,13.0
19041,31.0,10.0,26.0,12.0
19042,31.0,10.0,31.0,11.0
19043,31.0,10.0,27.0,17.0
19044,31.0,10.0,28.0,14.0
19045,31.0,10.0,26.0,12.0
19046,31.0,10.0,27.0,17.0
19047,31.0,10.0,28.0,14.0
19048,31.0,10.0,28.0,14.0
19049,31.0,10.0,28.0,14.0
19050,31.0,10.0,27.0,17.0
19051,31.0,10.0,30.0,13.0
19052,31.0,10.0,28.0,14.0
19053,31.0,10.0,26.0,12.0
19054,31.0,10.0,27.0,17.0
19055,31.0,10.0,31.0,11.0
19056,31.0,10.0,28.0,14.0
19057,31.0,10.0,30.0,13.0
19058,31.0,10.0,28.0,14.0
19059,31.0,10.0,28.0,14.0
19060,31.0,10.0,30.0,13.0
19061,31.0,10.0,28.0,14.0
19062,31.0,10.0,26.0,12.0
19063,31.0,10.0,31.0,10.0
19064,31.0,10.0,27.0,17.0
19065,31.0,10.0,27.0,17.0
19066,31.0,10.0,32.0,10.0
19067,31.0,10.0,31.0,10.0
19068,31.0,10.0,30.0,13.0
19069,31.0,10.0,26.0,12.0
19070,31.0,10.0,26.0,12.0
19071,31.0,10.0,31.0,11.0
19072,31.0,10.0,28.0,14.0
19073,31.0,10.0,28.0,14.0
19074,31.0,10.0,27.0,17.0
19075,31.0,10.0,28.0,14.0
19076,31.0,10.0,30.0,13.0
19077,31.0,10.0,31.0,10.0
19078,31.0,10.0,27.0,17.0
19079,31.0,10.0,31.0,10.0
19080,31.0,10.0,27.0,17.0
19081,31.0,10.0,31.0,11.0
19082,31.0,10.0,31.0,10.0
19083,31.0,10.0,31.0,10.0
19084,31.0,10.0,28.0,14.0
19085,31.0,10.0,28.0,14.0
19086,31.0,10.0,32.0,10.0
19087,31.0,10.0,31.0,10.0
19088,31.0,10.0,28.0,14.0
19089,31.0,10.0,31.0,10.0
19090,31.0,10.0,28.0,14.0
19091,31.0,10.0,31.0,11.0
19092,31.0,10.0,31.0,10.0
19093,31.0,10.0,31.0,10.0
19094,31.0,10.0,32.0,10.0
19095,31.0,10.0,27.0,17.0
19096,31.0,10.0,31.0,10.0
19097,31.0,10.0,31.0,10.0
19098,31.0,10.0,31.0,10.0
19099,31.0,10.0,32.0,10.0
19100,31.0,10.0,31.0,10.0
19101,31.0,10.0,30.0,13.0
19102,31.0,10.0,28.0,14.0
19103,31.0,10.0,28.0,14.0
19104,31.0,10.0,30.0,13.0
19105,31.0,10.0,31.0,10.0
19106,31.0,10.0,32.0,10.0
19107,31.0,10.0,28.0,14.0
19108,31.0,10.0,28.0,14.0
19109,31.0,10.0,26.0,12.0
19110,31.0,10.0,31.0,10.0
19111,31.0,10.0,31.0,11.0
19112,31.0,10.0,27.0,17.0
19113,31.0,10.0,30.0,13.0
19114,31.0,10.0,32.0,10.0
19115,31.0,10.0,28.0,14.0
19116,31.0,10.0,30.0,13.0
19117,31.0,10.0,27.0,17.0
19118,31.0,10.0,27.0,17.0
19119,31.0,10.0,26.0,12.0
19120,31.0,10.0,26.0,12.0
19121,31.0,10.0,31.0,10.0
19122,31.0,10.0,30.0,13.0
19123,31.0,10.0,31.0,10.0
19124,31.0,10.0,30.0,13.0
19125,31.0,10.0,28.0,14.0
19126,31.0,10.0,30.0,13.0
19127,31.0,10.0,31.0,10.0
19128,31.0,10.0,31.0,10.0
19129,31.0,10.0,32.0,10.0
19130,31.0,10.0,31.0,10.0
19131,31.0,10.0,30.0,13.0
19132,31.0,10.0,31.0,11.0
19133,31.0,10.0,26.0,12.0
19134,31.0,10.0,27.0,17.0
19135,31.0,10.0,31.0,11.0
19136,31.0,10.0,28.0,14.0
19137,31.0,10.0,31.0,10.0
19138,31.0,10.0,28.0,14.0
19139,31.0,10.0,31.0,10.0
19140,31.0,10.0,31.0,11.0
19141,31.0,10.0,32.0,10.0
19142,31.0,10.0,31.0,10.0
19143,31.0,10.0,31.0,10.0
19144,31.0,10.0,31.0,11.0
19145,31.0,10.0,28.0,14.0
19146,31.0,10.0,31.0,10.0
19147,31.0,10.0,27.0,17.0
19148,31.0,10.0,31.0,10.0
19149,31.0,10.0,31.0,10.0
19150,31.0,10.0,27.0,17.0
19151,31.0,10.0,30.0,13.0
19152,31.0,10.0,31.0,10.0
19153,31.0,10.0,31.0,11.0
19154,31.0,10.0,31.0,10.0
19155,31.0,10.0,31.0,11.0
19156,31.0,10.0,28.0,14.0
19157,31.0,10.0,32.0,10.0
19158,31.0,10.0,26.0,12.0
19159,31.0,10.0,28.0,14.0
19160,31.0,10.0,32.0,10.0
19161,31.0,10.0,28.0,14.0
19162,31.0,10.0,30.0,13.0
19163,31.0,10.0,30.0,13.0
19164,31.0,10.0,31.0,10.0
19165,31.0,10.0,31.0,10.0
19166,31.0,10.0,32.0,10.0
19167,31.0,10.0,30.0,13.0
19168,31.0,10.0,30.0,13.0
19169,31.0,10.0,31.0,11.0
19170,31.0,10.0,32.0,10.0
19171,31.0,10.0,27.0,17.0
19172,31.0,10.0,31.0,11.0
19173,31.0,10.0,32.0,10.0
19174,31.0,10.0,32.0,10.0
19175,31.0,10.0,27.0,17.0
19176,31.0,10.0,31.0,10.0
19177,31.0,10.0,28.0,14.0
19178,31.0,10.0,30.0,13.0
19179,31.0,10.0,28.0,14.0
19180,31.0,10.0,31.0,10.0
19181,31.0,10.0,27.0,17.0
19182,31.0,10.0,31.0,10.0
19183,31.0,10.0,28.0,14.0
19184,31.0,10.0,31.0,11.0
19185,31.0,10.0,32.0,10.0
19186,31.0,10.0,30.0,13.0
19187,31.0,10.0,26.0,12.0
19188,31.0,10.0,31.0,10.0
19189,31.0,10.0,26.0,12.0
19190,31.0,10.0,26.0,12.0
19191,31.0,10.0,31.0,10.0
19192,31.0,10.0,26.0,12.0
19193,31.0,10.0,31.0,11.0
19194,31.0,10.0,31.0,11.0
19195,31.0,10.0,26.0,12.0
19196,31.0,10.0,26.0,12.0
19197,31.0,10.0,26.0,12.0
19198,31.0,10.0,32.0,10.0
19199,31.0,10.0,30.0,13.0
19200,31.0,10.0,31.0,10.0
19201,31.0,10.0,28.0,14.0
19202,31.0,10.0,31.0,10.0
19203,31.0,10.0,27.0,17.0
19204,31.0,10.0,31.0,11.0
19205,31.0,10.0,31.0,10.0
19206,31.0,10.0,32.0,10.0
19207,31.0,10.0,31.0,10.0
19208,31.0,10.0,30.0,13.0
19209,31.0,10.0,31.0,10.0
19210,31.0,10.0,32.0,10.0
19211,31.0,10.0,31.0,10.0
19212,31.0,10.0,28.0,14.0
19213,31.0,10.0,30.0,13.0
19214,31.0,10.0,31.0,11.0
19215,31.0,10.0,32.0,10.0
19216,31.0,10.0,32.0,10.0
19217,31.0,10.0,26.0,12.0
19218,31.0,10.0,28.0,14.0
19219,31.0,10.0,28.0,14.0
19220,31.0,10.0,31.0,10.0
19221,31.0,10.0,32.0,10.0
19222,31.0,10.0,27.0,17.0
19223,31.0,10.0,31.0,10.0
19224,31.0,10.0,26.0,12.0
19225,31.0,10.0,31.0,10.0
19226,31.0,10.0,26.0,12.0
19227,31.0,10.0,31.0,10.0
19228,31.0,10.0,31.0,11.0
19229,31.0,10.0,32.0,10.0
19230,31.0,10.0,31.0,10.0
19231,31.0,10.0,28.0,14.0
19232,31.0,10.0,28.0,14.0
19233,31.0,10.0,32.0,10.0
19234,31.0,10.0,27.0,17.0
19235,31.0,10.0,31.0,11.0
19236,31.0,10.0,31.0,10.0
19237,31.0,10.0,30.0,13.0
19238,31.0,10.0,30.0,13.0
19239,31.0,10.0,31.0,11.0
19240,31.0,10.0,31.0,10.0
19241,31.0,10.0,31.0,11.0
19242,31.0,10.0,28.0,14.0
19243,31.0,10.0,31.0,10.0
19244,31.0,10.0,32.0,10.0
19245,31.0,10.0,28.0,14.0
19246,31.0,10.0,28.0,14.0
19247,31.0,10.0,31.0,10.0
19248,31.0,10.0,28.0,14.0
19249,31.0,10.0,31.0,10.0
19250,31.0,10.0,26.0,12.0
19251,31.0,10.0,31.0,11.0
19252,31.0,10.0,31.0,10.0
19253,31.0,10.0,31.0,10.0
19254,31.0,10.0,27.0,17.0
19255,31.0,10.0,28.0,14.0
19256,31.0,10.0,32.0,10.0
19257,31.0,10.0,28.0,14.0
19258,31.0,10.0,31.0,10.0
19259,31.0,10.0,27.0,17.0
19260,31.0,10.0,28.0,14.0
19261,31.0,10.0,26.0,12.0
19262,31.0,10.0,26.0,12.0
19263,31.0,10.0,31.0,11.0
19264,31.0,10.0,26.0,12.0
19265,31.0,10.0,32.0,10.0
19266,31.0,10.0,31.0,11.0
19267,31.0,10.0,31.0,10.0
19268,31.0,10.0,30.0,13.0
19269,31.0,10.0,26.0,12.0
19270,31.0,10.0,31.0,11.0
19271,31.0,10.0,31.0,10.0
19272,31.0,10.0,31.0,10.0
19273,31.0,10.0,30.0,13.0
19274,31.0,10.0,27.0,17.0
19275,31.0,10.0,27.0,17.0
19276,31.0,10.0,31.0,10.0
19277,31.0,10.0,26.0,12.0
19278,31.0,10.0,27.0,17.0
19279,31.0,10.0,30.0,13.0
19280,31.0,10.0,30.0,13.0
19281,31.0,10.0,31.0,11.0
19282,31.0,10.0,30.0,13.0
19283,31.0,10.0,27.0,17.0
19284,31.0,10.0,28.0,14.0
19285,31.0,10.0,31.0,11.0
19286,31.0,10.0,31.0,10.0
19287,31.0,10.0,27.0,17.0
19288,31.0,10.0,31.0,10.0
19289,31.0,10.0,30.0,13.0
19290,31.0,10.0,31.0,10.0
19291,31.0,10.0,28.0,14.0
19292,31.0,10.0,31.0,10.0
19293,31.0,10.0,26.0,12.0
19294,31.0,10.0,28.0,14.0
19295,31.0,10.0,30.0,13.0
19296,31.0,10.0,31.0,10.0
19297,31.0,10.0,31.0,11.0
19298,31.0,10.0,27.0,17.0
19299,31.0,10.0,30.0,13.0
19300,31.0,10.0,31.0,10.0
19301,31.0,10.0,31.0,10.0
19302,31.0,10.0,28.0,14.0
19303,31.0,10.0,31.0,11.0
19304,31.0,10.0,32.0,10.0
19305,31.0,10.0,28.0,14.0
19306,31.0,10.0,31.0,10.0
19307,31.0,10.0,31.0,11.0
19308,31.0,10.0,26.0,12.0
19309,31.0,10.0,31.0,10.0
19310,31.0,10.0,31.0,10.0
19311,31.0,10.0,27.0,17.0
19312,31.0,10.0,26.0,12.0
19313,31.0,10.0,31.0,10.0
19314,31.0,10.0,31.0,10.0
19315,31.0,10.0,28.0,14.0
19316,31.0,10.0,28.0,14.0
19317,31.0,10.0,32.0,10.0
19318,31.0,10.0,31.0,10.0
19319,31.0,10.0,28.0,14.0
19320,31.0,10.0,31.0,11.0
19321,31.0,10.0,31.0,11.0
19322,31.0,10.0,27.0,17.0
19323,31.0,10.0,28.0,14.0
19324,31.0,10.0,31.0,10.0
19325,31.0,10.0,30.0,13.0
19326,31.0,10.0,31.0,10.0
19327,31.0,10.0,27.0,17.0
19328,31.0,10.0,30.0,13.0
19329,31.0,10.0,30.0,13.0
19330,31.0,10.0,27.0,17.0
19331,31.0,10.0,27.0,17.0
19332,31.0,10.0,32.0,10.0
19333,31.0,10.0,31.0,10.0
19334,31.0,10.0,31.0,10.0
19335,31.0,10.0,28.0,14.0
19336,31.0,10.0,28.0,14.0
19337,31.0,10.0,31.0,11.0
19338,31.0,10.0,31.0,10.0
19339,31.0,10.0,31.0,10.0
19340,31.0,10.0,30.0,13.0
19341,31.0,10.0,31.0,10.0
19342,31.0,10.0,30.0,13.0
19343,31.0,10.0,28.0,14.0
19344,31.0,10.0,30.0,13.0
19345,31.0,10.0,30.0,13.0
19346,31.0,10.0,27.0,17.0
19347,31.0,10.0,26.0,12.0
19348,31.0,10.0,27.0,17.0
19349,31.0,10.0,27.0,17.0
19350,31.0,10.0,27.0,17.0
19351,31.0,10.0,27.0,17.0
19352,31.0,10.0,27.0,17.0
19353,31.0,10.0,31.0,11.0
19354,31.0,10.0,31.0,10.0
19355,31.0,10.0,30.0,13.0
19356,31.0,10.0,27.0,17.0
19357,31.0,10.0,28.0,14.0
19358,31.0,10.0,26.0,12.0
19359,31.0,10.0,27.0,17.0
19360,31.0,10.0,31.0,10.0
19361,31.0,10.0,31.0,10.0
19362,31.0,10.0,26.0,12.0
19363,31.0,10.0,31.0,10.0
19364,31.0,10.0,32.0,10.0
19365,31.0,10.0,28.0,14.0
19366,31.0,10.0,31.0,11.0
19367,31.0,10.0,27.0,17.0
19368,31.0,10.0,30.0,13.0
19369,31.0,10.0,28.0,14.0
19370,31.0,10.0,31.0,10.0
19371,31.0,10.0,31.0,10.0
19372,31.0,10.0,31.0,10.0
19373,31.0,10.0,31.0,10.0
19374,31.0,10.0,31.0,10.0
19375,31.0,10.0,27.0,17.0
19376,31.0,10.0,30.0,13.0
19377,31.0,10.0,26.0,12.0
19378,31.0,10.0,31.0,11.0
19379,31.0,10.0,31.0,10.0
19380,31.0,10.0,31.0,10.0
19381,31.0,10.0,28.0,14.0
19382,31.0,10.0,26.0,12.0
19383,31.0,10.0,31.0,10.0
19384,31.0,10.0,26.0,12.0
19385,31.0,10.0,26.0,12.0
19386,31.0,10.0,31.0,10.0
19387,31.0,10.0,27.0,17.0
19388,31.0,10.0,32.0,10.0
19389,31.0,10.0,31.0,10.0
19390,31.0,10.0,31.0,11.0
19391,31.0,10.0,27.0,17.0
19392,31.0,10.0,31.0,10.0
19393,31.0,10.0,27.0,17.0
19394,31.0,10.0,31.0,10.0
19395,31.0,10.0,31.0,10.0
19396,31.0,10.0,30.0,13.0
19397,31.0,10.0,28.0,14.0
19398,31.0,10.0,28.0,14.0
19399,31.0,10.0,30.0,13.0
19400,31.0,10.0,31.0,10.0
19401,31.0,10.0,31.0,10.0
19402,31.0,10.0,31.0,10.0
19403,31.0,10.0,31.0,10.0
19404,31.0,10.0,31.0,11.0
19405,31.0,10.0,31.0,10.0
19406,31.0,10.0,27.0,17.0
19407,31.0,10.0,31.0,11.0
19408,31.0,10.0,31.0,10.0
19409,31.0,10.0,31.0,10.0
19410,31.0,10.0,28.0,14.0
19411,31.0,10.0,28.0,14.0
19412,31.0,10.0,28.0,14.0
19413,31.0,10.0,32.0,10.0
19414,31.0,10.0,30.0,13.0
19415,31.0,10.0,26.0,12.0
19416,31.0,10.0,31.0,11.0
19417,31.0,10.0,27.0,17.0
19418,31.0,10.0,31.0,10.0
19419,31.0,10.0,31.0,10.0
19420,31.0,10.0,30.0,13.0
19421,31.0,10.0,31.0,10.0
19422,31.0,10.0,31.0,11.0
19423,31.0,10.0,27.0,17.0
19424,31.0,10.0,31.0,10.0
19425,31.0,10.0,27.0,17.0
19426,31.0,10.0,30.0,13.0
19427,31.0,10.0,31.0,10.0
19428,31.0,10.0,31.0,10.0
19429,31.0,10.0,26.0,12.0
19430,31.0,10.0,31.0,10.0
19431,31.0,10.0,31.0,10.0
19432,31.0,10.0,30.0,13.0
19433,31.0,10.0,28.0,14.0
19434,31.0,10.0,26.0,12.0
19435,31.0,10.0,27.0,17.0
19436,31.0,10.0,28.0,14.0
19437,31.0,10.0,28.0,14.0
19438,31.0,10.0,26.0,12.0
19439,31.0,10.0,28.0,14.0
19440,31.0,10.0,27.0,17.0
19441,31.0,10.0,32.0,10.0
19442,31.0,10.0,26.0,12.0
19443,31.0,10.0,28.0,14.0
19444,31.0,10.0,32.0,10.0
19445,31.0,10.0,31.0,10.0
19446,31.0,10.0,31.0,10.0
19447,31.0,10.0,32.0,10.0
19448,31.0,10.0,31.0,10.0
19449,31.0,10.0,30.0,13.0
19450,31.0,10.0,28.0,14.0
19451,31.0,10.0,30.0,13.0
19452,31.0,10.0,28.0,14.0
19453,31.0,10.0,28.0,14.0
19454,31.0,10.0,26.0,12.0
19455,31.0,10.0,31.0,10.0
19456,31.0,10.0,28.0,14.0
19457,31.0,10.0,31.0,10.0
19458,31.0,10.0,31.0,11.0
19459,31.0,10.0,27.0,17.0
19460,31.0,10.0,26.0,12.0
19461,31.0,10.0,26.0,12.0
19462,31.0,10.0,31.0,10.0
19463,31.0,10.0,31.0,11.0
19464,31.0,10.0,31.0,11.0
19465,31.0,10.0,28.0,14.0
19466,31.0,10.0,30.0,13.0
19467,31.0,10.0,27.0,17.0
19468,31.0,10.0,31.0,11.0
19469,31.0,10.0,28.0,14.0
19470,31.0,10.0,31.0,10.0
19471,31.0,10.0,28.0,14.0
19472,31.0,10.0,30.0,13.0
19473,31.0,10.0,32.0,10.0
19474,31.0,10.0,31.0,10.0
19475,31.0,10.0,31.0,10.0
19476,31.0,10.0,31.0,10.0
19477,31.0,10.0,31.0,10.0
19478,31.0,10.0,28.0,14.0
19479,31.0,10.0,30.0,13.0
19480,31.0,10.0,31.0,10.0
19481,31.0,10.0,26.0,12.0
19482,31.0,10.0,30.0,13.0
19483,31.0,10.0,31.0,11.0
19484,31.0,10.0,32.0,10.0
19485,31.0,10.0,31.0,11.0
19486,31.0,10.0,30.0,13.0
19487,31.0,10.0,28.0,14.0
19488,31.0,10.0,30.0,13.0
19489,31.0,10.0,32.0,10.0
19490,31.0,10.0,32.0,10.0
19491,31.0,10.0,31.0,11.0
19492,31.0,10.0,31.0,11.0
19493,31.0,10.0,27.0,17.0
19494,31.0,10.0,27.0,17.0
19495,31.0,10.0,31.0,10.0
19496,31.0,10.0,27.0,17.0
19497,31.0,10.0,28.0,14.0
19498,31.0,10.0,32.0,10.0
19499,31.0,10.0,31.0,11.0
19500,31.0,10.0,27.0,17.0
19501,31.0,10.0,32.0,10.0
19502,31.0,10.0,28.0,14.0
19503,31.0,10.0,28.0,14.0
19504,31.0,10.0,31.0,11.0
19505,31.0,10.0,31.0,11.0
19506,31.0,10.0,28.0,14.0
19507,31.0,10.0,27.0,17.0
19508,31.0,10.0,27.0,17.0
19509,31.0,10.0,32.0,10.0
19510,31.0,10.0,30.0,13.0
19511,31.0,10.0,26.0,12.0
19512,31.0,10.0,31.0,10.0
19513,31.0,10.0,31.0,10.0
19514,31.0,10.0,31.0,10.0
19515,31.0,10.0,30.0,13.0
19516,31.0,10.0,30.0,13.0
19517,31.0,10.0,31.0,10.0
19518,31.0,10.0,28.0,14.0
19519,31.0,10.0,31.0,11.0
19520,31.0,10.0,27.0,17.0
19521,31.0,10.0,26.0,12.0
19522,31.0,10.0,27.0,17.0
19523,31.0,10.0,27.0,17.0
19524,31.0,10.0,32.0,10.0
19525,31.0,10.0,32.0,10.0
19526,31.0,10.0,30.0,13.0
19527,31.0,10.0,28.0,14.0
19528,31.0,10.0,31.0,10.0
19529,31.0,10.0,31.0,10.0
19530,31.0,10.0,28.0,14.0
19531,31.0,10.0,30.0,13.0
19532,31.0,10.0,31.0,10.0
19533,31.0,10.0,31.0,10.0
19534,31.0,10.0,27.0,17.0
19535,31.0,10.0,32.0,10.0
19536,31.0,10.0,32.0,10.0
19537,31.0,10.0,31.0,10.0
19538,31.0,10.0,28.0,14.0
19539,31.0,10.0,30.0,13.0
19540,31.0,10.0,31.0,10.0
19541,31.0,10.0,27.0,17.0
19542,31.0,10.0,32.0,10.0
19543,31.0,10.0,32.0,10.0
19544,31.0,10.0,31.0,10.0
19545,31.0,10.0,31.0,11.0
19546,31.0,10.0,31.0,10.0
19547,31.0,10.0,26.0,12.0
19548,31.0,10.0,31.0,10.0
19549,31.0,10.0,32.0,10.0
19550,31.0,10.0,28.0,14.0
19551,31.0,10.0,31.0,10.0
19552,31.0,10.0,26.0,12.0
19553,31.0,10.0,32.0,10.0
19554,31.0,10.0,27.0,17.0
19555,31.0,10.0,31.0,10.0
19556,31.0,10.0,27.0,17.0
19557,31.0,10.0,28.0,14.0
19558,31.0,10.0,32.0,10.0
19559,31.0,10.0,31.0,10.0
19560,31.0,10.0,26.0,12.0
19561,31.0,10.0,31.0,10.0
19562,31.0,10.0,32.0,10.0
19563,31.0,10.0,31.0,10.0
19564,31.0,10.0,32.0,10.0
19565,31.0,10.0,32.0,10.0
19566,31.0,10.0,31.0,11.0
19567,31.0,10.0,31.0,10.0
19568,31.0,10.0,32.0,10.0
19569,31.0,10.0,31.0,11.0
19570,31.0,10.0,31.0,10.0
19571,31.0,10.0,31.0,11.0
19572,31.0,10.0,31.0,10.0
19573,31.0,10.0,31.0,11.0
19574,31.0,10.0,27.0,17.0
19575,31.0,10.0,27.0,17.0
19576,31.0,10.0,32.0,10.0
19577,31.0,10.0,32.0,10.0
19578,31.0,10.0,28.0,14.0
19579,31.0,10.0,28.0,14.0
19580,31.0,10.0,28.0,14.0
19581,31.0,10.0,31.0,10.0
19582,31.0,10.0,30.0,13.0
19583,31.0,10.0,26.0,12.0
19584,31.0,10.0,30.0,13.0
19585,31.0,10.0,31.0,10.0
19586,31.0,10.0,26.0,12.0
19587,31.0,10.0,26.0,12.0
19588,31.0,10.0,27.0,17.0
19589,31.0,10.0,31.0,10.0
19590,31.0,10.0,31.0,10.0
19591,31.0,10.0,31.0,11.0
19592,31.0,10.0,26.0,12.0
19593,31.0,10.0,31.0,10.0
19594,31.0,10.0,31.0,10.0
19595,31.0,10.0,28.0,14.0
19596,31.0,10.0,31.0,10.0
19597,31.0,10.0,31.0,11.0
19598,31.0,10.0,31.0,11.0
19599,31.0,10.0,28.0,14.0
19600,31.0,10.0,27.0,17.0
19601,31.0,10.0,32.0,10.0
19602,31.0,10.0,31.0,11.0
19603,31.0,10.0,30.0,13.0
19604,31.0,10.0,26.0,12.0
19605,31.0,10.0,28.0,14.0
19606,31.0,10.0,31.0,11.0
19607,31.0,10.0,31.0,11.0
19608,31.0,10.0,26.0,12.0
19609,31.0,10.0,26.0,12.0
19610,31.0,10.0,31.0,10.0
19611,31.0,10.0,28.0,14.0
19612,31.0,10.0,28.0,14.0
19613,31.0,10.0,31.0,11.0
19614,31.0,10.0,30.0,13.0
19615,31.0,10.0,31.0,10.0
19616,31.0,10.0,27.0,17.0
19617,31.0,10.0,32.0,10.0
19618,31.0,10.0,28.0,14.0
19619,31.0,10.0,31.0,11.0
19620,31.0,10.0,31.0,10.0
19621,31.0,10.0,28.0,14.0
19622,31.0,10.0,31.0,10.0
19623,31.0,10.0,30.0,13.0
19624,31.0,10.0,32.0,10.0
19625,31.0,10.0,27.0,17.0
19626,31.0,10.0,30.0,13.0
19627,31.0,10.0,31.0,10.0
19628,31.0,10.0,32.0,10.0
19629,31.0,10.0,32.0,10.0
19630,31.0,10.0,28.0,14.0
19631,31.0,10.0,26.0,12.0
19632,31.0,10.0,26.0,12.0
19633,31.0,10.0,26.0,12.0
19634,31.0,10.0,27.0,17.0
19635,31.0,10.0,32.0,10.0
19636,31.0,10.0,31.0,10.0
19637,31.0,10.0,30.0,13.0
19638,31.0,10.0,28.0,14.0
19639,31.0,10.0,31.0,10.0
19640,31.0,10.0,31.0,10.0
19641,31.0,10.0,27.0,17.0
19642,31.0,10.0,26.0,12.0
19643,31.0,10.0,27.0,17.0
19644,31.0,10.0,31.0,10.0
19645,31.0,10.0,31.0,10.0
19646,31.0,10.0,28.0,14.0
19647,31.0,10.0,31.0,10.0
19648,31.0,10.0,32.0,10.0
19649,31.0,10.0,31.0,10.0
19650,31.0,10.0,31.0,10.0
19651,31.0,10.0,30.0,13.0
19652,31.0,10.0,31.0,10.0
19653,31.0,10.0,31.0,10.0
19654,31.0,10.0,32.0,10.0
19655,31.0,10.0,26.0,12.0
19656,31.0,10.0,31.0,10.0
19657,31.0,10.0,27.0,17.0
19658,31.0,10.0,31.0,10.0
19659,31.0,10.0,31.0,11.0
19660,31.0,10.0,31.0,10.0
19661,31.0,10.0,28.0,14.0
19662,31.0,10.0,31.0,10.0
19663,31.0,10.0,31.0,10.0
19664,31.0,10.0,28.0,14.0
19665,31.0,10.0,31.0,11.0
19666,31.0,10.0,31.0,10.0
19667,31.0,10.0,32.0,10.0
19668,31.0,10.0,31.0,10.0
19669,31.0,10.0,31.0,10.0
19670,31.0,10.0,31.0,11.0
19671,31.0,10.0,32.0,10.0
19672,31.0,10.0,28.0,14.0
19673,31.0,10.0,31.0,10.0
19674,31.0,10.0,31.0,10.0
19675,31.0,10.0,31.0,11.0
19676,31.0,10.0,31.0,11.0
19677,31.0,10.0,27.0,17.0
19678,31.0,10.0,31.0,10.0
19679,31.0,10.0,31.0,10.0
19680,31.0,10.0,27.0,17.0
19681,31.0,10.0,26.0,12.0
19682,31.0,10.0,26.0,12.0
19683,31.0,10.0,30.0,13.0
19684,31.0,10.0,32.0,10.0
19685,31.0,10.0,31.0,10.0
19686,31.0,10.0,31.0,10.0
19687,31.0,10.0,31.0,10.0
19688,31.0,10.0,32.0,10.0
19689,31.0,10.0,31.0,10.0
19690,31.0,10.0,32.0,10.0
19691,31.0,10.0,26.0,12.0
19692,31.0,10.0,31.0,10.0
19693,31.0,10.0,32.0,10.0
19694,31.0,10.0,30.0,13.0
19695,31.0,10.0,31.0,10.0
19696,31.0,10.0,27.0,17.0
19697,31.0,10.0,26.0,12.0
19698,31.0,10.0,32.0,10.0
19699,31.0,10.0,31.0,10.0
19700,31.0,10.0,31.0,10.0
19701,31.0,10.0,26.0,12.0
19702,31.0,10.0,31.0,10.0
19703,31.0,10.0,28.0,14.0
19704,31.0,10.0,30.0,13.0
19705,31.0,10.0,31.0,10.0
19706,31.0,10.0,31.0,10.0
19707,31.0,10.0,27.0,17.0
19708,31.0,10.0,27.0,17.0
19709,31.0,10.0,27.0,17.0
19710,31.0,10.0,27.0,17.0
19711,31.0,10.0,28.0,14.0
19712,31.0,10.0,32.0,10.0
19713,31.0,10.0,28.0,14.0
19714,31.0,10.0,26.0,12.0
19715,31.0,10.0,27.0,17.0
19716,31.0,10.0,31.0,10.0
19717,31.0,10.0,31.0,10.0
19718,31.0,10.0,30.0,13.0
19719,31.0,10.0,26.0,12.0
19720,31.0,10.0,28.0,14.0
19721,31.0,10.0,27.0,17.0
19722,31.0,10.0,31.0,10.0
19723,31.0,10.0,32.0,10.0
19724,31.0,10.0,31.0,10.0
19725,31.0,10.0,30.0,13.0
19726,31.0,10.0,27.0,17.0
19727,31.0,10.0,30.0,13.0
19728,31.0,10.0,32.0,10.0
19729,31.0,10.0,31.0,10.0
19730,31.0,10.0,32.0,10.0
19731,31.0,10.0,27.0,17.0
19732,31.0,10.0,28.0,14.0
19733,31.0,10.0,31.0,10.0
19734,31.0,10.0,31.0,11.0
19735,31.0,10.0,31.0,10.0
19736,31.0,10.0,32.0,10.0
19737,31.0,10.0,26.0,12.0
19738,31.0,10.0,31.0,10.0
19739,31.0,10.0,31.0,10.0
19740,31.0,10.0,27.0,17.0
19741,31.0,10.0,31.0,11.0
19742,31.0,10.0,32.0,10.0
19743,31.0,10.0,28.0,14.0
19744,31.0,10.0,28.0,14.0
19745,31.0,10.0,31.0,11.0
19746,31.0,10.0,28.0,14.0
19747,31.0,10.0,31.0,10.0
19748,31.0,10.0,28.0,14.0
19749,31.0,10.0,31.0,10.0
19750,31.0,10.0,31.0,11.0
19751,31.0,10.0,26.0,12.0
19752,31.0,10.0,28.0,14.0
19753,31.0,10.0,31.0,10.0
19754,31.0,10.0,26.0,12.0
19755,31.0,10.0,28.0,14.0
19756,31.0,10.0,26.0,12.0
19757,31.0,10.0,27.0,17.0
19758,31.0,10.0,27.0,17.0
19759,31.0,10.0,27.0,17.0
19760,31.0,10.0,27.0,17.0
19761,31.0,10.0,31.0,10.0
19762,31.0,10.0,27.0,17.0
19763,31.0,10.0,27.0,17.0
19764,31.0,10.0,26.0,12.0
19765,31.0,10.0,31.0,10.0
19766,31.0,10.0,31.0,10.0
19767,31.0,10.0,26.0,12.0
19768,31.0,10.0,28.0,14.0
19769,31.0,10.0,30.0,13.0
19770,31.0,10.0,26.0,12.0
19771,31.0,10.0,31.0,10.0
19772,31.0,10.0,31.0,10.0
19773,31.0,10.0,28.0,14.0
19774,31.0,10.0,31.0,10.0
19775,31.0,10.0,27.0,17.0
19776,31.0,10.0,31.0,10.0
19777,31.0,10.0,32.0,10.0
19778,31.0,10.0,31.0,10.0
19779,31.0,10.0,31.0,10.0
19780,31.0,10.0,31.0,10.0
19781,31.0,10.0,31.0,11.0
19782,31.0,10.0,30.0,13.0
19783,31.0,10.0,31.0,11.0
19784,31.0,10.0,28.0,14.0
19785,31.0,10.0,30.0,13.0
19786,31.0,10.0,31.0,10.0
19787,31.0,10.0,31.0,11.0
19788,31.0,10.0,31.0,11.0
19789,31.0,10.0,31.0,10.0
19790,31.0,10.0,26.0,12.0
19791,31.0,10.0,30.0,13.0
19792,31.0,10.0,31.0,10.0
19793,31.0,10.0,32.0,10.0
19794,31.0,10.0,28.0,14.0
19795,31.0,10.0,27.0,17.0
19796,31.0,10.0,26.0,12.0
19797,31.0,10.0,32.0,10.0
19798,31.0,10.0,31.0,10.0
19799,31.0,10.0,31.0,10.0
19800,31.0,10.0,31.0,10.0
19801,31.0,10.0,27.0,17.0
19802,31.0,10.0,31.0,10.0
19803,31.0,10.0,32.0,10.0
19804,31.0,10.0,30.0,13.0
19805,31.0,10.0,30.0,13.0
19806,31.0,10.0,26.0,12.0
19807,31.0,10.0,30.0,13.0
19808,31.0,10.0,31.0,10.0
19809,31.0,10.0,32.0,10.0
19810,31.0,10.0,26.0,12.0
19811,31.0,10.0,30.0,13.0
19812,31.0,10.0,31.0,10.0
19813,31.0,10.0,27.0,17.0
19814,31.0,10.0,32.0,10.0
19815,31.0,10.0,30.0,13.0
19816,31.0,10.0,32.0,10.0
19817,31.0,10.0,28.0,14.0
19818,31.0,10.0,31.0,10.0
19819,31.0,10.0,30.0,13.0
19820,31.0,10.0,31.0,10.0
19821,31.0,10.0,31.0,10.0
19822,31.0,10.0,31.0,10.0
19823,31.0,10.0,32.0,10.0
19824,31.0,10.0,27.0,17.0
19825,31.0,10.0,31.0,11.0
19826,31.0,10.0,26.0,12.0
19827,31.0,10.0,28.0,14.0
19828,31.0,10.0,31.0,10.0
19829,31.0,10.0,28.0,14.0
19830,31.0,10.0,31.0,10.0
19831,31.0,10.0,31.0,10.0
19832,31.0,10.0,26.0,12.0
19833,31.0,10.0,30.0,13.0
19834,31.0,10.0,31.0,11.0
19835,31.0,10.0,30.0,13.0
19836,31.0,10.0,30.0,13.0
19837,31.0,10.0,32.0,10.0
19838,31.0,10.0,26.0,12.0
19839,31.0,10.0,31.0,10.0
19840,31.0,10.0,26.0,12.0
19841,31.0,10.0,30.0,13.0
19842,31.0,10.0,26.0,12.0
19843,31.0,10.0,31.0,11.0
19844,31.0,10.0,27.0,17.0
19845,31.0,10.0,31.0,10.0
19846,31.0,10.0,28.0,14.0
19847,31.0,10.0,31.0,10.0
19848,31.0,10.0,32.0,10.0
19849,31.0,10.0,31.0,10.0
19850,31.0,10.0,27.0,17.0
19851,31.0,10.0,31.0,10.0
19852,31.0,10.0,26.0,12.0
19853,31.0,10.0,32.0,10.0
19854,31.0,10.0,31.0,11.0
19855,31.0,10.0,26.0,12.0
19856,31.0,10.0,31.0,10.0
19857,31.0,10.0,31.0,10.0
19858,31.0,10.0,31.0,11.0
19859,31.0,10.0,31.0,11.0
19860,31.0,10.0,31.0,10.0
19861,31.0,10.0,28.0,14.0
19862,31.0,10.0,32.0,10.0
19863,31.0,10.0,31.0,10.0
19864,31.0,10.0,30.0,13.0
19865,31.0,10.0,31.0,10.0
19866,31.0,10.0,31.0,10.0
19867,31.0,10.0,27.0,17.0
19868,31.0,10.0,27.0,17.0
19869,31.0,10.0,28.0,14.0
19870,31.0,10.0,31.0,10.0
19871,31.0,10.0,31.0,10.0
19872,31.0,10.0,30.0,13.0
19873,31.0,10.0,27.0,17.0
19874,31.0,10.0,30.0,13.0
19875,31.0,10.0,27.0,17.0
19876,31.0,10.0,31.0,10.0
19877,31.0,10.0,28.0,14.0
19878,31.0,10.0,28.0,14.0
19879,31.0,10.0,31.0,10.0
19880,31.0,10.0,28.0,14.0
19881,31.0,10.0,27.0,17.0
19882,31.0,10.0,30.0,13.0
19883,31.0,10.0,31.0,10.0
19884,31.0,10.0,28.0,14.0
19885,31.0,10.0,32.0,10.0
19886,31.0,10.0,27.0,17.0
19887,31.0,10.0,31.0,10.0
19888,31.0,10.0,32.0,10.0
19889,31.0,10.0,32.0,10.0
19890,31.0,10.0,26.0,12.0
19891,31.0,10.0,32.0,10.0
19892,31.0,10.0,32.0,10.0
19893,31.0,10.0,32.0,10.0
19894,31.0,10.0,26.0,12.0
19895,31.0,10.0,31.0,10.0
19896,31.0,10.0,27.0,17.0
19897,31.0,10.0,26.0,12.0
19898,31.0,10.0,28.0,14.0
19899,31.0,10.0,31.0,11.0
19900,31.0,10.0,31.0,10.0
19901,31.0,10.0,26.0,12.0
19902,31.0,10.0,31.0,10.0
19903,31.0,10.0,28.0,14.0
19904,31.0,10.0,28.0,14.0
19905,31.0,10.0,31.0,10.0
19906,31.0,10.0,31.0,10.0
19907,31.0,10.0,28.0,14.0
19908,31.0,10.0,31.0,10.0
19909,31.0,10.0,27.0,17.0
19910,31.0,10.0,26.0,12.0
19911,31.0,10.0,31.0,11.0
19912,31.0,10.0,26.0,12.0
19913,31.0,10.0,31.0,10.0
19914,31.0,10.0,31.0,10.0
19915,31.0,10.0,31.0,11.0
19916,31.0,10.0,30.0,13.0
19917,31.0,10.0,31.0,11.0
19918,31.0,10.0,31.0,10.0
19919,31.0,10.0,31.0,11.0
19920,31.0,10.0,31.0,10.0
19921,31.0,10.0,31.0,10.0
19922,31.0,10.0,30.0,13.0
19923,31.0,10.0,30.0,13.0
19924,31.0,10.0,30.0,13.0
19925,31.0,10.0,26.0,12.0
19926,31.0,10.0,31.0,11.0
19927,31.0,10.0,26.0,12.0
19928,31.0,10.0,31.0,10.0
19929,31.0,10.0,30.0,13.0
19930,31.0,10.0,31.0,10.0
19931,31.0,10.0,28.0,14.0
19932,31.0,10.0,26.0,12.0
19933,31.0,10.0,31.0,10.0
19934,31.0,10.0,32.0,10.0
19935,31.0,10.0,31.0,10.0
19936,31.0,10.0,31.0,10.0
19937,31.0,10.0,27.0,17.0
19938,31.0,10.0,26.0,12.0
19939,31.0,10.0,26.0,12.0
19940,31.0,10.0,27.0,17.0
19941,31.0,10.0,31.0,10.0
19942,31.0,10.0,31.0,11.0
19943,31.0,10.0,30.0,13.0
19944,31.0,10.0,31.0,10.0
19945,31.0,10.0,32.0,10.0
19946,31.0,10.0,31.0,10.0
19947,31.0,10.0,32.0,10.0
19948,31.0,10.0,30.0,13.0
19949,31.0,10.0,28.0,14.0
19950,31.0,10.0,27.0,17.0
19951,31.0,10.0,31.0,10.0
19952,31.0,10.0,31.0,10.0
19953,31.0,10.0,31.0,10.0
19954,31.0,10.0,27.0,17.0
19955,31.0,10.0,31.0,11.0
19956,31.0,10.0,28.0,14.0
19957,31.0,10.0,32.0,10.0
19958,31.0,10.0,32.0,10.0
19959,31.0,10.0,30.0,13.0
19960,31.0,10.0,28.0,14.0
19961,31.0,10.0,30.0,13.0
19962,31.0,10.0,31.0,10.0
19963,31.0,10.0,28.0,14.0
19964,31.0,10.0,30.0,13.0
19965,31.0,10.0,32.0,10.0
19966,31.0,10.0,31.0,10.0
19967,31.0,10.0,30.0,13.0
19968,31.0,10.0,26.0,12.0
19969,31.0,10.0,31.0,10.0
19970,31.0,10.0,31.0,10.0
19971,31.0,10.0,31.0,10.0
19972,31.0,10.0,28.0,14.0
19973,31.0,10.0,31.0,10.0
19974,31.0,10.0,27.0,17.0
19975,31.0,10.0,28.0,14.0
19976,31.0,10.0,30.0,13.0
19977,31.0,10.0,30.0,13.0
19978,31.0,10.0,31.0,11.0
19979,31.0,10.0,31.0,10.0
19980,31.0,10.0,30.0,13.0
19981,31.0,10.0,28.0,14.0
19982,31.0,10.0,28.0,14.0
19983,31.0,10.0,31.0,10.0
19984,31.0,10.0,32.0,10.0
19985,31.0,10.0,30.0,13.0
19986,31.0,10.0,32.0,10.0
19987,31.0,10.0,31.0,10.0
19988,31.0,10.0,31.0,10.0
19989,31.0,10.0,32.0,10.0
19990,31.0,10.0,30.0,13.0
19991,31.0,10.0,31.0,10.0
19992,31.0,10.0,27.0,17.0
19993,31.0,10.0,30.0,13.0
19994,31.0,10.0,28.0,14.0
19995,31.0,10.0,27.0,17.0
19996,31.0,10.0,31.0,11.0
19997,31.0,10.0,28.0,14.0
19998,31.0,10.0,31.0,10.0
19999,31.0,10.0,31.0,11.0
20000,31.0,10.0,31.0,11.0
20001,31.0,10.0,31.0,11.0
20002,31.0,10.0,30.0,13.0
20003,31.0,10.0,28.0,14.0
20004,31.0,10.0,31.0,10.0
20005,31.0,10.0,28.0,14.0
20006,31.0,10.0,31.0,10.0
20007,31.0,10.0,31.0,11.0
20008,31.0,10.0,32.0,10.0
20009,31.0,10.0,31.0,11.0
20010,31.0,10.0,31.0,10.0
20011,31.0,10.0,27.0,17.0
20012,31.0,10.0,31.0,11.0
20013,31.0,10.0,28.0,14.0
20014,31.0,10.0,26.0,12.0
20015,31.0,10.0,31.0,10.0
20016,31.0,10.0,26.0,12.0
20017,31.0,10.0,28.0,14.0
20018,31.0,10.0,31.0,10.0
20019,31.0,10.0,26.0,12.0
20020,31.0,10.0,31.0,11.0
20021,31.0,10.0,31.0,10.0
20022,31.0,10.0,31.0,10.0
20023,31.0,10.0,26.0,12.0
20024,31.0,10.0,28.0,14.0
20025,31.0,10.0,31.0,11.0
20026,31.0,10.0,31.0,10.0
20027,31.0,10.0,31.0,10.0
20028,31.0,10.0,26.0,12.0
20029,31.0,10.0,30.0,13.0
20030,31.0,10.0,27.0,17.0
20031,31.0,10.0,26.0,12.0
20032,31.0,10.0,31.0,10.0
20033,31.0,10.0,31.0,10.0
20034,31.0,10.0,31.0,10.0
20035,31.0,10.0,31.0,10.0
20036,31.0,10.0,32.0,10.0
20037,31.0,10.0,26.0,12.0
20038,31.0,10.0,26.0,12.0
20039,31.0,10.0,31.0,11.0
20040,31.0,10.0,30.0,13.0
20041,31.0,10.0,28.0,14.0
20042,31.0,10.0,27.0,17.0
20043,31.0,10.0,26.0,12.0
20044,31.0,10.0,28.0,14.0
20045,31.0,10.0,31.0,10.0
20046,31.0,10.0,26.0,12.0
20047,31.0,10.0,31.0,11.0
20048,31.0,10.0,26.0,12.0
20049,31.0,10.0,31.0,11.0
20050,31.0,10.0,31.0,11.0
20051,31.0,10.0,32.0,10.0
20052,31.0,10.0,31.0,11.0
20053,31.0,10.0,30.0,13.0
20054,31.0,10.0,30.0,13.0
20055,31.0,10.0,27.0,17.0
20056,31.0,10.0,31.0,10.0
20057,31.0,10.0,27.0,17.0
20058,31.0,10.0,28.0,14.0
20059,31.0,10.0,31.0,10.0
20060,31.0,10.0,31.0,10.0
20061,31.0,10.0,30.0,13.0
20062,31.0,10.0,26.0,12.0
20063,31.0,10.0,31.0,10.0
20064,31.0,10.0,27.0,17.0
20065,31.0,10.0,26.0,12.0
20066,31.0,10.0,30.0,13.0
20067,31.0,10.0,27.0,17.0
20068,31.0,10.0,26.0,12.0
20069,31.0,10.0,27.0,17.0
20070,31.0,10.0,27.0,17.0
20071,31.0,10.0,27.0,17.0
20072,31.0,10.0,28.0,14.0
20073,31.0,10.0,30.0,13.0
20074,31.0,10.0,28.0,14.0
20075,31.0,10.0,31.0,11.0
20076,31.0,10.0,31.0,11.0
20077,31.0,10.0,32.0,10.0
20078,31.0,10.0,30.0,13.0
20079,31.0,10.0,27.0,17.0
20080,31.0,10.0,28.0,14.0
20081,31.0,10.0,31.0,10.0
20082,31.0,10.0,26.0,12.0
20083,31.0,10.0,32.0,10.0
20084,31.0,10.0,26.0,12.0
20085,31.0,10.0,31.0,11.0
20086,31.0,10.0,32.0,10.0
20087,31.0,10.0,31.0,10.0
20088,31.0,10.0,32.0,10.0
20089,31.0,10.0,31.0,10.0
20090,31.0,10.0,28.0,14.0
20091,31.0,10.0,31.0,10.0
20092,31.0,10.0,28.0,14.0
20093,31.0,10.0,31.0,10.0
20094,31.0,10.0,28.0,14.0
20095,31.0,10.0,30.0,13.0
20096,31.0,10.0,28.0,14.0
20097,31.0,10.0,32.0,10.0
20098,31.0,10.0,30.0,13.0
20099,31.0,10.0,31.0,10.0
20100,31.0,10.0,27.0,17.0
20101,31.0,10.0,31.0,10.0
20102,31.0,10.0,27.0,17.0
20103,31.0,10.0,26.0,12.0
20104,31.0,10.0,31.0,10.0
20105,31.0,10.0,28.0,14.0
20106,31.0,10.0,31.0,10.0
20107,31.0,10.0,32.0,10.0
20108,31.0,10.0,28.0,14.0
20109,31.0,10.0,30.0,13.0
20110,31.0,10.0,28.0,14.0
20111,31.0,10.0,31.0,10.0
20112,31.0,10.0,30.0,13.0
20113,31.0,10.0,31.0,11.0
20114,31.0,10.0,28.0,14.0
20115,31.0,10.0,31.0,10.0
20116,31.0,10.0,28.0,14.0
20117,31.0,10.0,28.0,14.0
20118,31.0,10.0,31.0,10.0
20119,31.0,10.0,30.0,13.0
20120,31.0,10.0,28.0,14.0
20121,31.0,10.0,26.0,12.0
20122,31.0,10.0,27.0,17.0
20123,31.0,10.0,30.0,13.0
20124,31.0,10.0,26.0,12.0
20125,31.0,10.0,31.0,10.0
20126,31.0,10.0,30.0,13.0
20127,31.0,10.0,26.0,12.0
20128,31.0,10.0,30.0,13.0
20129,31.0,10.0,31.0,10.0
20130,31.0,10.0,26.0,12.0
20131,31.0,10.0,31.0,11.0
20132,31.0,10.0,31.0,10.0
20133,31.0,10.0,28.0,14.0
20134,31.0,10.0,30.0,13.0
20135,31.0,10.0,26.0,12.0
20136,31.0,10.0,27.0,17.0
20137,31.0,10.0,30.0,13.0
20138,31.0,10.0,26.0,12.0
20139,31.0,10.0,28.0,14.0
20140,31.0,10.0,31.0,10.0
20141,31.0,10.0,31.0,11.0
20142,31.0,10.0,32.0,10.0
20143,31.0,10.0,26.0,12.0
20144,31.0,10.0,31.0,11.0
20145,31.0,10.0,28.0,14.0
20146,31.0,10.0,31.0,11.0
20147,31.0,10.0,27.0,17.0
20148,31.0,10.0,31.0,10.0
20149,31.0,10.0,31.0,10.0
20150,31.0,10.0,26.0,12.0
20151,31.0,10.0,27.0,17.0
20152,31.0,10.0,31.0,10.0
20153,31.0,10.0,27.0,17.0
20154,31.0,10.0,27.0,17.0
20155,31.0,10.0,30.0,13.0
20156,31.0,10.0,32.0,10.0
20157,31.0,10.0,31.0,10.0
20158,31.0,10.0,28.0,14.0
20159,31.0,10.0,30.0,13.0
20160,31.0,10.0,31.0,11.0
20161,31.0,10.0,28.0,14.0
20162,31.0,10.0,32.0,10.0
20163,31.0,10.0,31.0,11.0
20164,31.0,10.0,28.0,14.0
20165,31.0,10.0,28.0,14.0
20166,31.0,10.0,31.0,11.0
20167,31.0,10.0,32.0,10.0
20168,31.0,10.0,27.0,17.0
20169,31.0,10.0,31.0,10.0
20170,31.0,10.0,28.0,14.0
20171,31.0,10.0,27.0,17.0
20172,31.0,10.0,31.0,10.0
20173,31.0,10.0,31.0,10.0
20174,31.0,10.0,31.0,11.0
20175,31.0,10.0,31.0,10.0
20176,31.0,10.0,31.0,10.0
20177,31.0,10.0,28.0,14.0
20178,31.0,10.0,30.0,13.0
20179,31.0,10.0,31.0,10.0
20180,31.0,10.0,31.0,11.0
20181,31.0,10.0,31.0,10.0
20182,31.0,10.0,31.0,10.0
20183,31.0,10.0,27.0,17.0
20184,31.0,10.0,28.0,14.0
20185,31.0,10.0,27.0,17.0
20186,31.0,10.0,31.0,11.0
20187,31.0,10.0,31.0,10.0
20188,31.0,10.0,32.0,10.0
20189,31.0,10.0,31.0,11.0
20190,31.0,10.0,28.0,14.0
20191,31.0,10.0,32.0,10.0
20192,31.0,10.0,31.0,11.0
20193,31.0,10.0,30.0,13.0
20194,31.0,10.0,31.0,10.0
20195,31.0,10.0,30.0,13.0
20196,31.0,10.0,27.0,17.0
20197,31.0,10.0,32.0,10.0
20198,31.0,10.0,30.0,13.0
20199,31.0,10.0,31.0,10.0
20200,31.0,10.0,31.0,10.0
20201,31.0,10.0,31.0,10.0
20202,31.0,10.0,32.0,10.0
20203,31.0,10.0,28.0,14.0
20204,31.0,10.0,31.0,11.0
20205,31.0,10.0,28.0,14.0
20206,31.0,10.0,31.0,10.0
20207,31.0,10.0,31.0,11.0
20208,31.0,10.0,31.0,10.0
20209,31.0,10.0,26.0,12.0
20210,31.0,10.0,26.0,12.0
20211,31.0,10.0,26.0,12.0
20212,31.0,10.0,31.0,11.0
20213,31.0,10.0,31.0,10.0
20214,31.0,10.0,28.0,14.0
20215,31.0,10.0,31.0,11.0
20216,31.0,10.0,32.0,10.0
20217,31.0,10.0,30.0,13.0
20218,31.0,10.0,28.0,14.0
20219,31.0,10.0,31.0,10.0
20220,31.0,10.0,31.0,11.0
20221,31.0,10.0,31.0,11.0
20222,31.0,10.0,26.0,12.0
20223,31.0,10.0,28.0,14.0
20224,31.0,10.0,28.0,14.0
20225,31.0,10.0,32.0,10.0
20226,31.0,10.0,27.0,17.0
20227,31.0,10.0,26.0,12.0
20228,31.0,10.0,31.0,10.0
20229,31.0,10.0,31.0,11.0
20230,31.0,10.0,31.0,11.0
20231,31.0,10.0,27.0,17.0
20232,31.0,10.0,30.0,13.0
20233,31.0,10.0,30.0,13.0
20234,31.0,10.0,32.0,10.0
20235,31.0,10.0,31.0,10.0
20236,31.0,10.0,31.0,10.0
20237,31.0,10.0,26.0,12.0
20238,31.0,10.0,26.0,12.0
20239,31.0,10.0,31.0,10.0
20240,31.0,10.0,28.0,14.0
20241,31.0,10.0,28.0,14.0
20242,31.0,10.0,31.0,10.0
20243,31.0,10.0,31.0,10.0
20244,31.0,10.0,28.0,14.0
20245,31.0,10.0,27.0,17.0
20246,31.0,10.0,27.0,17.0
20247,31.0,10.0,32.0,10.0
20248,31.0,10.0,28.0,14.0
20249,31.0,10.0,31.0,11.0
20250,31.0,10.0,28.0,14.0
20251,31.0,10.0,31.0,10.0
20252,31.0,10.0,32.0,10.0
20253,31.0,10.0,28.0,14.0
20254,31.0,10.0,31.0,10.0
20255,31.0,10.0,28.0,14.0
20256,31.0,10.0,31.0,10.0
20257,31.0,10.0,28.0,14.0
20258,31.0,10.0,30.0,13.0
20259,31.0,10.0,31.0,10.0
20260,31.0,10.0,31.0,10.0
20261,31.0,10.0,31.0,11.0
20262,31.0,10.0,30.0,13.0
20263,31.0,10.0,31.0,10.0
20264,31.0,10.0,31.0,10.0
20265,31.0,10.0,26.0,12.0
20266,31.0,10.0,26.0,12.0
20267,31.0,10.0,27.0,17.0
20268,31.0,10.0,31.0,10.0
20269,31.0,10.0,32.0,10.0
20270,31.0,10.0,30.0,13.0
20271,31.0,10.0,31.0,10.0
20272,31.0,10.0,26.0,12.0
20273,31.0,10.0,26.0,12.0
20274,31.0,10.0,31.0,11.0
20275,31.0,10.0,31.0,10.0
20276,31.0,10.0,30.0,13.0
20277,31.0,10.0,26.0,12.0
20278,31.0,10.0,31.0,10.0
20279,31.0,10.0,32.0,10.0
20280,31.0,10.0,31.0,11.0
20281,31.0,10.0,30.0,13.0
20282,31.0,10.0,28.0,14.0
20283,31.0,10.0,31.0,10.0
20284,31.0,10.0,28.0,14.0
20285,31.0,10.0,26.0,12.0
20286,31.0,10.0,32.0,10.0
20287,31.0,10.0,31.0,10.0
20288,31.0,10.0,31.0,10.0
20289,31.0,10.0,32.0,10.0
20290,31.0,10.0,31.0,10.0
20291,31.0,10.0,28.0,14.0
20292,31.0,10.0,30.0,13.0
20293,31.0,10.0,27.0,17.0
20294,31.0,10.0,31.0,10.0
20295,31.0,10.0,32.0,10.0
20296,31.0,10.0,27.0,17.0
20297,31.0,10.0,27.0,17.0
20298,31.0,10.0,26.0,12.0
20299,31.0,10.0,26.0,12.0
20300,31.0,10.0,32.0,10.0
20301,31.0,10.0,26.0,12.0
20302,31.0,10.0,26.0,12.0
20303,31.0,10.0,28.0,14.0
20304,31.0,10.0,31.0,10.0
20305,31.0,10.0,32.0,10.0
20306,31.0,10.0,31.0,10.0
20307,31.0,10.0,31.0,10.0
20308,31.0,10.0,31.0,11.0
20309,31.0,10.0,32.0,10.0
20310,31.0,10.0,31.0,10.0
20311,31.0,10.0,31.0,10.0
20312,31.0,10.0,31.0,11.0
20313,31.0,10.0,28.0,14.0
20314,31.0,10.0,31.0,11.0
20315,31.0,10.0,26.0,12.0
20316,31.0,10.0,32.0,10.0
20317,31.0,10.0,31.0,11.0
20318,31.0,10.0,28.0,14.0
20319,31.0,10.0,28.0,14.0
20320,31.0,10.0,27.0,17.0
20321,31.0,10.0,30.0,13.0
20322,31.0,10.0,31.0,10.0
20323,31.0,10.0,31.0,10.0
20324,31.0,10.0,26.0,12.0
20325,31.0,10.0,31.0,10.0
20326,31.0,10.0,31.0,10.0
20327,31.0,10.0,28.0,14.0
20328,31.0,10.0,32.0,10.0
20329,31.0,10.0,31.0,10.0
20330,31.0,10.0,28.0,14.0
20331,31.0,10.0,31.0,11.0
20332,31.0,10.0,31.0,10.0
20333,31.0,10.0,31.0,10.0
20334,31.0,10.0,31.0,11.0
20335,31.0,10.0,28.0,14.0
20336,31.0,10.0,31.0,11.0
20337,31.0,10.0,28.0,14.0
20338,31.0,10.0,31.0,10.0
20339,31.0,10.0,31.0,11.0
20340,31.0,10.0,26.0,12.0
20341,31.0,10.0,31.0,10.0
20342,31.0,10.0,32.0,10.0
20343,31.0,10.0,30.0,13.0
20344,31.0,10.0,30.0,13.0
20345,31.0,10.0,28.0,14.0
20346,31.0,10.0,31.0,10.0
20347,31.0,10.0,32.0,10.0
20348,31.0,10.0,27.0,17.0
20349,31.0,10.0,32.0,10.0
20350,31.0,10.0,27.0,17.0
20351,31.0,10.0,31.0,10.0
20352,31.0,10.0,32.0,10.0
20353,31.0,10.0,31.0,10.0
20354,31.0,10.0,30.0,13.0
20355,31.0,10.0,27.0,17.0
20356,31.0,10.0,31.0,10.0
20357,31.0,10.0,31.0,10.0
20358,31.0,10.0,30.0,13.0
20359,31.0,10.0,31.0,10.0
20360,31.0,10.0,27.0,17.0
20361,31.0,10.0,26.0,12.0
20362,31.0,10.0,30.0,13.0
20363,31.0,10.0,26.0,12.0
20364,31.0,10.0,31.0,10.0
20365,31.0,10.0,31.0,10.0
20366,31.0,10.0,32.0,10.0
20367,31.0,10.0,31.0,10.0
20368,31.0,10.0,31.0,10.0
20369,31.0,10.0,26.0,12.0
20370,31.0,10.0,31.0,10.0
20371,31.0,10.0,27.0,17.0
20372,31.0,10.0,31.0,10.0
20373,31.0,10.0,28.0,14.0
20374,31.0,10.0,30.0,13.0
20375,31.0,10.0,27.0,17.0
20376,31.0,10.0,27.0,17.0
20377,31.0,10.0,32.0,10.0
20378,31.0,10.0,30.0,13.0
20379,31.0,10.0,28.0,14.0
20380,31.0,10.0,30.0,13.0
20381,31.0,10.0,30.0,13.0
20382,31.0,10.0,28.0,14.0
20383,31.0,10.0,30.0,13.0
20384,31.0,10.0,31.0,10.0
20385,31.0,10.0,31.0,10.0
20386,31.0,10.0,32.0,10.0
20387,31.0,10.0,31.0,11.0
20388,31.0,10.0,26.0,12.0
20389,31.0,10.0,28.0,14.0
20390,31.0,10.0,31.0,10.0
20391,31.0,10.0,31.0,10.0
20392,31.0,10.0,30.0,13.0
20393,31.0,10.0,28.0,14.0
20394,31.0,10.0,26.0,12.0
20395,31.0,10.0,31.0,10.0
20396,31.0,10.0,27.0,17.0
20397,31.0,10.0,31.0,10.0
20398,31.0,10.0,27.0,17.0
20399,31.0,10.0,32.0,10.0
20400,31.0,10.0,32.0,10.0
20401,31.0,10.0,26.0,12.0
20402,31.0,10.0,26.0,12.0
20403,31.0,10.0,32.0,10.0
20404,31.0,10.0,30.0,13.0
20405,31.0,10.0,31.0,10.0
20406,31.0,10.0,26.0,12.0
20407,31.0,10.0,31.0,11.0
20408,31.0,10.0,30.0,13.0
20409,31.0,10.0,32.0,10.0
20410,31.0,10.0,30.0,13.0
20411,31.0,10.0,27.0,17.0
20412,31.0,10.0,31.0,10.0
20413,31.0,10.0,26.0,12.0
20414,31.0,10.0,27.0,17.0
20415,31.0,10.0,27.0,17.0
20416,31.0,10.0,30.0,13.0
20417,31.0,10.0,31.0,10.0
20418,31.0,10.0,26.0,12.0
20419,31.0,10.0,26.0,12.0
20420,31.0,10.0,28.0,14.0
20421,31.0,10.0,30.0,13.0
20422,31.0,10.0,31.0,10.0
20423,31.0,10.0,31.0,11.0
20424,31.0,10.0,31.0,10.0
20425,31.0,10.0,26.0,12.0
20426,31.0,10.0,26.0,12.0
20427,31.0,10.0,28.0,14.0
20428,31.0,10.0,31.0,10.0
20429,31.0,10.0,27.0,17.0
20430,31.0,10.0,31.0,10.0
20431,31.0,10.0,31.0,10.0
20432,31.0,10.0,28.0,14.0
20433,31.0,10.0,32.0,10.0
20434,31.0,10.0,27.0,17.0
20435,31.0,10.0,31.0,10.0
20436,31.0,10.0,27.0,17.0
20437,31.0,10.0,31.0,10.0
20438,31.0,10.0,32.0,10.0
20439,31.0,10.0,31.0,10.0
20440,31.0,10.0,26.0,12.0
20441,31.0,10.0,31.0,10.0
20442,31.0,10.0,31.0,11.0
20443,31.0,10.0,31.0,11.0
20444,31.0,10.0,26.0,12.0
20445,31.0,10.0,26.0,12.0
20446,31.0,10.0,32.0,10.0
20447,31.0,10.0,32.0,10.0
20448,31.0,10.0,26.0,12.0
20449,31.0,10.0,27.0,17.0
20450,31.0,10.0,31.0,10.0
20451,31.0,10.0,30.0,13.0
20452,31.0,10.0,31.0,10.0
20453,31.0,10.0,32.0,10.0
20454,31.0,10.0,30.0,13.0
20455,31.0,10.0,31.0,11.0
20456,31.0,10.0,30.0,13.0
20457,31.0,10.0,30.0,13.0
20458,31.0,10.0,31.0,10.0
20459,31.0,10.0,31.0,10.0
20460,31.0,10.0,26.0,12.0
20461,31.0,10.0,28.0,14.0
20462,31.0,10.0,31.0,11.0
20463,31.0,10.0,31.0,10.0
20464,31.0,10.0,31.0,10.0
20465,31.0,10.0,28.0,14.0
20466,31.0,10.0,28.0,14.0
20467,31.0,10.0,28.0,14.0
20468,31.0,10.0,27.0,17.0
20469,31.0,10.0,31.0,10.0
20470,31.0,10.0,31.0,11.0
20471,31.0,10.0,26.0,12.0
20472,31.0,10.0,31.0,10.0
20473,31.0,10.0,32.0,10.0
20474,31.0,10.0,31.0,10.0
20475,31.0,10.0,32.0,10.0
20476,31.0,10.0,31.0,11.0
20477,31.0,10.0,31.0,11.0
20478,31.0,10.0,28.0,14.0
20479,31.0,10.0,26.0,12.0
20480,31.0,10.0,28.0,14.0
20481,31.0,10.0,31.0,10.0
20482,31.0,10.0,27.0,17.0
20483,31.0,10.0,26.0,12.0
20484,31.0,10.0,28.0,14.0
20485,31.0,10.0,27.0,17.0
20486,31.0,10.0,28.0,14.0
20487,31.0,10.0,30.0,13.0
20488,31.0,10.0,30.0,13.0
20489,31.0,10.0,31.0,11.0
20490,31.0,10.0,26.0,12.0
20491,31.0,10.0,32.0,10.0
20492,31.0,10.0,31.0,11.0
20493,31.0,10.0,30.0,13.0
20494,31.0,10.0,27.0,17.0
20495,31.0,10.0,32.0,10.0
20496,31.0,10.0,31.0,10.0
20497,31.0,10.0,32.0,10.0
20498,31.0,10.0,32.0,10.0
20499,31.0,10.0,26.0,12.0
20500,31.0,10.0,27.0,17.0
20501,31.0,10.0,32.0,10.0
20502,31.0,10.0,31.0,11.0
20503,31.0,10.0,26.0,12.0
20504,31.0,10.0,31.0,10.0
20505,31.0,10.0,31.0,10.0
20506,31.0,10.0,31.0,10.0
20507,31.0,10.0,30.0,13.0
20508,31.0,10.0,30.0,13.0
20509,31.0,10.0,32.0,10.0
20510,31.0,10.0,27.0,17.0
20511,31.0,10.0,30.0,13.0
20512,31.0,10.0,28.0,14.0
20513,31.0,10.0,27.0,17.0
20514,31.0,10.0,31.0,10.0
20515,31.0,10.0,27.0,17.0
20516,31.0,10.0,30.0,13.0
20517,31.0,10.0,30.0,13.0
20518,31.0,10.0,31.0,10.0
20519,31.0,10.0,28.0,14.0
20520,31.0,10.0,31.0,10.0
20521,31.0,10.0,31.0,10.0
20522,31.0,10.0,28.0,14.0
20523,31.0,10.0,31.0,10.0
20524,31.0,10.0,31.0,10.0
20525,31.0,10.0,31.0,10.0
20526,31.0,10.0,31.0,10.0
20527,31.0,10.0,26.0,12.0
20528,31.0,10.0,27.0,17.0
20529,31.0,10.0,31.0,10.0
20530,31.0,10.0,26.0,12.0
20531,31.0,10.0,28.0,14.0
20532,31.0,10.0,31.0,10.0
20533,31.0,10.0,30.0,13.0
20534,31.0,10.0,28.0,14.0
20535,31.0,10.0,26.0,12.0
20536,31.0,10.0,26.0,12.0
20537,31.0,10.0,30.0,13.0
20538,31.0,10.0,31.0,11.0
20539,31.0,10.0,32.0,10.0
20540,31.0,10.0,31.0,10.0
20541,31.0,10.0,31.0,10.0
20542,31.0,10.0,27.0,17.0
20543,31.0,10.0,31.0,10.0
20544,31.0,10.0,26.0,12.0
20545,31.0,10.0,32.0,10.0
20546,31.0,10.0,31.0,10.0
20547,31.0,10.0,31.0,10.0
20548,31.0,10.0,26.0,12.0
20549,31.0,10.0,28.0,14.0
20550,31.0,10.0,28.0,14.0
20551,31.0,10.0,28.0,14.0
20552,31.0,10.0,31.0,10.0
20553,31.0,10.0,31.0,10.0
20554,31.0,10.0,30.0,13.0
20555,31.0,10.0,31.0,10.0
20556,31.0,10.0,26.0,12.0
20557,31.0,10.0,26.0,12.0
20558,31.0,10.0,27.0,17.0
20559,31.0,10.0,31.0,10.0
20560,31.0,10.0,30.0,13.0
20561,31.0,10.0,30.0,13.0
20562,31.0,10.0,31.0,11.0
20563,31.0,10.0,30.0,13.0
20564,31.0,10.0,32.0,10.0
20565,31.0,10.0,26.0,12.0
20566,31.0,10.0,30.0,13.0
20567,31.0,10.0,27.0,17.0
20568,31.0,10.0,31.0,11.0
20569,31.0,10.0,28.0,14.0
20570,31.0,10.0,31.0,11.0
20571,31.0,10.0,30.0,13.0
20572,31.0,10.0,26.0,12.0
20573,31.0,10.0,31.0,10.0
20574,31.0,10.0,31.0,10.0
20575,31.0,10.0,31.0,10.0
20576,31.0,10.0,30.0,13.0
20577,31.0,10.0,31.0,11.0
20578,31.0,10.0,30.0,13.0
20579,31.0,10.0,31.0,11.0
20580,31.0,10.0,31.0,10.0
20581,31.0,10.0,27.0,17.0
20582,31.0,10.0,31.0,10.0
20583,31.0,10.0,28.0,14.0
20584,31.0,10.0,32.0,10.0
20585,31.0,10.0,31.0,11.0
20586,31.0,10.0,28.0,14.0
20587,31.0,10.0,31.0,10.0
20588,31.0,10.0,31.0,11.0
20589,31.0,10.0,31.0,11.0
20590,31.0,10.0,32.0,10.0
20591,31.0,10.0,31.0,10.0
20592,31.0,10.0,31.0,10.0
20593,31.0,10.0,27.0,17.0
20594,31.0,10.0,28.0,14.0
20595,31.0,10.0,27.0,17.0
20596,31.0,10.0,27.0,17.0
20597,31.0,10.0,31.0,10.0
20598,31.0,10.0,30.0,13.0
20599,31.0,10.0,31.0,10.0
20600,31.0,10.0,28.0,14.0
20601,31.0,10.0,31.0,10.0
20602,31.0,10.0,26.0,12.0
20603,31.0,10.0,27.0,17.0
20604,31.0,10.0,31.0,11.0
20605,31.0,10.0,31.0,10.0
20606,31.0,10.0,26.0,12.0
20607,31.0,10.0,28.0,14.0
20608,31.0,10.0,31.0,10.0
20609,31.0,10.0,27.0,17.0
20610,31.0,10.0,26.0,12.0
20611,31.0,10.0,28.0,14.0
20612,31.0,10.0,31.0,10.0
20613,31.0,10.0,28.0,14.0
20614,31.0,10.0,27.0,17.0
20615,31.0,10.0,31.0,11.0
20616,31.0,10.0,28.0,14.0
20617,31.0,10.0,30.0,13.0
20618,31.0,10.0,31.0,10.0
20619,31.0,10.0,31.0,11.0
20620,31.0,10.0,31.0,10.0
20621,31.0,10.0,31.0,10.0
20622,31.0,10.0,26.0,12.0
20623,31.0,10.0,31.0,10.0
20624,31.0,10.0,31.0,10.0
20625,31.0,10.0,31.0,11.0
20626,31.0,10.0,31.0,10.0
20627,31.0,10.0,31.0,11.0
20628,31.0,10.0,26.0,12.0
20629,31.0,10.0,31.0,10.0
20630,31.0,10.0,30.0,13.0
20631,31.0,10.0,28.0,14.0
20632,31.0,10.0,31.0,10.0
20633,31.0,10.0,27.0,17.0
20634,31.0,10.0,28.0,14.0
20635,31.0,10.0,30.0,13.0
20636,31.0,10.0,31.0,11.0
20637,31.0,10.0,31.0,11.0
20638,31.0,10.0,28.0,14.0
20639,31.0,10.0,28.0,14.0
20640,31.0,10.0,31.0,11.0
20641,31.0,10.0,32.0,10.0
20642,31.0,10.0,31.0,10.0
20643,31.0,10.0,27.0,17.0
20644,31.0,10.0,28.0,14.0
20645,31.0,10.0,31.0,10.0
20646,31.0,10.0,28.0,14.0
20647,31.0,10.0,30.0,13.0
20648,31.0,10.0,31.0,10.0
20649,31.0,10.0,31.0,10.0
20650,31.0,10.0,31.0,10.0
20651,31.0,10.0,31.0,10.0
20652,31.0,10.0,32.0,10.0
20653,31.0,10.0,31.0,10.0
20654,31.0,10.0,26.0,12.0
20655,31.0,10.0,31.0,10.0
20656,31.0,10.0,31.0,10.0
20657,31.0,10.0,26.0,12.0
20658,31.0,10.0,26.0,12.0
20659,31.0,10.0,31.0,10.0
20660,31.0,10.0,31.0,11.0
20661,31.0,10.0,31.0,10.0
20662,31.0,10.0,27.0,17.0
20663,31.0,10.0,27.0,17.0
20664,31.0,10.0,26.0,12.0
20665,31.0,10.0,28.0,14.0
20666,31.0,10.0,26.0,12.0
20667,31.0,10.0,31.0,10.0
20668,31.0,10.0,32.0,10.0
20669,31.0,10.0,27.0,17.0
20670,31.0,10.0,31.0,10.0
20671,31.0,10.0,30.0,13.0
20672,31.0,10.0,31.0,10.0
20673,31.0,10.0,32.0,10.0
20674,31.0,10.0,32.0,10.0
20675,31.0,10.0,26.0,12.0
20676,31.0,10.0,31.0,11.0
20677,31.0,10.0,31.0,10.0
20678,31.0,10.0,30.0,13.0
20679,31.0,10.0,28.0,14.0
20680,31.0,10.0,32.0,10.0
20681,31.0,10.0,31.0,10.0
20682,31.0,10.0,31.0,11.0
20683,31.0,10.0,31.0,11.0
20684,31.0,10.0,27.0,17.0
20685,31.0,10.0,32.0,10.0
20686,31.0,10.0,27.0,17.0
20687,31.0,10.0,30.0,13.0
20688,31.0,10.0,30.0,13.0
20689,31.0,10.0,27.0,17.0
20690,31.0,10.0,30.0,13.0
20691,31.0,10.0,31.0,10.0
20692,31.0,10.0,31.0,10.0
20693,31.0,10.0,30.0,13.0
20694,31.0,10.0,31.0,10.0
20695,31.0,10.0,31.0,10.0
20696,31.0,10.0,31.0,10.0
20697,31.0,10.0,32.0,10.0
20698,31.0,10.0,26.0,12.0
20699,31.0,10.0,31.0,10.0
20700,31.0,10.0,31.0,10.0
20701,31.0,10.0,30.0,13.0
20702,31.0,10.0,31.0,10.0
20703,31.0,10.0,30.0,13.0
20704,31.0,10.0,30.0,13.0
20705,31.0,10.0,31.0,11.0
20706,31.0,10.0,31.0,10.0
20707,31.0,10.0,28.0,14.0
20708,31.0,10.0,31.0,10.0
20709,31.0,10.0,31.0,10.0
20710,31.0,10.0,26.0,12.0
20711,31.0,10.0,26.0,12.0
20712,31.0,10.0,28.0,14.0
20713,31.0,10.0,31.0,10.0
20714,31.0,10.0,32.0,10.0
20715,31.0,10.0,30.0,13.0
20716,31.0,10.0,26.0,12.0
20717,31.0,10.0,31.0,10.0
20718,31.0,10.0,26.0,12.0
20719,31.0,10.0,31.0,10.0
20720,31.0,10.0,31.0,10.0
20721,31.0,10.0,31.0,10.0
20722,31.0,10.0,31.0,10.0
20723,31.0,10.0,28.0,14.0
20724,31.0,10.0,31.0,10.0
20725,31.0,10.0,31.0,10.0
20726,31.0,10.0,31.0,11.0
20727,31.0,10.0,31.0,10.0
20728,31.0,10.0,32.0,10.0
20729,31.0,10.0,26.0,12.0
20730,31.0,10.0,27.0,17.0
20731,31.0,10.0,32.0,10.0
20732,31.0,10.0,31.0,10.0
20733,31.0,10.0,27.0,17.0
20734,31.0,10.0,32.0,10.0
20735,31.0,10.0,31.0,10.0
20736,31.0,10.0,28.0,14.0
20737,31.0,10.0,32.0,10.0
20738,31.0,10.0,28.0,14.0
20739,31.0,10.0,31.0,10.0
20740,31.0,10.0,32.0,10.0
20741,31.0,10.0,32.0,10.0
20742,31.0,10.0,26.0,12.0
20743,31.0,10.0,31.0,11.0
20744,31.0,10.0,31.0,11.0
20745,31.0,10.0,31.0,10.0
20746,31.0,10.0,30.0,13.0
20747,31.0,10.0,31.0,10.0
20748,31.0,10.0,26.0,12.0
20749,31.0,10.0,31.0,10.0
20750,31.0,10.0,31.0,11.0
20751,31.0,10.0,27.0,17.0
20752,31.0,10.0,30.0,13.0
20753,31.0,10.0,26.0,12.0
20754,31.0,10.0,31.0,10.0
20755,31.0,10.0,26.0,12.0
20756,31.0,10.0,32.0,10.0
20757,31.0,10.0,32.0,10.0
20758,31.0,10.0,26.0,12.0
20759,31.0,10.0,28.0,14.0
20760,31.0,10.0,27.0,17.0
20761,31.0,10.0,31.0,10.0
20762,31.0,10.0,26.0,12.0
20763,31.0,10.0,26.0,12.0
20764,31.0,10.0,31.0,10.0
20765,31.0,10.0,30.0,13.0
20766,31.0,10.0,31.0,10.0
20767,31.0,10.0,28.0,14.0
20768,31.0,10.0,31.0,10.0
20769,31.0,10.0,32.0,10.0
20770,31.0,10.0,31.0,11.0
20771,31.0,10.0,28.0,14.0
20772,31.0,10.0,31.0,10.0
20773,31.0,10.0,30.0,13.0
20774,31.0,10.0,27.0,17.0
20775,31.0,10.0,26.0,12.0
20776,31.0,10.0,26.0,12.0
20777,31.0,10.0,28.0,14.0
20778,31.0,10.0,31.0,10.0
20779,31.0,10.0,31.0,11.0
20780,31.0,10.0,32.0,10.0
20781,31.0,10.0,30.0,13.0
20782,31.0,10.0,28.0,14.0
20783,31.0,10.0,28.0,14.0
20784,31.0,10.0,28.0,14.0
20785,31.0,10.0,26.0,12.0
20786,31.0,10.0,28.0,14.0
20787,31.0,10.0,31.0,10.0
20788,31.0,10.0,27.0,17.0
20789,31.0,10.0,28.0,14.0
20790,31.0,10.0,31.0,10.0
20791,31.0,10.0,31.0,10.0
20792,31.0,10.0,31.0,10.0
20793,31.0,10.0,26.0,12.0
20794,31.0,10.0,27.0,17.0
20795,31.0,10.0,31.0,10.0
20796,31.0,10.0,31.0,11.0
20797,31.0,10.0,26.0,12.0
20798,31.0,10.0,31.0,10.0
20799,31.0,10.0,27.0,17.0
20800,31.0,10.0,28.0,14.0
20801,31.0,10.0,27.0,17.0
20802,31.0,10.0,31.0,11.0
20803,31.0,10.0,30.0,13.0
20804,31.0,10.0,28.0,14.0
20805,31.0,10.0,32.0,10.0
20806,31.0,10.0,27.0,17.0
20807,31.0,10.0,26.0,12.0
20808,31.0,10.0,31.0,10.0
20809,31.0,10.0,30.0,13.0
20810,31.0,10.0,32.0,10.0
20811,31.0,10.0,31.0,10.0
20812,31.0,10.0,31.0,11.0
20813,31.0,10.0,30.0,13.0
20814,31.0,10.0,30.0,13.0
20815,31.0,10.0,28.0,14.0
20816,31.0,10.0,30.0,13.0
20817,31.0,10.0,31.0,10.0
20818,31.0,10.0,32.0,10.0
20819,31.0,10.0,32.0,10.0
20820,31.0,10.0,31.0,10.0
20821,31.0,10.0,26.0,12.0
20822,31.0,10.0,28.0,14.0
20823,31.0,10.0,31.0,10.0
20824,31.0,10.0,31.0,10.0
20825,31.0,10.0,31.0,10.0
20826,31.0,10.0,32.0,10.0
20827,31.0,10.0,31.0,10.0
20828,31.0,10.0,31.0,10.0
20829,31.0,10.0,28.0,14.0
20830,31.0,10.0,28.0,14.0
20831,31.0,10.0,32.0,10.0
20832,31.0,10.0,31.0,10.0
20833,31.0,10.0,32.0,10.0
20834,31.0,10.0,31.0,11.0
20835,31.0,10.0,28.0,14.0
20836,31.0,10.0,32.0,10.0
20837,31.0,10.0,31.0,10.0
20838,31.0,10.0,31.0,10.0
20839,31.0,10.0,26.0,12.0
20840,31.0,10.0,31.0,10.0
20841,31.0,10.0,31.0,10.0
20842,31.0,10.0,32.0,10.0
20843,31.0,10.0,31.0,10.0
20844,31.0,10.0,26.0,12.0
20845,31.0,10.0,32.0,10.0
20846,31.0,10.0,32.0,10.0
20847,31.0,10.0,31.0,10.0
20848,31.0,10.0,30.0,13.0
20849,31.0,10.0,27.0,17.0
20850,31.0,10.0,31.0,10.0
20851,31.0,10.0,27.0,17.0
20852,31.0,10.0,32.0,10.0
20853,31.0,10.0,26.0,12.0
20854,31.0,10.0,31.0,11.0
20855,31.0,10.0,31.0,11.0
20856,31.0,10.0,31.0,10.0
20857,31.0,10.0,28.0,14.0
20858,31.0,10.0,28.0,14.0
20859,31.0,10.0,31.0,10.0
20860,31.0,10.0,26.0,12.0
20861,31.0,10.0,27.0,17.0
20862,31.0,10.0,27.0,17.0
20863,31.0,10.0,30.0,13.0
20864,31.0,10.0,26.0,12.0
20865,31.0,10.0,31.0,10.0
20866,31.0,10.0,30.0,13.0
20867,31.0,10.0,30.0,13.0
20868,31.0,10.0,28.0,14.0
20869,31.0,10.0,26.0,12.0
20870,31.0,10.0,26.0,12.0
20871,31.0,10.0,31.0,10.0
20872,31.0,10.0,31.0,10.0
20873,31.0,10.0,27.0,17.0
20874,31.0,10.0,31.0,10.0
20875,31.0,10.0,32.0,10.0
20876,31.0,10.0,31.0,11.0
20877,31.0,10.0,31.0,10.0
20878,31.0,10.0,31.0,10.0
20879,31.0,10.0,30.0,13.0
20880,31.0,10.0,31.0,10.0
20881,31.0,10.0,26.0,12.0
20882,31.0,10.0,31.0,10.0
20883,31.0,10.0,30.0,13.0
20884,31.0,10.0,28.0,14.0
20885,31.0,10.0,31.0,10.0
20886,31.0,10.0,27.0,17.0
20887,31.0,10.0,32.0,10.0
20888,31.0,10.0,31.0,10.0
20889,31.0,10.0,31.0,10.0
20890,31.0,10.0,28.0,14.0
20891,31.0,10.0,31.0,10.0
20892,31.0,10.0,27.0,17.0
20893,31.0,10.0,27.0,17.0
20894,31.0,10.0,31.0,10.0
20895,31.0,10.0,31.0,10.0
20896,31.0,10.0,31.0,10.0
20897,31.0,10.0,31.0,10.0
20898,31.0,10.0,26.0,12.0
20899,31.0,10.0,31.0,10.0
20900,31.0,10.0,31.0,10.0
20901,31.0,10.0,31.0,10.0
20902,31.0,10.0,28.0,14.0
20903,31.0,10.0,26.0,12.0
20904,31.0,10.0,27.0,17.0
20905,31.0,10.0,26.0,12.0
20906,31.0,10.0,26.0,12.0
20907,31.0,10.0,28.0,14.0
20908,31.0,10.0,27.0,17.0
20909,31.0,10.0,26.0,12.0
20910,31.0,10.0,31.0,10.0
20911,31.0,10.0,31.0,10.0
20912,31.0,10.0,31.0,11.0
20913,31.0,10.0,30.0,13.0
20914,31.0,10.0,31.0,10.0
20915,31.0,10.0,32.0,10.0
20916,31.0,10.0,30.0,13.0
20917,31.0,10.0,31.0,11.0
20918,31.0,10.0,30.0,13.0
20919,31.0,10.0,31.0,10.0
20920,31.0,10.0,31.0,10.0
20921,31.0,10.0,28.0,14.0
20922,31.0,10.0,26.0,12.0
20923,31.0,10.0,31.0,10.0
20924,31.0,10.0,31.0,10.0
20925,31.0,10.0,28.0,14.0
20926,31.0,10.0,31.0,10.0
20927,31.0,10.0,30.0,13.0
20928,31.0,10.0,28.0,14.0
20929,31.0,10.0,32.0,10.0
20930,31.0,10.0,28.0,14.0
20931,31.0,10.0,31.0,10.0
20932,31.0,10.0,31.0,10.0
20933,31.0,10.0,28.0,14.0
20934,31.0,10.0,26.0,12.0
20935,31.0,10.0,28.0,14.0
20936,31.0,10.0,31.0,11.0
20937,31.0,10.0,31.0,10.0
20938,31.0,10.0,28.0,14.0
20939,31.0,10.0,32.0,10.0
20940,31.0,10.0,30.0,13.0
20941,31.0,10.0,31.0,10.0
20942,31.0,10.0,30.0,13.0
20943,31.0,10.0,31.0,10.0
20944,31.0,10.0,31.0,10.0
20945,31.0,10.0,31.0,10.0
20946,31.0,10.0,31.0,10.0
20947,31.0,10.0,31.0,10.0
20948,31.0,10.0,30.0,13.0
20949,31.0,10.0,26.0,12.0
20950,31.0,10.0,26.0,12.0
20951,31.0,10.0,28.0,14.0
20952,31.0,10.0,32.0,10.0
20953,31.0,10.0,31.0,10.0
20954,31.0,10.0,31.0,11.0
20955,31.0,10.0,31.0,10.0
20956,31.0,10.0,31.0,10.0
20957,31.0,10.0,28.0,14.0
20958,31.0,10.0,31.0,10.0
20959,31.0,10.0,26.0,12.0
20960,31.0,10.0,27.0,17.0
20961,31.0,10.0,32.0,10.0
20962,31.0,10.0,31.0,11.0
20963,31.0,10.0,27.0,17.0
20964,31.0,10.0,31.0,10.0
20965,31.0,10.0,32.0,10.0
20966,31.0,10.0,28.0,14.0
20967,31.0,10.0,27.0,17.0
20968,31.0,10.0,31.0,11.0
20969,31.0,10.0,31.0,10.0
20970,31.0,10.0,31.0,11.0
20971,31.0,10.0,32.0,10.0
20972,31.0,10.0,31.0,11.0
20973,31.0,10.0,30.0,13.0
20974,31.0,10.0,31.0,10.0
20975,31.0,10.0,28.0,14.0
20976,31.0,10.0,31.0,10.0
20977,31.0,10.0,31.0,10.0
20978,31.0,10.0,31.0,11.0
20979,31.0,10.0,31.0,11.0
20980,31.0,10.0,31.0,10.0
20981,31.0,10.0,31.0,10.0
20982,31.0,10.0,26.0,12.0
20983,31.0,10.0,28.0,14.0
20984,31.0,10.0,30.0,13.0
20985,31.0,10.0,30.0,13.0
20986,31.0,10.0,27.0,17.0
20987,31.0,10.0,31.0,10.0
20988,31.0,10.0,32.0,10.0
20989,31.0,10.0,31.0,10.0
20990,31.0,10.0,31.0,10.0
20991,31.0,10.0,26.0,12.0
20992,31.0,10.0,28.0,14.0
20993,31.0,10.0,31.0,10.0
20994,31.0,10.0,31.0,10.0
20995,31.0,10.0,31.0,11.0
20996,31.0,10.0,28.0,14.0
20997,31.0,10.0,31.0,11.0
20998,31.0,10.0,27.0,17.0
20999,31.0,10.0,32.0,10.0
21000,31.0,10.0,31.0,10.0
21001,31.0,10.0,28.0,14.0
21002,31.0,10.0,32.0,10.0
21003,31.0,10.0,30.0,13.0
21004,31.0,10.0,31.0,10.0
21005,31.0,10.0,26.0,12.0
21006,31.0,10.0,28.0,14.0
21007,31.0,10.0,28.0,14.0
21008,31.0,10.0,31.0,10.0
21009,31.0,10.0,31.0,10.0
21010,31.0,10.0,31.0,11.0
21011,31.0,10.0,27.0,17.0
21012,31.0,10.0,27.0,17.0
21013,31.0,10.0,28.0,14.0
21014,31.0,10.0,28.0,14.0
21015,31.0,10.0,28.0,14.0
21016,31.0,10.0,28.0,14.0
21017,31.0,10.0,30.0,13.0
21018,31.0,10.0,31.0,10.0
21019,31.0,10.0,31.0,10.0
21020,31.0,10.0,27.0,17.0
21021,31.0,10.0,31.0,10.0
21022,31.0,10.0,26.0,12.0
21023,31.0,10.0,31.0,11.0
21024,31.0,10.0,31.0,10.0
21025,31.0,10.0,28.0,14.0
21026,31.0,10.0,31.0,10.0
21027,31.0,10.0,31.0,11.0
21028,31.0,10.0,27.0,17.0
21029,31.0,10.0,31.0,10.0
21030,31.0,10.0,28.0,14.0
21031,31.0,10.0,31.0,10.0
21032,31.0,10.0,31.0,11.0
21033,31.0,10.0,27.0,17.0
21034,31.0,10.0,26.0,12.0
21035,31.0,10.0,32.0,10.0
21036,31.0,10.0,32.0,10.0
21037,31.0,10.0,31.0,10.0
21038,31.0,10.0,30.0,13.0
21039,31.0,10.0,31.0,10.0
21040,31.0,10.0,30.0,13.0
21041,31.0,10.0,31.0,10.0
21042,31.0,10.0,27.0,17.0
21043,31.0,10.0,28.0,14.0
21044,31.0,10.0,32.0,10.0
21045,31.0,10.0,26.0,12.0
21046,31.0,10.0,32.0,10.0
21047,31.0,10.0,26.0,12.0
21048,31.0,10.0,31.0,11.0
21049,31.0,10.0,27.0,17.0
21050,31.0,10.0,26.0,12.0
21051,31.0,10.0,27.0,17.0
21052,31.0,10.0,28.0,14.0
21053,31.0,10.0,31.0,10.0
21054,31.0,10.0,31.0,11.0
21055,31.0,10.0,31.0,10.0
21056,31.0,10.0,30.0,13.0
21057,31.0,10.0,26.0,12.0
21058,31.0,10.0,27.0,17.0
21059,31.0,10.0,31.0,10.0
21060,31.0,10.0,31.0,10.0
21061,31.0,10.0,31.0,10.0
21062,31.0,10.0,32.0,10.0
21063,31.0,10.0,31.0,10.0
21064,31.0,10.0,27.0,17.0
21065,31.0,10.0,31.0,11.0
21066,31.0,10.0,32.0,10.0
21067,31.0,10.0,28.0,14.0
21068,31.0,10.0,28.0,14.0
21069,31.0,10.0,28.0,14.0
21070,31.0,10.0,31.0,10.0
21071,31.0,10.0,32.0,10.0
21072,31.0,10.0,26.0,12.0
21073,31.0,10.0,28.0,14.0
21074,31.0,10.0,31.0,10.0
21075,31.0,10.0,31.0,10.0
21076,31.0,10.0,30.0,13.0
21077,31.0,10.0,31.0,10.0
21078,31.0,10.0,31.0,10.0
21079,31.0,10.0,31.0,10.0
21080,31.0,10.0,31.0,10.0
21081,31.0,10.0,26.0,12.0
21082,31.0,10.0,31.0,11.0
21083,31.0,10.0,32.0,10.0
21084,31.0,10.0,32.0,10.0
21085,31.0,10.0,26.0,12.0
21086,31.0,10.0,31.0,11.0
21087,31.0,10.0,30.0,13.0
21088,31.0,10.0,28.0,14.0
21089,31.0,10.0,30.0,13.0
21090,31.0,10.0,31.0,11.0
21091,31.0,10.0,27.0,17.0
21092,31.0,10.0,30.0,13.0
21093,31.0,10.0,30.0,13.0
21094,31.0,10.0,26.0,12.0
21095,31.0,10.0,28.0,14.0
21096,31.0,10.0,28.0,14.0
21097,31.0,10.0,28.0,14.0
21098,31.0,10.0,26.0,12.0
21099,31.0,10.0,31.0,10.0
21100,31.0,10.0,28.0,14.0
21101,31.0,10.0,30.0,13.0
21102,31.0,10.0,31.0,10.0
21103,31.0,10.0,31.0,11.0
21104,31.0,10.0,28.0,14.0
21105,31.0,10.0,30.0,13.0
21106,31.0,10.0,30.0,13.0
21107,31.0,10.0,28.0,14.0
21108,31.0,10.0,26.0,12.0
21109,31.0,10.0,32.0,10.0
21110,31.0,10.0,31.0,10.0
21111,31.0,10.0,31.0,10.0
21112,31.0,10.0,31.0,10.0
21113,31.0,10.0,26.0,12.0
21114,31.0,10.0,27.0,17.0
21115,31.0,10.0,31.0,10.0
21116,31.0,10.0,31.0,10.0
21117,31.0,10.0,28.0,14.0
21118,31.0,10.0,32.0,10.0
21119,31.0,10.0,31.0,11.0
21120,31.0,10.0,30.0,13.0
21121,31.0,10.0,30.0,13.0
21122,31.0,10.0,31.0,11.0
21123,31.0,10.0,31.0,10.0
21124,31.0,10.0,30.0,13.0
21125,31.0,10.0,31.0,10.0
21126,31.0,10.0,27.0,17.0
21127,31.0,10.0,31.0,10.0
21128,31.0,10.0,27.0,17.0
21129,31.0,10.0,32.0,10.0
21130,31.0,10.0,30.0,13.0
21131,31.0,10.0,31.0,10.0
21132,31.0,10.0,30.0,13.0
21133,31.0,10.0,31.0,11.0
21134,31.0,10.0,28.0,14.0
21135,31.0,10.0,31.0,10.0
21136,31.0,10.0,32.0,10.0
21137,31.0,10.0,26.0,12.0
21138,31.0,10.0,32.0,10.0
21139,31.0,10.0,30.0,13.0
21140,31.0,10.0,27.0,17.0
21141,31.0,10.0,32.0,10.0
21142,31.0,10.0,26.0,12.0
21143,31.0,10.0,31.0,10.0
21144,31.0,10.0,32.0,10.0
21145,31.0,10.0,31.0,11.0
21146,31.0,10.0,32.0,10.0
21147,31.0,10.0,31.0,10.0
21148,31.0,10.0,32.0,10.0
21149,31.0,10.0,27.0,17.0
21150,31.0,10.0,26.0,12.0
21151,31.0,10.0,30.0,13.0
21152,31.0,10.0,30.0,13.0
21153,31.0,10.0,27.0,17.0
21154,31.0,10.0,31.0,11.0
21155,31.0,10.0,28.0,14.0
21156,31.0,10.0,31.0,11.0
21157,31.0,10.0,26.0,12.0
21158,31.0,10.0,32.0,10.0
21159,31.0,10.0,27.0,17.0
21160,31.0,10.0,30.0,13.0
21161,31.0,10.0,28.0,14.0
21162,31.0,10.0,27.0,17.0
21163,31.0,10.0,30.0,13.0
21164,31.0,10.0,30.0,13.0
21165,31.0,10.0,31.0,10.0
21166,31.0,10.0,26.0,12.0
21167,31.0,10.0,31.0,10.0
21168,31.0,10.0,30.0,13.0
21169,31.0,10.0,26.0,12.0
21170,31.0,10.0,26.0,12.0
21171,31.0,10.0,28.0,14.0
21172,31.0,10.0,31.0,11.0
21173,31.0,10.0,27.0,17.0
21174,31.0,10.0,28.0,14.0
21175,31.0,10.0,31.0,10.0
21176,31.0,10.0,31.0,10.0
21177,31.0,10.0,27.0,17.0
21178,31.0,10.0,31.0,11.0
21179,31.0,10.0,31.0,10.0
21180,31.0,10.0,27.0,17.0
21181,31.0,10.0,30.0,13.0
21182,31.0,10.0,31.0,10.0
21183,31.0,10.0,31.0,11.0
21184,31.0,10.0,31.0,11.0
21185,31.0,10.0,27.0,17.0
21186,31.0,10.0,31.0,10.0
21187,31.0,10.0,30.0,13.0
21188,31.0,10.0,31.0,10.0
21189,31.0,10.0,28.0,14.0
21190,31.0,10.0,31.0,10.0
21191,31.0,10.0,30.0,13.0
21192,31.0,10.0,27.0,17.0
21193,31.0,10.0,30.0,13.0
21194,31.0,10.0,31.0,11.0
21195,31.0,10.0,31.0,10.0
21196,31.0,10.0,28.0,14.0
21197,31.0,10.0,28.0,14.0
21198,31.0,10.0,31.0,11.0
21199,31.0,10.0,31.0,10.0
21200,31.0,10.0,27.0,17.0
21201,31.0,10.0,31.0,11.0
21202,31.0,10.0,31.0,10.0
21203,31.0,10.0,31.0,10.0
21204,31.0,10.0,31.0,10.0
21205,31.0,10.0,31.0,10.0
21206,31.0,10.0,26.0,12.0
21207,31.0,10.0,31.0,10.0
21208,31.0,10.0,30.0,13.0
21209,31.0,10.0,28.0,14.0
21210,31.0,10.0,32.0,10.0
21211,31.0,10.0,31.0,10.0
21212,31.0,10.0,28.0,14.0
21213,31.0,10.0,32.0,10.0
21214,31.0,10.0,27.0,17.0
21215,31.0,10.0,26.0,12.0
21216,31.0,10.0,32.0,10.0
21217,31.0,10.0,28.0,14.0
21218,31.0,10.0,31.0,10.0
21219,31.0,10.0,28.0,14.0
21220,31.0,10.0,28.0,14.0
21221,31.0,10.0,27.0,17.0
21222,31.0,10.0,26.0,12.0
21223,31.0,10.0,30.0,13.0
21224,31.0,10.0,32.0,10.0
21225,31.0,10.0,28.0,14.0
21226,31.0,10.0,31.0,11.0
21227,31.0,10.0,30.0,13.0
21228,31.0,10.0,31.0,10.0
21229,31.0,10.0,31.0,11.0
21230,31.0,10.0,27.0,17.0
21231,31.0,10.0,32.0,10.0
21232,31.0,10.0,28.0,14.0
21233,31.0,10.0,30.0,13.0
21234,31.0,10.0,32.0,10.0
21235,31.0,10.0,30.0,13.0
21236,31.0,10.0,32.0,10.0
21237,31.0,10.0,32.0,10.0
21238,31.0,10.0,26.0,12.0
21239,31.0,10.0,32.0,10.0
21240,31.0,10.0,27.0,17.0
21241,31.0,10.0,28.0,14.0
21242,31.0,10.0,31.0,10.0
21243,31.0,10.0,28.0,14.0
21244,31.0,10.0,31.0,10.0
21245,31.0,10.0,28.0,14.0
21246,31.0,10.0,28.0,14.0
21247,31.0,10.0,31.0,10.0
21248,31.0,10.0,28.0,14.0
21249,31.0,10.0,31.0,10.0
21250,31.0,10.0,26.0,12.0
21251,31.0,10.0,32.0,10.0
21252,31.0,10.0,28.0,14.0
21253,31.0,10.0,28.0,14.0
21254,31.0,10.0,31.0,10.0
21255,31.0,10.0,30.0,13.0
21256,31.0,10.0,30.0,13.0
21257,31.0,10.0,31.0,11.0
21258,31.0,10.0,31.0,10.0
21259,31.0,10.0,31.0,10.0
21260,31.0,10.0,31.0,11.0
21261,31.0,10.0,31.0,10.0
21262,31.0,10.0,31.0,10.0
21263,31.0,10.0,31.0,10.0
21264,31.0,10.0,31.0,10.0
21265,31.0,10.0,26.0,12.0
21266,31.0,10.0,32.0,10.0
21267,31.0,10.0,31.0,10.0
21268,31.0,10.0,31.0,10.0
21269,31.0,10.0,31.0,10.0
21270,31.0,10.0,27.0,17.0
21271,31.0,10.0,31.0,10.0
21272,31.0,10.0,31.0,11.0
21273,31.0,10.0,32.0,10.0
21274,31.0,10.0,31.0,11.0
21275,31.0,10.0,31.0,10.0
21276,31.0,10.0,26.0,12.0
21277,31.0,10.0,31.0,10.0
21278,31.0,10.0,28.0,14.0
21279,31.0,10.0,30.0,13.0
21280,31.0,10.0,28.0,14.0
21281,31.0,10.0,31.0,10.0
21282,31.0,10.0,31.0,10.0
21283,31.0,10.0,26.0,12.0
21284,31.0,10.0,31.0,10.0
21285,31.0,10.0,32.0,10.0
21286,31.0,10.0,27.0,17.0
21287,31.0,10.0,26.0,12.0
21288,31.0,10.0,31.0,10.0
21289,31.0,10.0,28.0,14.0
21290,31.0,10.0,30.0,13.0
21291,31.0,10.0,26.0,12.0
21292,31.0,10.0,27.0,17.0
21293,31.0,10.0,32.0,10.0
21294,31.0,10.0,26.0,12.0
21295,31.0,10.0,31.0,10.0
21296,31.0,10.0,31.0,11.0
21297,31.0,10.0,32.0,10.0
21298,31.0,10.0,27.0,17.0
21299,31.0,10.0,31.0,10.0
21300,31.0,10.0,27.0,17.0
21301,31.0,10.0,31.0,10.0
21302,31.0,10.0,32.0,10.0
21303,31.0,10.0,27.0,17.0
21304,31.0,10.0,27.0,17.0
21305,31.0,10.0,28.0,14.0
21306,31.0,10.0,30.0,13.0
21307,31.0,10.0,27.0,17.0
21308,31.0,10.0,28.0,14.0
21309,31.0,10.0,26.0,12.0
21310,31.0,10.0,26.0,12.0
21311,31.0,10.0,32.0,10.0
21312,31.0,10.0,31.0,10.0
21313,31.0,10.0,28.0,14.0
21314,31.0,10.0,31.0,11.0
21315,31.0,10.0,31.0,10.0
21316,31.0,10.0,32.0,10.0
21317,31.0,10.0,31.0,10.0
21318,31.0,10.0,30.0,13.0
21319,31.0,10.0,31.0,10.0
21320,31.0,10.0,31.0,11.0
21321,31.0,10.0,27.0,17.0
21322,31.0,10.0,28.0,14.0
21323,31.0,10.0,31.0,10.0
21324,31.0,10.0,26.0,12.0
21325,31.0,10.0,28.0,14.0
21326,31.0,10.0,31.0,10.0
21327,31.0,10.0,26.0,12.0
21328,31.0,10.0,31.0,10.0
21329,31.0,10.0,31.0,10.0
21330,31.0,10.0,31.0,10.0
21331,31.0,10.0,30.0,13.0
21332,31.0,10.0,32.0,10.0
21333,31.0,10.0,31.0,10.0
21334,31.0,10.0,31.0,10.0
21335,31.0,10.0,28.0,14.0
21336,31.0,10.0,32.0,10.0
21337,31.0,10.0,31.0,11.0
21338,31.0,10.0,31.0,11.0
21339,31.0,10.0,31.0,11.0
21340,31.0,10.0,31.0,11.0
21341,31.0,10.0,31.0,10.0
21342,31.0,10.0,28.0,14.0
21343,31.0,10.0,31.0,10.0
21344,31.0,10.0,31.0,10.0
21345,31.0,10.0,31.0,11.0
21346,31.0,10.0,31.0,10.0
21347,31.0,10.0,28.0,14.0
21348,31.0,10.0,31.0,10.0
21349,31.0,10.0,32.0,10.0
21350,31.0,10.0,31.0,10.0
21351,31.0,10.0,31.0,10.0
21352,31.0,10.0,27.0,17.0
21353,31.0,10.0,28.0,14.0
21354,31.0,10.0,31.0,11.0
21355,31.0,10.0,26.0,12.0
21356,31.0,10.0,28.0,14.0
21357,31.0,10.0,31.0,10.0
21358,31.0,10.0,31.0,10.0
21359,31.0,10.0,32.0,10.0
21360,31.0,10.0,26.0,12.0
21361,31.0,10.0,31.0,10.0
21362,31.0,10.0,31.0,11.0
21363,31.0,10.0,31.0,10.0
21364,31.0,10.0,31.0,10.0
21365,31.0,10.0,31.0,10.0
21366,31.0,10.0,27.0,17.0
21367,31.0,10.0,31.0,10.0
21368,31.0,10.0,26.0,12.0
21369,31.0,10.0,31.0,10.0
21370,31.0,10.0,31.0,10.0
21371,31.0,10.0,26.0,12.0
21372,31.0,10.0,30.0,13.0
21373,31.0,10.0,31.0,11.0
21374,31.0,10.0,26.0,12.0
21375,31.0,10.0,31.0,11.0
21376,31.0,10.0,26.0,12.0
21377,31.0,10.0,30.0,13.0
21378,31.0,10.0,31.0,10.0
21379,31.0,10.0,30.0,13.0
21380,31.0,10.0,30.0,13.0
21381,31.0,10.0,31.0,10.0
21382,31.0,10.0,31.0,10.0
21383,31.0,10.0,31.0,10.0
21384,31.0,10.0,31.0,10.0
21385,31.0,10.0,26.0,12.0
21386,31.0,10.0,30.0,13.0
21387,31.0,10.0,26.0,12.0
21388,31.0,10.0,30.0,13.0
21389,31.0,10.0,28.0,14.0
21390,31.0,10.0,31.0,10.0
21391,31.0,10.0,30.0,13.0
21392,31.0,10.0,27.0,17.0
21393,31.0,10.0,31.0,10.0
21394,31.0,10.0,31.0,10.0
21395,31.0,10.0,31.0,10.0
21396,31.0,10.0,28.0,14.0
21397,31.0,10.0,31.0,10.0
21398,31.0,10.0,31.0,10.0
21399,31.0,10.0,32.0,10.0
21400,31.0,10.0,26.0,12.0
21401,31.0,10.0,31.0,10.0
21402,31.0,10.0,31.0,10.0
21403,31.0,10.0,31.0,10.0
21404,31.0,10.0,30.0,13.0
21405,31.0,10.0,31.0,11.0
21406,31.0,10.0,31.0,10.0
21407,31.0,10.0,28.0,14.0
21408,31.0,10.0,26.0,12.0
21409,31.0,10.0,28.0,14.0
21410,31.0,10.0,31.0,11.0
21411,31.0,10.0,28.0,14.0
21412,31.0,10.0,31.0,10.0
21413,31.0,10.0,28.0,14.0
21414,31.0,10.0,26.0,12.0
21415,31.0,10.0,31.0,10.0
21416,31.0,10.0,27.0,17.0
21417,31.0,10.0,27.0,17.0
21418,31.0,10.0,28.0,14.0
21419,31.0,10.0,30.0,13.0
21420,31.0,10.0,31.0,10.0
21421,31.0,10.0,32.0,10.0
21422,31.0,10.0,28.0,14.0
21423,31.0,10.0,26.0,12.0
21424,31.0,10.0,28.0,14.0
21425,31.0,10.0,28.0,14.0
21426,31.0,10.0,26.0,12.0
21427,31.0,10.0,32.0,10.0
21428,31.0,10.0,28.0,14.0
21429,31.0,10.0,28.0,14.0
21430,31.0,10.0,31.0,10.0
21431,31.0,10.0,28.0,14.0
21432,31.0,10.0,31.0,10.0
21433,31.0,10.0,26.0,12.0
21434,31.0,10.0,28.0,14.0
21435,31.0,10.0,31.0,10.0
21436,31.0,10.0,30.0,13.0
21437,31.0,10.0,28.0,14.0
21438,31.0,10.0,31.0,11.0
21439,31.0,10.0,31.0,10.0
21440,31.0,10.0,27.0,17.0
21441,31.0,10.0,31.0,11.0
21442,31.0,10.0,30.0,13.0
21443,31.0,10.0,27.0,17.0
21444,31.0,10.0,30.0,13.0
21445,31.0,10.0,28.0,14.0
21446,31.0,10.0,31.0,10.0
21447,31.0,10.0,32.0,10.0
21448,31.0,10.0,32.0,10.0
21449,31.0,10.0,26.0,12.0
21450,31.0,10.0,28.0,14.0
21451,31.0,10.0,32.0,10.0
21452,31.0,10.0,26.0,12.0
21453,31.0,10.0,32.0,10.0
21454,31.0,10.0,31.0,11.0
21455,31.0,10.0,31.0,10.0
21456,31.0,10.0,31.0,10.0
21457,31.0,10.0,27.0,17.0
21458,31.0,10.0,28.0,14.0
21459,31.0,10.0,28.0,14.0
21460,31.0,10.0,32.0,10.0
21461,31.0,10.0,26.0,12.0
21462,31.0,10.0,32.0,10.0
21463,31.0,10.0,27.0,17.0
21464,31.0,10.0,27.0,17.0
21465,31.0,10.0,27.0,17.0
21466,31.0,10.0,32.0,10.0
21467,31.0,10.0,26.0,12.0
21468,31.0,10.0,28.0,14.0
21469,31.0,10.0,30.0,13.0
21470,31.0,10.0,31.0,11.0
21471,31.0,10.0,27.0,17.0
21472,31.0,10.0,31.0,10.0
21473,31.0,10.0,31.0,11.0
21474,31.0,10.0,31.0,11.0
21475,31.0,10.0,28.0,14.0
21476,31.0,10.0,32.0,10.0
21477,31.0,10.0,31.0,11.0
21478,31.0,10.0,32.0,10.0
21479,31.0,10.0,31.0,10.0
21480,31.0,10.0,31.0,10.0
21481,31.0,10.0,27.0,17.0
21482,31.0,10.0,31.0,10.0
21483,31.0,10.0,30.0,13.0
21484,31.0,10.0,26.0,12.0
21485,31.0,10.0,32.0,10.0
21486,31.0,10.0,28.0,14.0
21487,31.0,10.0,31.0,10.0
21488,31.0,10.0,32.0,10.0
21489,31.0,10.0,30.0,13.0
21490,31.0,10.0,30.0,13.0
21491,31.0,10.0,31.0,10.0
21492,31.0,10.0,31.0,10.0
21493,31.0,10.0,27.0,17.0
21494,31.0,10.0,31.0,10.0
21495,31.0,10.0,31.0,10.0
21496,31.0,10.0,32.0,10.0
21497,31.0,10.0,31.0,11.0
21498,31.0,10.0,26.0,12.0
21499,31.0,10.0,31.0,10.0
21500,31.0,10.0,26.0,12.0
21501,31.0,10.0,27.0,17.0
21502,31.0,10.0,28.0,14.0
21503,31.0,10.0,31.0,10.0
21504,31.0,10.0,31.0,10.0
21505,31.0,10.0,31.0,10.0
21506,31.0,10.0,27.0,17.0
21507,31.0,10.0,26.0,12.0
21508,31.0,10.0,26.0,12.0
21509,31.0,10.0,30.0,13.0
21510,31.0,10.0,28.0,14.0
21511,31.0,10.0,27.0,17.0
21512,31.0,10.0,31.0,10.0
21513,31.0,10.0,32.0,10.0
21514,31.0,10.0,32.0,10.0
21515,31.0,10.0,26.0,12.0
21516,31.0,10.0,27.0,17.0
21517,31.0,10.0,31.0,10.0
21518,31.0,10.0,31.0,11.0
21519,31.0,10.0,27.0,17.0
21520,31.0,10.0,28.0,14.0
21521,31.0,10.0,28.0,14.0
21522,31.0,10.0,30.0,13.0
21523,31.0,10.0,27.0,17.0
21524,31.0,10.0,26.0,12.0
21525,31.0,10.0,30.0,13.0
21526,31.0,10.0,31.0,11.0
21527,31.0,10.0,32.0,10.0
21528,31.0,10.0,27.0,17.0
21529,31.0,10.0,26.0,12.0
21530,31.0,10.0,26.0,12.0
21531,31.0,10.0,31.0,10.0
21532,31.0,10.0,31.0,11.0
21533,31.0,10.0,31.0,10.0
21534,31.0,10.0,26.0,12.0
21535,31.0,10.0,30.0,13.0
21536,31.0,10.0,27.0,17.0
21537,31.0,10.0,26.0,12.0
21538,31.0,10.0,31.0,10.0
21539,31.0,10.0,31.0,10.0
21540,31.0,10.0,31.0,11.0
21541,31.0,10.0,31.0,11.0
21542,31.0,10.0,31.0,10.0
21543,31.0,10.0,30.0,13.0
21544,31.0,10.0,28.0,14.0
21545,31.0,10.0,31.0,10.0
21546,31.0,10.0,31.0,10.0
21547,31.0,10.0,32.0,10.0
21548,31.0,10.0,26.0,12.0
21549,31.0,10.0,31.0,11.0
21550,31.0,10.0,31.0,10.0
21551,31.0,10.0,31.0,10.0
21552,31.0,10.0,31.0,11.0
21553,31.0,10.0,31.0,10.0
21554,31.0,10.0,26.0,12.0
21555,31.0,10.0,31.0,11.0
21556,31.0,10.0,27.0,17.0
21557,31.0,10.0,31.0,10.0
21558,31.0,10.0,31.0,10.0
21559,31.0,10.0,31.0,10.0
21560,31.0,10.0,27.0,17.0
21561,31.0,10.0,30.0,13.0
21562,31.0,10.0,31.0,10.0
21563,31.0,10.0,31.0,10.0
21564,31.0,10.0,31.0,10.0
21565,31.0,10.0,30.0,13.0
21566,31.0,10.0,30.0,13.0
21567,31.0,10.0,31.0,11.0
21568,31.0,10.0,26.0,12.0
21569,31.0,10.0,31.0,10.0
21570,31.0,10.0,31.0,11.0
21571,31.0,10.0,30.0,13.0
21572,31.0,10.0,31.0,10.0
21573,31.0,10.0,31.0,10.0
21574,31.0,10.0,28.0,14.0
21575,31.0,10.0,31.0,10.0
21576,31.0,10.0,30.0,13.0
21577,31.0,10.0,31.0,10.0
21578,31.0,10.0,28.0,14.0
21579,31.0,10.0,31.0,10.0
21580,31.0,10.0,28.0,14.0
21581,31.0,10.0,26.0,12.0
21582,31.0,10.0,26.0,12.0
21583,31.0,10.0,31.0,10.0
21584,31.0,10.0,26.0,12.0
21585,31.0,10.0,31.0,10.0
21586,31.0,10.0,32.0,10.0
21587,31.0,10.0,31.0,11.0
21588,31.0,10.0,31.0,11.0
21589,31.0,10.0,32.0,10.0
21590,31.0,10.0,31.0,10.0
21591,31.0,10.0,31.0,10.0
21592,31.0,10.0,28.0,14.0
21593,31.0,10.0,32.0,10.0
21594,31.0,10.0,28.0,14.0
21595,31.0,10.0,31.0,10.0
21596,31.0,10.0,28.0,14.0
21597,31.0,10.0,26.0,12.0
21598,31.0,10.0,28.0,14.0
21599,31.0,10.0,31.0,10.0
21600,31.0,10.0,27.0,17.0
21601,31.0,10.0,31.0,10.0
21602,31.0,10.0,31.0,11.0
21603,31.0,10.0,31.0,10.0
21604,31.0,10.0,31.0,11.0
21605,31.0,10.0,28.0,14.0
21606,31.0,10.0,31.0,10.0
21607,31.0,10.0,32.0,10.0
21608,31.0,10.0,28.0,14.0
21609,31.0,10.0,30.0,13.0
21610,31.0,10.0,31.0,10.0
21611,31.0,10.0,26.0,12.0
21612,31.0,10.0,28.0,14.0
21613,31.0,10.0,31.0,10.0
21614,31.0,10.0,28.0,14.0
21615,31.0,10.0,31.0,10.0
21616,31.0,10.0,32.0,10.0
21617,31.0,10.0,31.0,10.0
21618,31.0,10.0,30.0,13.0
21619,31.0,10.0,32.0,10.0
21620,31.0,10.0,30.0,13.0
21621,31.0,10.0,31.0,10.0
21622,31.0,10.0,30.0,13.0
21623,31.0,10.0,28.0,14.0
21624,31.0,10.0,31.0,10.0
21625,31.0,10.0,30.0,13.0
21626,31.0,10.0,26.0,12.0
21627,31.0,10.0,32.0,10.0
21628,31.0,10.0,30.0,13.0
21629,31.0,10.0,26.0,12.0
21630,31.0,10.0,31.0,10.0
21631,31.0,10.0,31.0,10.0
21632,31.0,10.0,26.0,12.0
21633,31.0,10.0,27.0,17.0
21634,31.0,10.0,28.0,14.0
21635,31.0,10.0,31.0,11.0
21636,31.0,10.0,31.0,11.0
21637,31.0,10.0,32.0,10.0
21638,31.0,10.0,31.0,10.0
21639,31.0,10.0,26.0,12.0
21640,31.0,10.0,31.0,11.0
21641,31.0,10.0,31.0,10.0
21642,31.0,10.0,28.0,14.0
21643,31.0,10.0,31.0,11.0
21644,31.0,10.0,30.0,13.0
21645,31.0,10.0,31.0,10.0
21646,31.0,10.0,32.0,10.0
21647,31.0,10.0,26.0,12.0
21648,31.0,10.0,26.0,12.0
21649,31.0,10.0,28.0,14.0
21650,31.0,10.0,31.0,10.0
21651,31.0,10.0,31.0,11.0
21652,31.0,10.0,28.0,14.0
21653,31.0,10.0,28.0,14.0
21654,31.0,10.0,26.0,12.0
21655,31.0,10.0,32.0,10.0
21656,31.0,10.0,30.0,13.0
21657,31.0,10.0,30.0,13.0
21658,31.0,10.0,32.0,10.0
21659,31.0,10.0,32.0,10.0
21660,31.0,10.0,30.0,13.0
21661,31.0,10.0,26.0,12.0
21662,31.0,10.0,31.0,10.0
21663,31.0,10.0,28.0,14.0
21664,31.0,10.0,27.0,17.0
21665,31.0,10.0,27.0,17.0
21666,31.0,10.0,28.0,14.0
21667,31.0,10.0,30.0,13.0
21668,31.0,10.0,27.0,17.0
21669,31.0,10.0,31.0,11.0
21670,31.0,10.0,32.0,10.0
21671,31.0,10.0,31.0,10.0
21672,31.0,10.0,30.0,13.0
21673,31.0,10.0,31.0,10.0
21674,31.0,10.0,30.0,13.0
21675,31.0,10.0,31.0,10.0
21676,31.0,10.0,31.0,10.0
21677,31.0,10.0,32.0,10.0
21678,31.0,10.0,27.0,17.0
21679,31.0,10.0,32.0,10.0
21680,31.0,10.0,31.0,10.0
21681,31.0,10.0,31.0,10.0
21682,31.0,10.0,31.0,10.0
21683,31.0,10.0,30.0,13.0
21684,31.0,10.0,28.0,14.0
21685,31.0,10.0,32.0,10.0
21686,31.0,10.0,28.0,14.0
21687,31.0,10.0,31.0,10.0
21688,31.0,10.0,31.0,10.0
21689,31.0,10.0,28.0,14.0
21690,31.0,10.0,28.0,14.0
21691,31.0,10.0,32.0,10.0
21692,31.0,10.0,30.0,13.0
21693,31.0,10.0,30.0,13.0
21694,31.0,10.0,32.0,10.0
21695,31.0,10.0,30.0,13.0
21696,31.0,10.0,27.0,17.0
21697,31.0,10.0,28.0,14.0
21698,31.0,10.0,27.0,17.0
21699,31.0,10.0,32.0,10.0
21700,31.0,10.0,28.0,14.0
21701,31.0,10.0,28.0,14.0
21702,31.0,10.0,31.0,10.0
21703,31.0,10.0,31.0,11.0
21704,31.0,10.0,31.0,10.0
21705,31.0,10.0,28.0,14.0
21706,31.0,10.0,28.0,14.0
21707,31.0,10.0,31.0,10.0
21708,31.0,10.0,31.0,10.0
21709,31.0,10.0,31.0,10.0
21710,31.0,10.0,31.0,11.0
21711,31.0,10.0,27.0,17.0
21712,31.0,10.0,28.0,14.0
21713,31.0,10.0,30.0,13.0
21714,31.0,10.0,28.0,14.0
21715,31.0,10.0,31.0,11.0
21716,31.0,10.0,26.0,12.0
21717,31.0,10.0,28.0,14.0
21718,31.0,10.0,32.0,10.0
21719,31.0,10.0,30.0,13.0
21720,31.0,10.0,27.0,17.0
21721,31.0,10.0,27.0,17.0
21722,31.0,10.0,26.0,12.0
21723,31.0,10.0,27.0,17.0
21724,31.0,10.0,31.0,10.0
21725,31.0,10.0,30.0,13.0
21726,31.0,10.0,26.0,12.0
21727,31.0,10.0,31.0,10.0
21728,31.0,10.0,31.0,11.0
21729,31.0,10.0,32.0,10.0
21730,31.0,10.0,26.0,12.0
21731,31.0,10.0,31.0,10.0
21732,31.0,10.0,31.0,11.0
21733,31.0,10.0,30.0,13.0
21734,31.0,10.0,30.0,13.0
21735,31.0,10.0,30.0,13.0
21736,31.0,10.0,31.0,10.0
21737,31.0,10.0,31.0,11.0
21738,31.0,10.0,31.0,11.0
21739,31.0,10.0,31.0,11.0
21740,31.0,10.0,26.0,12.0
21741,31.0,10.0,31.0,11.0
21742,31.0,10.0,30.0,13.0
21743,31.0,10.0,31.0,10.0
21744,31.0,10.0,28.0,14.0
21745,31.0,10.0,28.0,14.0
21746,31.0,10.0,32.0,10.0
21747,31.0,10.0,26.0,12.0
21748,31.0,10.0,26.0,12.0
21749,31.0,10.0,31.0,11.0
21750,31.0,10.0,31.0,11.0
21751,31.0,10.0,31.0,11.0
21752,31.0,10.0,28.0,14.0
21753,31.0,10.0,30.0,13.0
21754,31.0,10.0,31.0,10.0
21755,31.0,10.0,31.0,10.0
21756,31.0,10.0,30.0,13.0
21757,31.0,10.0,30.0,13.0
21758,31.0,10.0,27.0,17.0
21759,31.0,10.0,31.0,10.0
21760,31.0,10.0,31.0,11.0
21761,31.0,10.0,31.0,10.0
21762,31.0,10.0,27.0,17.0
21763,31.0,10.0,31.0,10.0
21764,31.0,10.0,28.0,14.0
21765,31.0,10.0,31.0,11.0
21766,31.0,10.0,32.0,10.0
21767,31.0,10.0,27.0,17.0
21768,31.0,10.0,32.0,10.0
21769,31.0,10.0,31.0,10.0
21770,31.0,10.0,31.0,11.0
21771,31.0,10.0,31.0,10.0
21772,31.0,10.0,27.0,17.0
21773,31.0,10.0,26.0,12.0
21774,31.0,10.0,30.0,13.0
21775,31.0,10.0,31.0,10.0
21776,31.0,10.0,32.0,10.0
21777,31.0,10.0,26.0,12.0
21778,31.0,10.0,27.0,17.0
21779,31.0,10.0,27.0,17.0
21780,31.0,10.0,28.0,14.0
21781,31.0,10.0,27.0,17.0
21782,31.0,10.0,27.0,17.0
21783,31.0,10.0,31.0,11.0
21784,31.0,10.0,27.0,17.0
21785,31.0,10.0,28.0,14.0
21786,31.0,10.0,28.0,14.0
21787,31.0,10.0,31.0,10.0
21788,31.0,10.0,32.0,10.0
21789,31.0,10.0,31.0,10.0
21790,31.0,10.0,28.0,14.0
21791,31.0,10.0,28.0,14.0
21792,31.0,10.0,31.0,10.0
21793,31.0,10.0,30.0,13.0
21794,31.0,10.0,31.0,10.0
21795,31.0,10.0,30.0,13.0
21796,31.0,10.0,32.0,10.0
21797,31.0,10.0,28.0,14.0
21798,31.0,10.0,31.0,10.0
21799,31.0,10.0,31.0,10.0
21800,31.0,10.0,30.0,13.0
21801,31.0,10.0,31.0,10.0
21802,31.0,10.0,31.0,10.0
21803,31.0,10.0,28.0,14.0
21804,31.0,10.0,30.0,13.0
21805,31.0,10.0,26.0,12.0
21806,31.0,10.0,26.0,12.0
21807,31.0,10.0,30.0,13.0
21808,31.0,10.0,26.0,12.0
21809,31.0,10.0,31.0,10.0
21810,31.0,10.0,31.0,10.0
21811,31.0,10.0,27.0,17.0
21812,31.0,10.0,32.0,10.0
21813,31.0,10.0,27.0,17.0
21814,31.0,10.0,31.0,10.0
21815,31.0,10.0,31.0,10.0
21816,31.0,10.0,32.0,10.0
21817,31.0,10.0,26.0,12.0
21818,31.0,10.0,32.0,10.0
21819,31.0,10.0,31.0,11.0
21820,31.0,10.0,32.0,10.0
21821,31.0,10.0,27.0,17.0
21822,31.0,10.0,31.0,10.0
21823,31.0,10.0,30.0,13.0
21824,31.0,10.0,27.0,17.0
21825,31.0,10.0,27.0,17.0
21826,31.0,10.0,32.0,10.0
21827,31.0,10.0,31.0,10.0
21828,31.0,10.0,31.0,10.0
21829,31.0,10.0,26.0,12.0
21830,31.0,10.0,32.0,10.0
21831,31.0,10.0,28.0,14.0
21832,31.0,10.0,32.0,10.0
21833,31.0,10.0,26.0,12.0
21834,31.0,10.0,28.0,14.0
21835,31.0,10.0,30.0,13.0
21836,31.0,10.0,31.0,10.0
21837,31.0,10.0,27.0,17.0
21838,31.0,10.0,31.0,10.0
21839,31.0,10.0,27.0,17.0
21840,31.0,10.0,27.0,17.0
21841,31.0,10.0,31.0,10.0
21842,31.0,10.0,28.0,14.0
21843,31.0,10.0,31.0,10.0
21844,31.0,10.0,31.0,11.0
21845,31.0,10.0,27.0,17.0
21846,31.0,10.0,31.0,10.0
21847,31.0,10.0,26.0,12.0
21848,31.0,10.0,31.0,11.0
21849,31.0,10.0,28.0,14.0
21850,31.0,10.0,31.0,10.0
21851,31.0,10.0,31.0,11.0
21852,31.0,10.0,28.0,14.0
21853,31.0,10.0,31.0,10.0
21854,31.0,10.0,32.0,10.0
21855,31.0,10.0,27.0,17.0
21856,31.0,10.0,27.0,17.0
21857,31.0,10.0,32.0,10.0
21858,31.0,10.0,31.0,10.0
21859,31.0,10.0,30.0,13.0
21860,31.0,10.0,26.0,12.0
21861,31.0,10.0,31.0,10.0
21862,31.0,10.0,32.0,10.0
21863,31.0,10.0,31.0,10.0
21864,31.0,10.0,26.0,12.0
21865,31.0,10.0,31.0,11.0
21866,31.0,10.0,26.0,12.0
21867,31.0,10.0,28.0,14.0
21868,31.0,10.0,27.0,17.0
21869,31.0,10.0,31.0,11.0
21870,31.0,10.0,31.0,10.0
21871,31.0,10.0,31.0,10.0
21872,31.0,10.0,28.0,14.0
21873,31.0,10.0,30.0,13.0
21874,31.0,10.0,31.0,10.0
21875,31.0,10.0,26.0,12.0
21876,31.0,10.0,32.0,10.0
21877,31.0,10.0,28.0,14.0
21878,31.0,10.0,26.0,12.0
21879,31.0,10.0,32.0,10.0
21880,31.0,10.0,31.0,10.0
21881,31.0,10.0,30.0,13.0
21882,31.0,10.0,30.0,13.0
21883,31.0,10.0,26.0,12.0
21884,31.0,10.0,27.0,17.0
21885,31.0,10.0,31.0,11.0
21886,31.0,10.0,31.0,11.0
21887,31.0,10.0,31.0,10.0
21888,31.0,10.0,32.0,10.0
21889,31.0,10.0,31.0,10.0
21890,31.0,10.0,31.0,10.0
21891,31.0,10.0,32.0,10.0
21892,31.0,10.0,30.0,13.0
21893,31.0,10.0,30.0,13.0
21894,31.0,10.0,28.0,14.0
21895,31.0,10.0,31.0,10.0
21896,31.0,10.0,31.0,10.0
21897,31.0,10.0,31.0,11.0
21898,31.0,10.0,27.0,17.0
21899,31.0,10.0,28.0,14.0
21900,31.0,10.0,31.0,10.0
21901,31.0,10.0,31.0,10.0
21902,31.0,10.0,31.0,11.0
21903,31.0,10.0,27.0,17.0
21904,31.0,10.0,31.0,10.0
21905,31.0,10.0,28.0,14.0
21906,31.0,10.0,31.0,10.0
21907,31.0,10.0,28.0,14.0
21908,31.0,10.0,28.0,14.0
21909,31.0,10.0,26.0,12.0
21910,31.0,10.0,31.0,10.0
21911,31.0,10.0,28.0,14.0
21912,31.0,10.0,30.0,13.0
21913,31.0,10.0,30.0,13.0
21914,31.0,10.0,27.0,17.0
21915,31.0,10.0,28.0,14.0
21916,31.0,10.0,31.0,10.0
21917,31.0,10.0,31.0,11.0
21918,31.0,10.0,31.0,11.0
21919,31.0,10.0,28.0,14.0
21920,31.0,10.0,27.0,17.0
21921,31.0,10.0,31.0,10.0
21922,31.0,10.0,31.0,10.0
21923,31.0,10.0,32.0,10.0
21924,31.0,10.0,28.0,14.0
21925,31.0,10.0,28.0,14.0
21926,31.0,10.0,26.0,12.0
21927,31.0,10.0,31.0,11.0
21928,31.0,10.0,31.0,10.0
21929,31.0,10.0,31.0,10.0
21930,31.0,10.0,28.0,14.0
21931,31.0,10.0,31.0,10.0
21932,31.0,10.0,32.0,10.0
21933,31.0,10.0,28.0,14.0
21934,31.0,10.0,31.0,10.0
21935,31.0,10.0,28.0,14.0
21936,31.0,10.0,32.0,10.0
21937,31.0,10.0,32.0,10.0
21938,31.0,10.0,31.0,11.0
21939,31.0,10.0,28.0,14.0
21940,31.0,10.0,26.0,12.0
21941,31.0,10.0,31.0,10.0
21942,31.0,10.0,31.0,11.0
21943,31.0,10.0,31.0,11.0
21944,31.0,10.0,31.0,10.0
21945,31.0,10.0,27.0,17.0
21946,31.0,10.0,31.0,11.0
21947,31.0,10.0,28.0,14.0
21948,31.0,10.0,31.0,10.0
21949,31.0,10.0,31.0,10.0
21950,31.0,10.0,27.0,17.0
21951,31.0,10.0,28.0,14.0
21952,31.0,10.0,31.0,10.0
21953,31.0,10.0,27.0,17.0
21954,31.0,10.0,26.0,12.0
21955,31.0,10.0,30.0,13.0
21956,31.0,10.0,31.0,10.0
21957,31.0,10.0,27.0,17.0
21958,31.0,10.0,28.0,14.0
21959,31.0,10.0,28.0,14.0
21960,31.0,10.0,31.0,10.0
21961,31.0,10.0,27.0,17.0
21962,31.0,10.0,31.0,11.0
21963,31.0,10.0,26.0,12.0
21964,31.0,10.0,26.0,12.0
21965,31.0,10.0,31.0,11.0
21966,31.0,10.0,26.0,12.0
21967,31.0,10.0,27.0,17.0
21968,31.0,10.0,31.0,10.0
21969,31.0,10.0,31.0,10.0
21970,31.0,10.0,28.0,14.0
21971,31.0,10.0,31.0,10.0
21972,31.0,10.0,28.0,14.0
21973,31.0,10.0,32.0,10.0
21974,31.0,10.0,28.0,14.0
21975,31.0,10.0,31.0,11.0
21976,31.0,10.0,26.0,12.0
21977,31.0,10.0,31.0,10.0
21978,31.0,10.0,31.0,10.0
21979,31.0,10.0,30.0,13.0
21980,31.0,10.0,27.0,17.0
21981,31.0,10.0,27.0,17.0
21982,31.0,10.0,27.0,17.0
21983,31.0,10.0,31.0,10.0
21984,31.0,10.0,27.0,17.0
21985,31.0,10.0,31.0,10.0
21986,31.0,10.0,31.0,10.0
21987,31.0,10.0,31.0,11.0
21988,31.0,10.0,28.0,14.0
21989,31.0,10.0,28.0,14.0
21990,31.0,10.0,31.0,10.0
21991,31.0,10.0,32.0,10.0
21992,31.0,10.0,31.0,11.0
21993,31.0,10.0,30.0,13.0
21994,31.0,10.0,31.0,11.0
21995,31.0,10.0,27.0,17.0
21996,31.0,10.0,27.0,17.0
21997,31.0,10.0,26.0,12.0
21998,31.0,10.0,27.0,17.0
21999,31.0,10.0,30.0,13.0
22000,31.0,10.0,31.0,10.0
22001,31.0,10.0,30.0,13.0
22002,31.0,10.0,30.0,13.0
22003,31.0,10.0,26.0,12.0
22004,31.0,10.0,28.0,14.0
22005,31.0,10.0,26.0,12.0
22006,31.0,10.0,32.0,10.0
22007,31.0,10.0,31.0,10.0
22008,31.0,10.0,32.0,10.0
22009,31.0,10.0,27.0,17.0
22010,31.0,10.0,30.0,13.0
22011,31.0,10.0,31.0,11.0
22012,31.0,10.0,31.0,10.0
22013,31.0,10.0,26.0,12.0
22014,31.0,10.0,28.0,14.0
22015,31.0,10.0,30.0,13.0
22016,31.0,10.0,31.0,11.0
22017,31.0,10.0,27.0,17.0
22018,31.0,10.0,32.0,10.0
22019,31.0,10.0,31.0,10.0
22020,31.0,10.0,31.0,11.0
22021,31.0,10.0,26.0,12.0
22022,31.0,10.0,31.0,10.0
22023,31.0,10.0,31.0,10.0
22024,31.0,10.0,31.0,10.0
22025,31.0,10.0,31.0,10.0
22026,31.0,10.0,31.0,10.0
22027,31.0,10.0,27.0,17.0
22028,31.0,10.0,31.0,11.0
22029,31.0,10.0,26.0,12.0
22030,31.0,10.0,26.0,12.0
22031,31.0,10.0,28.0,14.0
22032,31.0,10.0,30.0,13.0
22033,31.0,10.0,28.0,14.0
22034,31.0,10.0,27.0,17.0
22035,31.0,10.0,28.0,14.0
22036,31.0,10.0,26.0,12.0
22037,31.0,10.0,31.0,10.0
22038,31.0,10.0,27.0,17.0
22039,31.0,10.0,30.0,13.0
22040,31.0,10.0,31.0,11.0
22041,31.0,10.0,31.0,10.0
22042,31.0,10.0,31.0,10.0
22043,31.0,10.0,28.0,14.0
22044,31.0,10.0,32.0,10.0
22045,31.0,10.0,26.0,12.0
22046,31.0,10.0,30.0,13.0
22047,31.0,10.0,27.0,17.0
22048,31.0,10.0,31.0,11.0
22049,31.0,10.0,30.0,13.0
22050,31.0,10.0,31.0,10.0
22051,31.0,10.0,28.0,14.0
22052,31.0,10.0,30.0,13.0
22053,31.0,10.0,31.0,11.0
22054,31.0,10.0,27.0,17.0
22055,31.0,10.0,31.0,10.0
22056,31.0,10.0,27.0,17.0
22057,31.0,10.0,26.0,12.0
22058,31.0,10.0,30.0,13.0
22059,31.0,10.0,28.0,14.0
22060,31.0,10.0,27.0,17.0
22061,31.0,10.0,30.0,13.0
22062,31.0,10.0,31.0,10.0
22063,31.0,10.0,32.0,10.0
22064,31.0,10.0,31.0,10.0
22065,31.0,10.0,28.0,14.0
22066,31.0,10.0,32.0,10.0
22067,31.0,10.0,30.0,13.0
22068,31.0,10.0,31.0,11.0
22069,31.0,10.0,32.0,10.0
22070,31.0,10.0,28.0,14.0
22071,31.0,10.0,26.0,12.0
22072,31.0,10.0,31.0,10.0
22073,31.0,10.0,27.0,17.0
22074,31.0,10.0,31.0,11.0
22075,31.0,10.0,31.0,10.0
22076,31.0,10.0,27.0,17.0
22077,31.0,10.0,31.0,10.0
22078,31.0,10.0,28.0,14.0
22079,31.0,10.0,26.0,12.0
22080,31.0,10.0,28.0,14.0
22081,31.0,10.0,31.0,10.0
22082,31.0,10.0,32.0,10.0
22083,31.0,10.0,28.0,14.0
22084,31.0,10.0,31.0,11.0
22085,31.0,10.0,28.0,14.0
22086,31.0,10.0,28.0,14.0
22087,31.0,10.0,28.0,14.0
22088,31.0,10.0,30.0,13.0
22089,31.0,10.0,31.0,10.0
22090,31.0,10.0,31.0,10.0
22091,31.0,10.0,31.0,10.0
22092,31.0,10.0,26.0,12.0
22093,31.0,10.0,31.0,10.0
22094,31.0,10.0,31.0,10.0
22095,31.0,10.0,27.0,17.0
22096,31.0,10.0,31.0,11.0
22097,31.0,10.0,31.0,10.0
22098,31.0,10.0,31.0,10.0
22099,31.0,10.0,31.0,11.0
22100,31.0,10.0,31.0,11.0
22101,31.0,10.0,26.0,12.0
22102,31.0,10.0,27.0,17.0
22103,31.0,10.0,32.0,10.0
22104,31.0,10.0,31.0,11.0
22105,31.0,10.0,31.0,10.0
22106,31.0,10.0,27.0,17.0
22107,31.0,10.0,30.0,13.0
22108,31.0,10.0,31.0,10.0
22109,31.0,10.0,31.0,11.0
22110,31.0,10.0,32.0,10.0
22111,31.0,10.0,26.0,12.0
22112,31.0,10.0,32.0,10.0
22113,31.0,10.0,31.0,11.0
22114,31.0,10.0,27.0,17.0
22115,31.0,10.0,31.0,11.0
22116,31.0,10.0,26.0,12.0
22117,31.0,10.0,28.0,14.0
22118,31.0,10.0,28.0,14.0
22119,31.0,10.0,31.0,10.0
22120,31.0,10.0,27.0,17.0
22121,31.0,10.0,26.0,12.0
22122,31.0,10.0,31.0,10.0
22123,31.0,10.0,28.0,14.0
22124,31.0,10.0,27.0,17.0
22125,31.0,10.0,30.0,13.0
22126,31.0,10.0,31.0,10.0
22127,31.0,10.0,31.0,10.0
22128,31.0,10.0,31.0,10.0
22129,31.0,10.0,28.0,14.0
22130,31.0,10.0,31.0,10.0
22131,31.0,10.0,32.0,10.0
22132,31.0,10.0,31.0,10.0
22133,31.0,10.0,28.0,14.0
22134,31.0,10.0,31.0,10.0
22135,31.0,10.0,31.0,10.0
22136,31.0,10.0,28.0,14.0
22137,31.0,10.0,31.0,11.0
22138,31.0,10.0,26.0,12.0
22139,31.0,10.0,31.0,10.0
22140,31.0,10.0,26.0,12.0
22141,31.0,10.0,31.0,10.0
22142,31.0,10.0,32.0,10.0
22143,31.0,10.0,28.0,14.0
22144,31.0,10.0,31.0,11.0
22145,31.0,10.0,31.0,11.0
22146,31.0,10.0,31.0,10.0
22147,31.0,10.0,31.0,10.0
22148,31.0,10.0,32.0,10.0
22149,31.0,10.0,30.0,13.0
22150,31.0,10.0,30.0,13.0
22151,31.0,10.0,31.0,10.0
22152,31.0,10.0,30.0,13.0
22153,31.0,10.0,31.0,10.0
22154,31.0,10.0,31.0,10.0
22155,31.0,10.0,30.0,13.0
22156,31.0,10.0,32.0,10.0
22157,31.0,10.0,31.0,10.0
22158,31.0,10.0,32.0,10.0
22159,31.0,10.0,26.0,12.0
22160,31.0,10.0,26.0,12.0
22161,31.0,10.0,26.0,12.0
22162,31.0,10.0,26.0,12.0
22163,31.0,10.0,30.0,13.0
22164,31.0,10.0,32.0,10.0
22165,31.0,10.0,31.0,10.0
22166,31.0,10.0,32.0,10.0
22167,31.0,10.0,28.0,14.0
22168,31.0,10.0,30.0,13.0
22169,31.0,10.0,28.0,14.0
22170,31.0,10.0,28.0,14.0
22171,31.0,10.0,28.0,14.0
22172,31.0,10.0,28.0,14.0
22173,31.0,10.0,27.0,17.0
22174,31.0,10.0,27.0,17.0
22175,31.0,10.0,32.0,10.0
22176,31.0,10.0,26.0,12.0
22177,31.0,10.0,27.0,17.0
22178,31.0,10.0,26.0,12.0
22179,31.0,10.0,26.0,12.0
22180,31.0,10.0,26.0,12.0
22181,31.0,10.0,31.0,10.0
22182,31.0,10.0,31.0,11.0
22183,31.0,10.0,28.0,14.0
22184,31.0,10.0,31.0,11.0
22185,31.0,10.0,31.0,11.0
22186,31.0,10.0,26.0,12.0
22187,31.0,10.0,27.0,17.0
22188,31.0,10.0,28.0,14.0
22189,31.0,10.0,31.0,11.0
22190,31.0,10.0,26.0,12.0
22191,31.0,10.0,27.0,17.0
22192,31.0,10.0,32.0,10.0
22193,31.0,10.0,27.0,17.0
22194,31.0,10.0,26.0,12.0
22195,31.0,10.0,32.0,10.0
22196,31.0,10.0,31.0,10.0
22197,31.0,10.0,26.0,12.0
22198,31.0,10.0,28.0,14.0
22199,31.0,10.0,27.0,17.0
22200,31.0,10.0,31.0,10.0
22201,31.0,10.0,31.0,10.0
22202,31.0,10.0,27.0,17.0
22203,31.0,10.0,31.0,10.0
22204,31.0,10.0,31.0,10.0
22205,31.0,10.0,32.0,10.0
22206,31.0,10.0,31.0,10.0
22207,31.0,10.0,31.0,10.0
22208,31.0,10.0,27.0,17.0
22209,31.0,10.0,31.0,11.0
22210,31.0,10.0,30.0,13.0
22211,31.0,10.0,31.0,10.0
22212,31.0,10.0,28.0,14.0
22213,31.0,10.0,31.0,10.0
22214,31.0,10.0,26.0,12.0
22215,31.0,10.0,30.0,13.0
22216,31.0,10.0,32.0,10.0
22217,31.0,10.0,28.0,14.0
22218,31.0,10.0,31.0,10.0
22219,31.0,10.0,28.0,14.0
22220,31.0,10.0,27.0,17.0
22221,31.0,10.0,28.0,14.0
22222,31.0,10.0,28.0,14.0
22223,31.0,10.0,30.0,13.0
22224,31.0,10.0,32.0,10.0
22225,31.0,10.0,28.0,14.0
22226,31.0,10.0,32.0,10.0
22227,31.0,10.0,31.0,10.0
22228,31.0,10.0,31.0,10.0
22229,31.0,10.0,31.0,10.0
22230,31.0,10.0,26.0,12.0
22231,31.0,10.0,28.0,14.0
22232,31.0,10.0,31.0,10.0
22233,31.0,10.0,26.0,12.0
22234,31.0,10.0,31.0,11.0
22235,31.0,10.0,31.0,10.0
22236,31.0,10.0,30.0,13.0
22237,31.0,10.0,27.0,17.0
22238,31.0,10.0,27.0,17.0
22239,31.0,10.0,26.0,12.0
22240,31.0,10.0,26.0,12.0
22241,31.0,10.0,28.0,14.0
22242,31.0,10.0,26.0,12.0
22243,31.0,10.0,32.0,10.0
22244,31.0,10.0,28.0,14.0
22245,31.0,10.0,31.0,11.0
22246,31.0,10.0,28.0,14.0
22247,31.0,10.0,28.0,14.0
22248,31.0,10.0,31.0,11.0
22249,31.0,10.0,26.0,12.0
22250,31.0,10.0,30.0,13.0
22251,31.0,10.0,31.0,11.0
22252,31.0,10.0,31.0,10.0
22253,31.0,10.0,31.0,11.0
22254,31.0,10.0,31.0,10.0
22255,31.0,10.0,27.0,17.0
22256,31.0,10.0,31.0,10.0
22257,31.0,10.0,31.0,10.0
22258,31.0,10.0,31.0,11.0
22259,31.0,10.0,26.0,12.0
22260,31.0,10.0,31.0,10.0
22261,31.0,10.0,32.0,10.0
22262,31.0,10.0,28.0,14.0
22263,31.0,10.0,31.0,11.0
22264,31.0,10.0,31.0,10.0
22265,31.0,10.0,31.0,10.0
22266,31.0,10.0,31.0,10.0
22267,31.0,10.0,26.0,12.0
22268,31.0,10.0,26.0,12.0
22269,31.0,10.0,31.0,10.0
22270,31.0,10.0,30.0,13.0
22271,31.0,10.0,31.0,10.0
22272,31.0,10.0,31.0,10.0
22273,31.0,10.0,31.0,10.0
22274,31.0,10.0,31.0,10.0
22275,31.0,10.0,27.0,17.0
22276,31.0,10.0,31.0,10.0
22277,31.0,10.0,27.0,17.0
22278,31.0,10.0,30.0,13.0
22279,31.0,10.0,27.0,17.0
22280,31.0,10.0,27.0,17.0
22281,31.0,10.0,31.0,10.0
22282,31.0,10.0,28.0,14.0
22283,31.0,10.0,32.0,10.0
22284,31.0,10.0,28.0,14.0
22285,31.0,10.0,28.0,14.0
22286,31.0,10.0,27.0,17.0
22287,31.0,10.0,32.0,10.0
22288,31.0,10.0,31.0,10.0
22289,31.0,10.0,31.0,10.0
22290,31.0,10.0,31.0,10.0
22291,31.0,10.0,28.0,14.0
22292,31.0,10.0,28.0,14.0
22293,31.0,10.0,26.0,12.0
22294,31.0,10.0,26.0,12.0
22295,31.0,10.0,31.0,10.0
22296,31.0,10.0,27.0,17.0
22297,31.0,10.0,31.0,10.0
22298,31.0,10.0,28.0,14.0
22299,31.0,10.0,31.0,10.0
22300,31.0,10.0,27.0,17.0
22301,31.0,10.0,32.0,10.0
22302,31.0,10.0,27.0,17.0
22303,31.0,10.0,30.0,13.0
22304,31.0,10.0,28.0,14.0
22305,31.0,10.0,27.0,17.0
22306,31.0,10.0,31.0,10.0
22307,31.0,10.0,31.0,10.0
22308,31.0,10.0,31.0,10.0
22309,31.0,10.0,31.0,10.0
22310,31.0,10.0,31.0,11.0
22311,31.0,10.0,31.0,10.0
22312,31.0,10.0,31.0,10.0
22313,31.0,10.0,31.0,11.0
22314,31.0,10.0,28.0,14.0
22315,31.0,10.0,32.0,10.0
22316,31.0,10.0,27.0,17.0
22317,31.0,10.0,28.0,14.0
22318,31.0,10.0,30.0,13.0
22319,31.0,10.0,28.0,14.0
22320,31.0,10.0,31.0,10.0
22321,31.0,10.0,28.0,14.0
22322,31.0,10.0,31.0,10.0
22323,31.0,10.0,28.0,14.0
22324,31.0,10.0,30.0,13.0
22325,31.0,10.0,30.0,13.0
22326,31.0,10.0,31.0,10.0
22327,31.0,10.0,28.0,14.0
22328,31.0,10.0,26.0,12.0
22329,31.0,10.0,28.0,14.0
22330,31.0,10.0,31.0,10.0
22331,31.0,10.0,31.0,10.0
22332,31.0,10.0,28.0,14.0
22333,31.0,10.0,28.0,14.0
22334,31.0,10.0,26.0,12.0
22335,31.0,10.0,26.0,12.0
22336,31.0,10.0,31.0,10.0
22337,31.0,10.0,26.0,12.0
22338,31.0,10.0,32.0,10.0
22339,31.0,10.0,30.0,13.0
22340,31.0,10.0,30.0,13.0
22341,31.0,10.0,32.0,10.0
22342,31.0,10.0,28.0,14.0
22343,31.0,10.0,31.0,10.0
22344,31.0,10.0,31.0,10.0
22345,31.0,10.0,26.0,12.0
22346,31.0,10.0,31.0,10.0
22347,31.0,10.0,31.0,10.0
22348,31.0,10.0,26.0,12.0
22349,31.0,10.0,31.0,10.0
22350,31.0,10.0,30.0,13.0
22351,31.0,10.0,31.0,10.0
22352,31.0,10.0,31.0,10.0
22353,31.0,10.0,28.0,14.0
22354,31.0,10.0,28.0,14.0
22355,31.0,10.0,31.0,11.0
22356,31.0,10.0,31.0,10.0
22357,31.0,10.0,26.0,12.0
22358,31.0,10.0,31.0,10.0
22359,31.0,10.0,32.0,10.0
22360,31.0,10.0,28.0,14.0
22361,31.0,10.0,31.0,10.0
22362,31.0,10.0,31.0,10.0
22363,31.0,10.0,27.0,17.0
22364,31.0,10.0,32.0,10.0
22365,31.0,10.0,30.0,13.0
22366,31.0,10.0,28.0,14.0
22367,31.0,10.0,30.0,13.0
22368,31.0,10.0,28.0,14.0
22369,31.0,10.0,27.0,17.0
22370,31.0,10.0,30.0,13.0
22371,31.0,10.0,32.0,10.0
22372,31.0,10.0,31.0,10.0
22373,31.0,10.0,31.0,11.0
22374,31.0,10.0,31.0,11.0
22375,31.0,10.0,32.0,10.0
22376,31.0,10.0,28.0,14.0
22377,31.0,10.0,30.0,13.0
22378,31.0,10.0,31.0,11.0
22379,31.0,10.0,30.0,13.0
22380,31.0,10.0,28.0,14.0
22381,31.0,10.0,28.0,14.0
22382,31.0,10.0,30.0,13.0
22383,31.0,10.0,31.0,11.0
22384,31.0,10.0,32.0,10.0
22385,31.0,10.0,30.0,13.0
22386,31.0,10.0,31.0,10.0
22387,31.0,10.0,30.0,13.0
22388,31.0,10.0,31.0,10.0
22389,31.0,10.0,28.0,14.0
22390,31.0,10.0,27.0,17.0
22391,31.0,10.0,31.0,11.0
22392,31.0,10.0,30.0,13.0
22393,31.0,10.0,31.0,10.0
22394,31.0,10.0,30.0,13.0
22395,31.0,10.0,31.0,10.0
22396,31.0,10.0,27.0,17.0
22397,31.0,10.0,28.0,14.0
22398,31.0,10.0,31.0,10.0
22399,31.0,10.0,32.0,10.0
22400,31.0,10.0,31.0,10.0
22401,31.0,10.0,30.0,13.0
22402,31.0,10.0,31.0,11.0
22403,31.0,10.0,30.0,13.0
22404,31.0,10.0,31.0,11.0
22405,31.0,10.0,32.0,10.0
22406,31.0,10.0,27.0,17.0
22407,31.0,10.0,26.0,12.0
22408,31.0,10.0,26.0,12.0
22409,31.0,10.0,31.0,10.0
22410,31.0,10.0,31.0,10.0
22411,31.0,10.0,31.0,10.0
22412,31.0,10.0,30.0,13.0
22413,31.0,10.0,27.0,17.0
22414,31.0,10.0,26.0,12.0
22415,31.0,10.0,32.0,10.0
22416,31.0,10.0,27.0,17.0
22417,31.0,10.0,31.0,10.0
22418,31.0,10.0,31.0,10.0
22419,31.0,10.0,32.0,10.0
22420,31.0,10.0,30.0,13.0
22421,31.0,10.0,31.0,11.0
22422,31.0,10.0,27.0,17.0
22423,31.0,10.0,31.0,10.0
22424,31.0,10.0,31.0,10.0
22425,31.0,10.0,28.0,14.0
22426,31.0,10.0,27.0,17.0
22427,31.0,10.0,31.0,10.0
22428,31.0,10.0,31.0,10.0
22429,31.0,10.0,31.0,10.0
22430,31.0,10.0,26.0,12.0
22431,31.0,10.0,31.0,10.0
22432,31.0,10.0,30.0,13.0
22433,31.0,10.0,31.0,10.0
22434,31.0,10.0,28.0,14.0
22435,31.0,10.0,31.0,10.0
22436,31.0,10.0,30.0,13.0
22437,31.0,10.0,32.0,10.0
22438,31.0,10.0,31.0,10.0
22439,31.0,10.0,27.0,17.0
22440,31.0,10.0,31.0,10.0
22441,31.0,10.0,26.0,12.0
22442,31.0,10.0,31.0,11.0
22443,31.0,10.0,27.0,17.0
22444,31.0,10.0,31.0,10.0
22445,31.0,10.0,30.0,13.0
22446,31.0,10.0,31.0,10.0
22447,31.0,10.0,26.0,12.0
22448,31.0,10.0,31.0,10.0
22449,31.0,10.0,32.0,10.0
22450,31.0,10.0,31.0,10.0
22451,31.0,10.0,26.0,12.0
22452,31.0,10.0,31.0,11.0
22453,31.0,10.0,27.0,17.0
22454,31.0,10.0,30.0,13.0
22455,31.0,10.0,27.0,17.0
22456,31.0,10.0,32.0,10.0
22457,31.0,10.0,30.0,13.0
22458,31.0,10.0,31.0,10.0
22459,31.0,10.0,32.0,10.0
22460,31.0,10.0,30.0,13.0
22461,31.0,10.0,28.0,14.0
22462,31.0,10.0,32.0,10.0
22463,31.0,10.0,31.0,10.0
22464,31.0,10.0,31.0,11.0
22465,31.0,10.0,31.0,11.0
22466,31.0,10.0,28.0,14.0
22467,31.0,10.0,32.0,10.0
22468,31.0,10.0,31.0,10.0
22469,31.0,10.0,31.0,10.0
22470,31.0,10.0,28.0,14.0
22471,31.0,10.0,26.0,12.0
22472,31.0,10.0,27.0,17.0
22473,31.0,10.0,28.0,14.0
22474,31.0,10.0,31.0,10.0
22475,31.0,10.0,27.0,17.0
22476,31.0,10.0,31.0,10.0
22477,31.0,10.0,27.0,17.0
22478,31.0,10.0,26.0,12.0
22479,31.0,10.0,31.0,10.0
22480,31.0,10.0,32.0,10.0
22481,31.0,10.0,27.0,17.0
22482,31.0,10.0,30.0,13.0
22483,31.0,10.0,31.0,10.0
22484,31.0,10.0,28.0,14.0
22485,31.0,10.0,27.0,17.0
22486,31.0,10.0,26.0,12.0
22487,31.0,10.0,31.0,10.0
22488,31.0,10.0,31.0,10.0
22489,31.0,10.0,28.0,14.0
22490,31.0,10.0,31.0,11.0
22491,31.0,10.0,31.0,10.0
22492,31.0,10.0,31.0,10.0
22493,31.0,10.0,30.0,13.0
22494,31.0,10.0,31.0,11.0
22495,31.0,10.0,30.0,13.0
22496,31.0,10.0,27.0,17.0
22497,31.0,10.0,28.0,14.0
22498,31.0,10.0,26.0,12.0
22499,31.0,10.0,31.0,11.0
22500,31.0,10.0,27.0,17.0
22501,31.0,10.0,27.0,17.0
22502,31.0,10.0,26.0,12.0
22503,31.0,10.0,28.0,14.0
22504,31.0,10.0,30.0,13.0
22505,31.0,10.0,31.0,11.0
22506,31.0,10.0,32.0,10.0
22507,31.0,10.0,28.0,14.0
22508,31.0,10.0,28.0,14.0
22509,31.0,10.0,26.0,12.0
22510,31.0,10.0,27.0,17.0
22511,31.0,10.0,28.0,14.0
22512,31.0,10.0,31.0,10.0
22513,31.0,10.0,32.0,10.0
22514,31.0,10.0,27.0,17.0
22515,31.0,10.0,32.0,10.0
22516,31.0,10.0,28.0,14.0
22517,31.0,10.0,30.0,13.0
22518,31.0,10.0,31.0,10.0
22519,31.0,10.0,26.0,12.0
22520,31.0,10.0,31.0,10.0
22521,31.0,10.0,31.0,10.0
22522,31.0,10.0,31.0,11.0
22523,31.0,10.0,31.0,10.0
22524,31.0,10.0,31.0,10.0
22525,31.0,10.0,27.0,17.0
22526,31.0,10.0,31.0,10.0
22527,31.0,10.0,28.0,14.0
22528,31.0,10.0,30.0,13.0
22529,31.0,10.0,28.0,14.0
22530,31.0,10.0,31.0,10.0
22531,31.0,10.0,31.0,10.0
22532,31.0,10.0,31.0,10.0
22533,31.0,10.0,31.0,10.0
22534,31.0,10.0,26.0,12.0
22535,31.0,10.0,31.0,10.0
22536,31.0,10.0,28.0,14.0
22537,31.0,10.0,28.0,14.0
22538,31.0,10.0,31.0,10.0
22539,31.0,10.0,27.0,17.0
22540,31.0,10.0,32.0,10.0
22541,31.0,10.0,30.0,13.0
22542,31.0,10.0,28.0,14.0
22543,31.0,10.0,28.0,14.0
22544,31.0,10.0,31.0,10.0
22545,31.0,10.0,31.0,11.0
22546,31.0,10.0,31.0,10.0
22547,31.0,10.0,26.0,12.0
22548,31.0,10.0,28.0,14.0
22549,31.0,10.0,28.0,14.0
22550,31.0,10.0,32.0,10.0
22551,31.0,10.0,31.0,10.0
22552,31.0,10.0,32.0,10.0
22553,31.0,10.0,26.0,12.0
22554,31.0,10.0,28.0,14.0
22555,31.0,10.0,26.0,12.0
22556,31.0,10.0,26.0,12.0
22557,31.0,10.0,27.0,17.0
22558,31.0,10.0,28.0,14.0
22559,31.0,10.0,32.0,10.0
22560,31.0,10.0,31.0,11.0
22561,31.0,10.0,31.0,11.0
22562,31.0,10.0,32.0,10.0
22563,31.0,10.0,32.0,10.0
22564,31.0,10.0,28.0,14.0
22565,31.0,10.0,28.0,14.0
22566,31.0,10.0,26.0,12.0
22567,31.0,10.0,31.0,10.0
22568,31.0,10.0,30.0,13.0
22569,31.0,10.0,30.0,13.0
22570,31.0,10.0,31.0,10.0
22571,31.0,10.0,26.0,12.0
22572,31.0,10.0,31.0,10.0
22573,31.0,10.0,31.0,10.0
22574,31.0,10.0,31.0,10.0
22575,31.0,10.0,31.0,10.0
22576,31.0,10.0,31.0,10.0
22577,31.0,10.0,32.0,10.0
22578,31.0,10.0,31.0,10.0
22579,31.0,10.0,28.0,14.0
22580,31.0,10.0,32.0,10.0
22581,31.0,10.0,31.0,10.0
22582,31.0,10.0,27.0,17.0
22583,31.0,10.0,30.0,13.0
22584,31.0,10.0,27.0,17.0
22585,31.0,10.0,27.0,17.0
22586,31.0,10.0,31.0,10.0
22587,31.0,10.0,32.0,10.0
22588,31.0,10.0,31.0,11.0
22589,31.0,10.0,31.0,11.0
22590,31.0,10.0,31.0,10.0
22591,31.0,10.0,32.0,10.0
22592,31.0,10.0,27.0,17.0
22593,31.0,10.0,27.0,17.0
22594,31.0,10.0,31.0,11.0
22595,31.0,10.0,31.0,10.0
22596,31.0,10.0,28.0,14.0
22597,31.0,10.0,31.0,10.0
22598,31.0,10.0,27.0,17.0
22599,31.0,10.0,31.0,10.0
22600,31.0,10.0,30.0,13.0
22601,31.0,10.0,30.0,13.0
22602,31.0,10.0,31.0,11.0
22603,31.0,10.0,28.0,14.0
22604,31.0,10.0,30.0,13.0
22605,31.0,10.0,27.0,17.0
22606,31.0,10.0,26.0,12.0
22607,31.0,10.0,31.0,10.0
22608,31.0,10.0,28.0,14.0
22609,31.0,10.0,31.0,10.0
22610,31.0,10.0,31.0,11.0
22611,31.0,10.0,28.0,14.0
22612,31.0,10.0,28.0,14.0
22613,31.0,10.0,27.0,17.0
22614,31.0,10.0,31.0,10.0
22615,31.0,10.0,31.0,10.0
22616,31.0,10.0,31.0,10.0
22617,31.0,10.0,30.0,13.0
22618,31.0,10.0,27.0,17.0
22619,31.0,10.0,31.0,10.0
22620,31.0,10.0,28.0,14.0
22621,31.0,10.0,32.0,10.0
22622,31.0,10.0,30.0,13.0
22623,31.0,10.0,32.0,10.0
22624,31.0,10.0,31.0,10.0
22625,31.0,10.0,28.0,14.0
22626,31.0,10.0,28.0,14.0
22627,31.0,10.0,31.0,10.0
22628,31.0,10.0,31.0,11.0
22629,31.0,10.0,31.0,11.0
22630,31.0,10.0,31.0,10.0
22631,31.0,10.0,30.0,13.0
22632,31.0,10.0,31.0,10.0
22633,31.0,10.0,32.0,10.0
22634,31.0,10.0,31.0,10.0
22635,31.0,10.0,31.0,10.0
22636,31.0,10.0,31.0,11.0
22637,31.0,10.0,26.0,12.0
22638,31.0,10.0,30.0,13.0
22639,31.0,10.0,31.0,10.0
22640,31.0,10.0,27.0,17.0
22641,31.0,10.0,28.0,14.0
22642,31.0,10.0,31.0,10.0
22643,31.0,10.0,26.0,12.0
22644,31.0,10.0,31.0,11.0
22645,31.0,10.0,26.0,12.0
22646,31.0,10.0,31.0,10.0
22647,31.0,10.0,30.0,13.0
22648,31.0,10.0,31.0,10.0
22649,31.0,10.0,32.0,10.0
22650,31.0,10.0,26.0,12.0
22651,31.0,10.0,28.0,14.0
22652,31.0,10.0,31.0,11.0
22653,31.0,10.0,28.0,14.0
22654,31.0,10.0,32.0,10.0
22655,31.0,10.0,27.0,17.0
22656,31.0,10.0,27.0,17.0
22657,31.0,10.0,28.0,14.0
22658,31.0,10.0,31.0,10.0
22659,31.0,10.0,32.0,10.0
22660,31.0,10.0,31.0,10.0
22661,31.0,10.0,26.0,12.0
22662,31.0,10.0,31.0,10.0
22663,31.0,10.0,28.0,14.0
22664,31.0,10.0,27.0,17.0
22665,31.0,10.0,31.0,10.0
22666,31.0,10.0,31.0,10.0
22667,31.0,10.0,27.0,17.0
22668,31.0,10.0,31.0,11.0
22669,31.0,10.0,31.0,10.0
22670,31.0,10.0,31.0,11.0
22671,31.0,10.0,30.0,13.0
22672,31.0,10.0,26.0,12.0
22673,31.0,10.0,31.0,10.0
22674,31.0,10.0,31.0,10.0
22675,31.0,10.0,31.0,11.0
22676,31.0,10.0,27.0,17.0
22677,31.0,10.0,27.0,17.0
22678,31.0,10.0,30.0,13.0
22679,31.0,10.0,31.0,11.0
22680,31.0,10.0,27.0,17.0
22681,31.0,10.0,31.0,10.0
22682,31.0,10.0,30.0,13.0
22683,31.0,10.0,28.0,14.0
22684,31.0,10.0,31.0,10.0
22685,31.0,10.0,31.0,10.0
22686,31.0,10.0,32.0,10.0
22687,31.0,10.0,31.0,10.0
22688,31.0,10.0,28.0,14.0
22689,31.0,10.0,31.0,10.0
22690,31.0,10.0,27.0,17.0
22691,31.0,10.0,27.0,17.0
22692,31.0,10.0,31.0,10.0
22693,31.0,10.0,30.0,13.0
22694,31.0,10.0,31.0,10.0
22695,31.0,10.0,28.0,14.0
22696,31.0,10.0,32.0,10.0
22697,31.0,10.0,26.0,12.0
22698,31.0,10.0,31.0,10.0
22699,31.0,10.0,28.0,14.0
22700,31.0,10.0,28.0,14.0
22701,31.0,10.0,26.0,12.0
22702,31.0,10.0,28.0,14.0
22703,31.0,10.0,31.0,10.0
22704,31.0,10.0,31.0,10.0
22705,31.0,10.0,30.0,13.0
22706,31.0,10.0,28.0,14.0
22707,31.0,10.0,27.0,17.0
22708,31.0,10.0,32.0,10.0
22709,31.0,10.0,31.0,11.0
22710,31.0,10.0,28.0,14.0
22711,31.0,10.0,28.0,14.0
22712,31.0,10.0,31.0,10.0
22713,31.0,10.0,31.0,10.0
22714,31.0,10.0,31.0,10.0
22715,31.0,10.0,27.0,17.0
22716,31.0,10.0,27.0,17.0
22717,31.0,10.0,28.0,14.0
22718,31.0,10.0,26.0,12.0
22719,31.0,10.0,31.0,10.0
22720,31.0,10.0,31.0,10.0
22721,31.0,10.0,26.0,12.0
22722,31.0,10.0,26.0,12.0
22723,31.0,10.0,27.0,17.0
22724,31.0,10.0,28.0,14.0
22725,31.0,10.0,28.0,14.0
22726,31.0,10.0,31.0,10.0
22727,31.0,10.0,32.0,10.0
22728,31.0,10.0,30.0,13.0
22729,31.0,10.0,31.0,10.0
22730,31.0,10.0,31.0,10.0
22731,31.0,10.0,30.0,13.0
22732,31.0,10.0,32.0,10.0
22733,31.0,10.0,27.0,17.0
22734,31.0,10.0,31.0,10.0
22735,31.0,10.0,31.0,11.0
22736,31.0,10.0,27.0,17.0
22737,31.0,10.0,31.0,10.0
22738,31.0,10.0,31.0,10.0
22739,31.0,10.0,27.0,17.0
22740,31.0,10.0,30.0,13.0
22741,31.0,10.0,28.0,14.0
22742,31.0,10.0,27.0,17.0
22743,31.0,10.0,28.0,14.0
22744,31.0,10.0,31.0,10.0
22745,31.0,10.0,27.0,17.0
22746,31.0,10.0,26.0,12.0
22747,31.0,10.0,31.0,11.0
22748,31.0,10.0,31.0,10.0
22749,31.0,10.0,31.0,10.0
22750,31.0,10.0,28.0,14.0
22751,31.0,10.0,26.0,12.0
22752,31.0,10.0,31.0,11.0
22753,31.0,10.0,31.0,11.0
22754,31.0,10.0,31.0,10.0
22755,31.0,10.0,31.0,10.0
22756,31.0,10.0,26.0,12.0
22757,31.0,10.0,30.0,13.0
22758,31.0,10.0,32.0,10.0
22759,31.0,10.0,31.0,10.0
22760,31.0,10.0,27.0,17.0
22761,31.0,10.0,30.0,13.0
22762,31.0,10.0,31.0,10.0
22763,31.0,10.0,27.0,17.0
22764,31.0,10.0,26.0,12.0
22765,31.0,10.0,31.0,10.0
22766,31.0,10.0,28.0,14.0
22767,31.0,10.0,31.0,10.0
22768,31.0,10.0,32.0,10.0
22769,31.0,10.0,30.0,13.0
22770,31.0,10.0,32.0,10.0
22771,31.0,10.0,28.0,14.0
22772,31.0,10.0,26.0,12.0
22773,31.0,10.0,32.0,10.0
22774,31.0,10.0,26.0,12.0
22775,31.0,10.0,32.0,10.0
22776,31.0,10.0,31.0,10.0
22777,31.0,10.0,31.0,10.0
22778,31.0,10.0,31.0,11.0
22779,31.0,10.0,30.0,13.0
22780,31.0,10.0,27.0,17.0
22781,31.0,10.0,31.0,10.0
22782,31.0,10.0,31.0,10.0
22783,31.0,10.0,31.0,10.0
22784,31.0,10.0,28.0,14.0
22785,31.0,10.0,30.0,13.0
22786,31.0,10.0,28.0,14.0
22787,31.0,10.0,31.0,11.0
22788,31.0,10.0,31.0,10.0
22789,31.0,10.0,31.0,10.0
22790,31.0,10.0,32.0,10.0
22791,31.0,10.0,31.0,10.0
22792,31.0,10.0,31.0,10.0
22793,31.0,10.0,28.0,14.0
22794,31.0,10.0,30.0,13.0
22795,31.0,10.0,26.0,12.0
22796,31.0,10.0,31.0,10.0
22797,31.0,10.0,31.0,10.0
22798,31.0,10.0,27.0,17.0
22799,31.0,10.0,32.0,10.0
22800,31.0,10.0,30.0,13.0
22801,31.0,10.0,26.0,12.0
22802,31.0,10.0,32.0,10.0
22803,31.0,10.0,31.0,10.0
22804,31.0,10.0,31.0,10.0
22805,31.0,10.0,31.0,10.0
22806,31.0,10.0,32.0,10.0
22807,31.0,10.0,31.0,10.0
22808,31.0,10.0,31.0,10.0
22809,31.0,10.0,31.0,11.0
22810,31.0,10.0,31.0,10.0
22811,31.0,10.0,31.0,10.0
22812,31.0,10.0,31.0,10.0
22813,31.0,10.0,26.0,12.0
22814,31.0,10.0,31.0,10.0
22815,31.0,10.0,32.0,10.0
22816,31.0,10.0,31.0,10.0
22817,31.0,10.0,28.0,14.0
22818,31.0,10.0,31.0,11.0
22819,31.0,10.0,27.0,17.0
22820,31.0,10.0,30.0,13.0
22821,31.0,10.0,31.0,11.0
22822,31.0,10.0,30.0,13.0
22823,31.0,10.0,31.0,10.0
22824,31.0,10.0,28.0,14.0
22825,31.0,10.0,28.0,14.0
22826,31.0,10.0,28.0,14.0
22827,31.0,10.0,31.0,11.0
22828,31.0,10.0,30.0,13.0
22829,31.0,10.0,31.0,11.0
22830,31.0,10.0,31.0,11.0
22831,31.0,10.0,26.0,12.0
22832,31.0,10.0,28.0,14.0
22833,31.0,10.0,31.0,10.0
22834,31.0,10.0,31.0,11.0
22835,31.0,10.0,31.0,10.0
22836,31.0,10.0,27.0,17.0
22837,31.0,10.0,31.0,10.0
22838,31.0,10.0,30.0,13.0
22839,31.0,10.0,31.0,10.0
22840,31.0,10.0,31.0,10.0
22841,31.0,10.0,27.0,17.0
22842,31.0,10.0,31.0,11.0
22843,31.0,10.0,30.0,13.0
22844,31.0,10.0,26.0,12.0
22845,31.0,10.0,28.0,14.0
22846,31.0,10.0,26.0,12.0
22847,31.0,10.0,26.0,12.0
22848,31.0,10.0,27.0,17.0
22849,31.0,10.0,30.0,13.0
22850,31.0,10.0,31.0,10.0
22851,31.0,10.0,30.0,13.0
22852,31.0,10.0,26.0,12.0
22853,31.0,10.0,26.0,12.0
22854,31.0,10.0,31.0,10.0
22855,31.0,10.0,32.0,10.0
22856,31.0,10.0,31.0,10.0
22857,31.0,10.0,30.0,13.0
22858,31.0,10.0,31.0,11.0
22859,31.0,10.0,31.0,10.0
22860,31.0,10.0,31.0,10.0
22861,31.0,10.0,27.0,17.0
22862,31.0,10.0,30.0,13.0
22863,31.0,10.0,26.0,12.0
22864,31.0,10.0,31.0,11.0
22865,31.0,10.0,31.0,10.0
22866,31.0,10.0,32.0,10.0
22867,31.0,10.0,27.0,17.0
22868,31.0,10.0,31.0,10.0
22869,31.0,10.0,31.0,10.0
22870,31.0,10.0,32.0,10.0
22871,31.0,10.0,31.0,10.0
22872,31.0,10.0,31.0,11.0
22873,31.0,10.0,31.0,10.0
22874,31.0,10.0,31.0,11.0
22875,31.0,10.0,31.0,11.0
22876,31.0,10.0,27.0,17.0
22877,31.0,10.0,31.0,10.0
22878,31.0,10.0,28.0,14.0
22879,31.0,10.0,32.0,10.0
22880,31.0,10.0,31.0,10.0
22881,31.0,10.0,31.0,11.0
22882,31.0,10.0,26.0,12.0
22883,31.0,10.0,28.0,14.0
22884,31.0,10.0,31.0,11.0
22885,31.0,10.0,31.0,11.0
22886,31.0,10.0,27.0,17.0
22887,31.0,10.0,31.0,10.0
22888,31.0,10.0,27.0,17.0
22889,31.0,10.0,31.0,11.0
22890,31.0,10.0,28.0,14.0
22891,31.0,10.0,31.0,10.0
22892,31.0,10.0,28.0,14.0
22893,31.0,10.0,27.0,17.0
22894,31.0,10.0,31.0,11.0
22895,31.0,10.0,28.0,14.0
22896,31.0,10.0,31.0,10.0
22897,31.0,10.0,30.0,13.0
22898,31.0,10.0,31.0,10.0
22899,31.0,10.0,31.0,10.0
22900,31.0,10.0,31.0,10.0
22901,31.0,10.0,30.0,13.0
22902,31.0,10.0,28.0,14.0
22903,31.0,10.0,31.0,10.0
22904,31.0,10.0,31.0,11.0
22905,31.0,10.0,32.0,10.0
22906,31.0,10.0,28.0,14.0
22907,31.0,10.0,28.0,14.0
22908,31.0,10.0,31.0,10.0
22909,31.0,10.0,32.0,10.0
22910,31.0,10.0,30.0,13.0
22911,31.0,10.0,27.0,17.0
22912,31.0,10.0,28.0,14.0
22913,31.0,10.0,30.0,13.0
22914,31.0,10.0,31.0,10.0
22915,31.0,10.0,28.0,14.0
22916,31.0,10.0,31.0,10.0
22917,31.0,10.0,26.0,12.0
22918,31.0,10.0,31.0,11.0
22919,31.0,10.0,32.0,10.0
22920,31.0,10.0,31.0,11.0
22921,31.0,10.0,30.0,13.0
22922,31.0,10.0,26.0,12.0
22923,31.0,10.0,30.0,13.0
22924,31.0,10.0,31.0,11.0
22925,31.0,10.0,31.0,10.0
22926,31.0,10.0,31.0,10.0
22927,31.0,10.0,30.0,13.0
22928,31.0,10.0,32.0,10.0
22929,31.0,10.0,26.0,12.0
22930,31.0,10.0,28.0,14.0
22931,31.0,10.0,27.0,17.0
22932,31.0,10.0,31.0,10.0
22933,31.0,10.0,31.0,10.0
22934,31.0,10.0,28.0,14.0
22935,31.0,10.0,31.0,10.0
22936,31.0,10.0,31.0,11.0
22937,31.0,10.0,27.0,17.0
22938,31.0,10.0,31.0,10.0
22939,31.0,10.0,30.0,13.0
22940,31.0,10.0,30.0,13.0
22941,31.0,10.0,26.0,12.0
22942,31.0,10.0,26.0,12.0
22943,31.0,10.0,31.0,11.0
22944,31.0,10.0,32.0,10.0
22945,31.0,10.0,30.0,13.0
22946,31.0,10.0,27.0,17.0
22947,31.0,10.0,31.0,10.0
22948,31.0,10.0,31.0,11.0
22949,31.0,10.0,32.0,10.0
22950,31.0,10.0,28.0,14.0
22951,31.0,10.0,31.0,10.0
22952,31.0,10.0,27.0,17.0
22953,31.0,10.0,32.0,10.0
22954,31.0,10.0,30.0,13.0
22955,31.0,10.0,31.0,10.0
22956,31.0,10.0,26.0,12.0
22957,31.0,10.0,31.0,10.0
22958,31.0,10.0,31.0,11.0
22959,31.0,10.0,27.0,17.0
22960,31.0,10.0,32.0,10.0
22961,31.0,10.0,27.0,17.0
22962,31.0,10.0,28.0,14.0
22963,31.0,10.0,31.0,11.0
22964,31.0,10.0,32.0,10.0
22965,31.0,10.0,28.0,14.0
22966,31.0,10.0,31.0,10.0
22967,31.0,10.0,28.0,14.0
22968,31.0,10.0,31.0,11.0
22969,31.0,10.0,28.0,14.0
22970,31.0,10.0,31.0,10.0
22971,31.0,10.0,31.0,11.0
22972,31.0,10.0,32.0,10.0
22973,31.0,10.0,31.0,11.0
22974,31.0,10.0,28.0,14.0
22975,31.0,10.0,31.0,10.0
22976,31.0,10.0,28.0,14.0
22977,31.0,10.0,31.0,11.0
22978,31.0,10.0,30.0,13.0
22979,31.0,10.0,32.0,10.0
22980,31.0,10.0,30.0,13.0
22981,31.0,10.0,31.0,11.0
22982,31.0,10.0,31.0,10.0
22983,31.0,10.0,26.0,12.0
22984,31.0,10.0,27.0,17.0
22985,31.0,10.0,31.0,10.0
22986,31.0,10.0,32.0,10.0
22987,31.0,10.0,27.0,17.0
22988,31.0,10.0,30.0,13.0
22989,31.0,10.0,31.0,10.0
22990,31.0,10.0,30.0,13.0
22991,31.0,10.0,32.0,10.0
22992,31.0,10.0,27.0,17.0
22993,31.0,10.0,31.0,11.0
22994,31.0,10.0,27.0,17.0
22995,31.0,10.0,31.0,10.0
22996,31.0,10.0,31.0,10.0
22997,31.0,10.0,31.0,11.0
22998,31.0,10.0,26.0,12.0
22999,31.0,10.0,31.0,11.0
23000,31.0,10.0,28.0,14.0
23001,31.0,10.0,28.0,14.0
23002,31.0,10.0,26.0,12.0
23003,31.0,10.0,31.0,10.0
23004,31.0,10.0,32.0,10.0
23005,31.0,10.0,30.0,13.0
23006,31.0,10.0,26.0,12.0
23007,31.0,10.0,28.0,14.0
23008,31.0,10.0,31.0,10.0
23009,31.0,10.0,28.0,14.0
23010,31.0,10.0,28.0,14.0
23011,31.0,10.0,28.0,14.0
23012,31.0,10.0,28.0,14.0
23013,31.0,10.0,28.0,14.0
23014,31.0,10.0,31.0,10.0
23015,31.0,10.0,31.0,10.0
23016,31.0,10.0,32.0,10.0
23017,31.0,10.0,32.0,10.0
23018,31.0,10.0,31.0,10.0
23019,31.0,10.0,32.0,10.0
23020,31.0,10.0,27.0,17.0
23021,31.0,10.0,31.0,10.0
23022,31.0,10.0,32.0,10.0
23023,31.0,10.0,31.0,10.0
23024,31.0,10.0,31.0,10.0
23025,31.0,10.0,31.0,10.0
23026,31.0,10.0,31.0,10.0
23027,31.0,10.0,27.0,17.0
23028,31.0,10.0,31.0,10.0
23029,31.0,10.0,30.0,13.0
23030,31.0,10.0,31.0,10.0
23031,31.0,10.0,31.0,11.0
23032,31.0,10.0,28.0,14.0
23033,31.0,10.0,27.0,17.0
23034,31.0,10.0,32.0,10.0
23035,31.0,10.0,32.0,10.0
23036,31.0,10.0,28.0,14.0
23037,31.0,10.0,28.0,14.0
23038,31.0,10.0,31.0,11.0
23039,31.0,10.0,32.0,10.0
23040,31.0,10.0,28.0,14.0
23041,31.0,10.0,28.0,14.0
23042,31.0,10.0,31.0,10.0
23043,31.0,10.0,31.0,11.0
23044,31.0,10.0,31.0,10.0
23045,31.0,10.0,28.0,14.0
23046,31.0,10.0,31.0,10.0
23047,31.0,10.0,26.0,12.0
23048,31.0,10.0,26.0,12.0
23049,31.0,10.0,26.0,12.0
23050,31.0,10.0,26.0,12.0
23051,31.0,10.0,31.0,11.0
23052,31.0,10.0,26.0,12.0
23053,31.0,10.0,28.0,14.0
23054,31.0,10.0,31.0,10.0
23055,31.0,10.0,26.0,12.0
23056,31.0,10.0,30.0,13.0
23057,31.0,10.0,27.0,17.0
23058,31.0,10.0,30.0,13.0
23059,31.0,10.0,31.0,11.0
23060,31.0,10.0,32.0,10.0
23061,31.0,10.0,30.0,13.0
23062,31.0,10.0,26.0,12.0
23063,31.0,10.0,31.0,10.0
23064,31.0,10.0,27.0,17.0
23065,31.0,10.0,31.0,11.0
23066,31.0,10.0,28.0,14.0
23067,31.0,10.0,32.0,10.0
23068,31.0,10.0,26.0,12.0
23069,31.0,10.0,31.0,10.0
23070,31.0,10.0,32.0,10.0
23071,31.0,10.0,31.0,10.0
23072,31.0,10.0,27.0,17.0
23073,31.0,10.0,26.0,12.0
23074,31.0,10.0,28.0,14.0
23075,31.0,10.0,32.0,10.0
23076,31.0,10.0,31.0,11.0
23077,31.0,10.0,30.0,13.0
23078,31.0,10.0,30.0,13.0
23079,31.0,10.0,31.0,11.0
23080,31.0,10.0,26.0,12.0
23081,31.0,10.0,32.0,10.0
23082,31.0,10.0,32.0,10.0
23083,31.0,10.0,26.0,12.0
23084,31.0,10.0,31.0,10.0
23085,31.0,10.0,32.0,10.0
23086,31.0,10.0,30.0,13.0
23087,31.0,10.0,26.0,12.0
23088,31.0,10.0,26.0,12.0
23089,31.0,10.0,31.0,10.0
23090,31.0,10.0,26.0,12.0
23091,31.0,10.0,26.0,12.0
23092,31.0,10.0,31.0,10.0
23093,31.0,10.0,31.0,10.0
23094,31.0,10.0,28.0,14.0
23095,31.0,10.0,31.0,10.0
23096,31.0,10.0,28.0,14.0
23097,31.0,10.0,28.0,14.0
23098,31.0,10.0,26.0,12.0
23099,31.0,10.0,31.0,10.0
23100,31.0,10.0,28.0,14.0
23101,31.0,10.0,28.0,14.0
23102,31.0,10.0,31.0,11.0
23103,31.0,10.0,32.0,10.0
23104,31.0,10.0,32.0,10.0
23105,31.0,10.0,31.0,10.0
23106,31.0,10.0,31.0,10.0
23107,31.0,10.0,31.0,10.0
23108,31.0,10.0,31.0,11.0
23109,31.0,10.0,27.0,17.0
23110,31.0,10.0,32.0,10.0
23111,31.0,10.0,26.0,12.0
23112,31.0,10.0,31.0,10.0
23113,31.0,10.0,30.0,13.0
23114,31.0,10.0,31.0,10.0
23115,31.0,10.0,32.0,10.0
23116,31.0,10.0,31.0,10.0
23117,31.0,10.0,27.0,17.0
23118,31.0,10.0,31.0,10.0
23119,31.0,10.0,30.0,13.0
23120,31.0,10.0,27.0,17.0
23121,31.0,10.0,30.0,13.0
23122,31.0,10.0,31.0,11.0
23123,31.0,10.0,32.0,10.0
23124,31.0,10.0,32.0,10.0
23125,31.0,10.0,32.0,10.0
23126,31.0,10.0,27.0,17.0
23127,31.0,10.0,27.0,17.0
23128,31.0,10.0,31.0,10.0
23129,31.0,10.0,31.0,10.0
23130,31.0,10.0,31.0,10.0
23131,31.0,10.0,26.0,12.0
23132,31.0,10.0,28.0,14.0
23133,31.0,10.0,30.0,13.0
23134,31.0,10.0,26.0,12.0
23135,31.0,10.0,28.0,14.0
23136,31.0,10.0,26.0,12.0
23137,31.0,10.0,32.0,10.0
23138,31.0,10.0,26.0,12.0
23139,31.0,10.0,32.0,10.0
23140,31.0,10.0,26.0,12.0
23141,31.0,10.0,26.0,12.0
23142,31.0,10.0,27.0,17.0
23143,31.0,10.0,28.0,14.0
23144,31.0,10.0,27.0,17.0
23145,31.0,10.0,31.0,10.0
23146,31.0,10.0,27.0,17.0
23147,31.0,10.0,32.0,10.0
23148,31.0,10.0,28.0,14.0
23149,31.0,10.0,28.0,14.0
23150,31.0,10.0,30.0,13.0
23151,31.0,10.0,26.0,12.0
23152,31.0,10.0,31.0,10.0
23153,31.0,10.0,30.0,13.0
23154,31.0,10.0,28.0,14.0
23155,31.0,10.0,31.0,10.0
23156,31.0,10.0,27.0,17.0
23157,31.0,10.0,31.0,10.0
23158,31.0,10.0,26.0,12.0
23159,31.0,10.0,31.0,10.0
23160,31.0,10.0,30.0,13.0
23161,31.0,10.0,32.0,10.0
23162,31.0,10.0,26.0,12.0
23163,31.0,10.0,30.0,13.0
23164,31.0,10.0,31.0,10.0
23165,31.0,10.0,31.0,10.0
23166,31.0,10.0,30.0,13.0
23167,31.0,10.0,28.0,14.0
23168,31.0,10.0,26.0,12.0
23169,31.0,10.0,26.0,12.0
23170,31.0,10.0,31.0,10.0
23171,31.0,10.0,28.0,14.0
23172,31.0,10.0,32.0,10.0
23173,31.0,10.0,27.0,17.0
23174,31.0,10.0,31.0,10.0
23175,31.0,10.0,30.0,13.0
23176,31.0,10.0,31.0,10.0
23177,31.0,10.0,31.0,10.0
23178,31.0,10.0,27.0,17.0
23179,31.0,10.0,31.0,10.0
23180,31.0,10.0,31.0,10.0
23181,31.0,10.0,27.0,17.0
23182,31.0,10.0,26.0,12.0
23183,31.0,10.0,32.0,10.0
23184,31.0,10.0,31.0,11.0
23185,31.0,10.0,30.0,13.0
23186,31.0,10.0,26.0,12.0
23187,31.0,10.0,31.0,10.0
23188,31.0,10.0,28.0,14.0
23189,31.0,10.0,27.0,17.0
23190,31.0,10.0,30.0,13.0
23191,31.0,10.0,26.0,12.0
23192,31.0,10.0,32.0,10.0
23193,31.0,10.0,28.0,14.0
23194,31.0,10.0,28.0,14.0
23195,31.0,10.0,26.0,12.0
23196,31.0,10.0,31.0,10.0
23197,31.0,10.0,31.0,10.0
23198,31.0,10.0,26.0,12.0
23199,31.0,10.0,31.0,10.0
23200,31.0,10.0,28.0,14.0
23201,31.0,10.0,31.0,10.0
23202,31.0,10.0,31.0,10.0
23203,31.0,10.0,28.0,14.0
23204,31.0,10.0,28.0,14.0
23205,31.0,10.0,30.0,13.0
23206,31.0,10.0,26.0,12.0
23207,31.0,10.0,30.0,13.0
23208,31.0,10.0,31.0,10.0
23209,31.0,10.0,31.0,10.0
23210,31.0,10.0,32.0,10.0
23211,31.0,10.0,28.0,14.0
23212,31.0,10.0,27.0,17.0
23213,31.0,10.0,27.0,17.0
23214,31.0,10.0,31.0,10.0
23215,31.0,10.0,28.0,14.0
23216,31.0,10.0,31.0,10.0
23217,31.0,10.0,32.0,10.0
23218,31.0,10.0,28.0,14.0
23219,31.0,10.0,26.0,12.0
23220,31.0,10.0,27.0,17.0
23221,31.0,10.0,28.0,14.0
23222,31.0,10.0,31.0,10.0
23223,31.0,10.0,31.0,10.0
23224,31.0,10.0,31.0,11.0
23225,31.0,10.0,31.0,10.0
23226,31.0,10.0,28.0,14.0
23227,31.0,10.0,31.0,10.0
23228,31.0,10.0,28.0,14.0
23229,31.0,10.0,31.0,11.0
23230,31.0,10.0,26.0,12.0
23231,31.0,10.0,28.0,14.0
23232,31.0,10.0,28.0,14.0
23233,31.0,10.0,26.0,12.0
23234,31.0,10.0,32.0,10.0
23235,31.0,10.0,28.0,14.0
23236,31.0,10.0,31.0,10.0
23237,31.0,10.0,32.0,10.0
23238,31.0,10.0,32.0,10.0
23239,31.0,10.0,31.0,11.0
23240,31.0,10.0,31.0,11.0
23241,31.0,10.0,28.0,14.0
23242,31.0,10.0,32.0,10.0
23243,31.0,10.0,31.0,10.0
23244,31.0,10.0,28.0,14.0
23245,31.0,10.0,26.0,12.0
23246,31.0,10.0,31.0,10.0
23247,31.0,10.0,28.0,14.0
23248,31.0,10.0,28.0,14.0
23249,31.0,10.0,28.0,14.0
23250,31.0,10.0,31.0,10.0
23251,31.0,10.0,28.0,14.0
23252,31.0,10.0,28.0,14.0
23253,31.0,10.0,31.0,10.0
23254,31.0,10.0,31.0,10.0
23255,31.0,10.0,31.0,11.0
23256,31.0,10.0,32.0,10.0
23257,31.0,10.0,31.0,11.0
23258,31.0,10.0,31.0,10.0
23259,31.0,10.0,30.0,13.0
23260,31.0,10.0,30.0,13.0
23261,31.0,10.0,28.0,14.0
23262,31.0,10.0,26.0,12.0
23263,31.0,10.0,30.0,13.0
23264,31.0,10.0,28.0,14.0
23265,31.0,10.0,31.0,11.0
23266,31.0,10.0,31.0,10.0
23267,31.0,10.0,27.0,17.0
23268,31.0,10.0,31.0,10.0
23269,31.0,10.0,31.0,10.0
23270,31.0,10.0,30.0,13.0
23271,31.0,10.0,30.0,13.0
23272,31.0,10.0,31.0,10.0
23273,31.0,10.0,27.0,17.0
23274,31.0,10.0,28.0,14.0
23275,31.0,10.0,31.0,10.0
23276,31.0,10.0,31.0,10.0
23277,31.0,10.0,31.0,10.0
23278,31.0,10.0,31.0,10.0
23279,31.0,10.0,27.0,17.0
23280,31.0,10.0,26.0,12.0
23281,31.0,10.0,30.0,13.0
23282,31.0,10.0,31.0,10.0
23283,31.0,10.0,31.0,10.0
23284,31.0,10.0,27.0,17.0
23285,31.0,10.0,27.0,17.0
23286,31.0,10.0,28.0,14.0
23287,31.0,10.0,30.0,13.0
23288,31.0,10.0,26.0,12.0
23289,31.0,10.0,30.0,13.0
23290,31.0,10.0,31.0,11.0
23291,31.0,10.0,31.0,10.0
23292,31.0,10.0,26.0,12.0
23293,31.0,10.0,31.0,10.0
23294,31.0,10.0,28.0,14.0
23295,31.0,10.0,31.0,10.0
23296,31.0,10.0,31.0,10.0
23297,31.0,10.0,30.0,13.0
23298,31.0,10.0,26.0,12.0
23299,31.0,10.0,26.0,12.0
23300,31.0,10.0,28.0,14.0
23301,31.0,10.0,28.0,14.0
23302,31.0,10.0,31.0,10.0
23303,31.0,10.0,31.0,10.0
23304,31.0,10.0,28.0,14.0
23305,31.0,10.0,31.0,10.0
23306,31.0,10.0,28.0,14.0
23307,31.0,10.0,26.0,12.0
23308,31.0,10.0,31.0,10.0
23309,31.0,10.0,28.0,14.0
23310,31.0,10.0,26.0,12.0
23311,31.0,10.0,30.0,13.0
23312,31.0,10.0,31.0,11.0
23313,31.0,10.0,27.0,17.0
23314,31.0,10.0,28.0,14.0
23315,31.0,10.0,28.0,14.0
23316,31.0,10.0,27.0,17.0
23317,31.0,10.0,30.0,13.0
23318,31.0,10.0,31.0,10.0
23319,31.0,10.0,31.0,10.0
23320,31.0,10.0,31.0,10.0
23321,31.0,10.0,31.0,11.0
23322,31.0,10.0,27.0,17.0
23323,31.0,10.0,31.0,11.0
23324,31.0,10.0,30.0,13.0
23325,31.0,10.0,28.0,14.0
23326,31.0,10.0,30.0,13.0
23327,31.0,10.0,26.0,12.0
23328,31.0,10.0,31.0,10.0
23329,31.0,10.0,26.0,12.0
23330,31.0,10.0,32.0,10.0
23331,31.0,10.0,28.0,14.0
23332,31.0,10.0,31.0,11.0
23333,31.0,10.0,27.0,17.0
23334,31.0,10.0,31.0,11.0
23335,31.0,10.0,31.0,11.0
23336,31.0,10.0,31.0,11.0
23337,31.0,10.0,32.0,10.0
23338,31.0,10.0,27.0,17.0
23339,31.0,10.0,31.0,11.0
23340,31.0,10.0,31.0,10.0
23341,31.0,10.0,26.0,12.0
23342,31.0,10.0,31.0,10.0
23343,31.0,10.0,30.0,13.0
23344,31.0,10.0,26.0,12.0
23345,31.0,10.0,30.0,13.0
23346,31.0,10.0,26.0,12.0
23347,31.0,10.0,27.0,17.0
23348,31.0,10.0,31.0,10.0
23349,31.0,10.0,32.0,10.0
23350,31.0,10.0,27.0,17.0
23351,31.0,10.0,31.0,10.0
23352,31.0,10.0,31.0,11.0
23353,31.0,10.0,30.0,13.0
23354,31.0,10.0,27.0,17.0
23355,31.0,10.0,28.0,14.0
23356,31.0,10.0,31.0,10.0
23357,31.0,10.0,31.0,10.0
23358,31.0,10.0,30.0,13.0
23359,31.0,10.0,32.0,10.0
23360,31.0,10.0,26.0,12.0
23361,31.0,10.0,32.0,10.0
23362,31.0,10.0,31.0,10.0
23363,31.0,10.0,28.0,14.0
23364,31.0,10.0,31.0,10.0
23365,31.0,10.0,28.0,14.0
23366,31.0,10.0,26.0,12.0
23367,31.0,10.0,30.0,13.0
23368,31.0,10.0,31.0,10.0
23369,31.0,10.0,31.0,10.0
23370,31.0,10.0,31.0,10.0
23371,31.0,10.0,31.0,10.0
23372,31.0,10.0,31.0,10.0
23373,31.0,10.0,30.0,13.0
23374,31.0,10.0,26.0,12.0
23375,31.0,10.0,31.0,10.0
23376,31.0,10.0,31.0,11.0
23377,31.0,10.0,30.0,13.0
23378,31.0,10.0,32.0,10.0
23379,31.0,10.0,28.0,14.0
23380,31.0,10.0,32.0,10.0
23381,31.0,10.0,28.0,14.0
23382,31.0,10.0,31.0,11.0
23383,31.0,10.0,31.0,10.0
23384,31.0,10.0,26.0,12.0
23385,31.0,10.0,31.0,11.0
23386,31.0,10.0,30.0,13.0
23387,31.0,10.0,26.0,12.0
23388,31.0,10.0,32.0,10.0
23389,31.0,10.0,27.0,17.0
23390,31.0,10.0,26.0,12.0
23391,31.0,10.0,31.0,11.0
23392,31.0,10.0,31.0,10.0
23393,31.0,10.0,28.0,14.0
23394,31.0,10.0,31.0,11.0
23395,31.0,10.0,27.0,17.0
23396,31.0,10.0,30.0,13.0
23397,31.0,10.0,28.0,14.0
23398,31.0,10.0,31.0,10.0
23399,31.0,10.0,31.0,11.0
23400,31.0,10.0,27.0,17.0
23401,31.0,10.0,31.0,10.0
23402,31.0,10.0,32.0,10.0
23403,31.0,10.0,27.0,17.0
23404,31.0,10.0,26.0,12.0
23405,31.0,10.0,31.0,10.0
23406,31.0,10.0,31.0,11.0
23407,31.0,10.0,31.0,10.0
23408,31.0,10.0,31.0,10.0
23409,31.0,10.0,27.0,17.0
23410,31.0,10.0,30.0,13.0
23411,31.0,10.0,30.0,13.0
23412,31.0,10.0,26.0,12.0
23413,31.0,10.0,32.0,10.0
23414,31.0,10.0,31.0,10.0
23415,31.0,10.0,31.0,10.0
23416,31.0,10.0,32.0,10.0
23417,31.0,10.0,31.0,10.0
23418,31.0,10.0,26.0,12.0
23419,31.0,10.0,31.0,10.0
23420,31.0,10.0,28.0,14.0
23421,31.0,10.0,30.0,13.0
23422,31.0,10.0,31.0,11.0
23423,31.0,10.0,26.0,12.0
23424,31.0,10.0,31.0,11.0
23425,31.0,10.0,31.0,11.0
23426,31.0,10.0,31.0,10.0
23427,31.0,10.0,27.0,17.0
23428,31.0,10.0,28.0,14.0
23429,31.0,10.0,31.0,11.0
23430,31.0,10.0,30.0,13.0
23431,31.0,10.0,30.0,13.0
23432,31.0,10.0,27.0,17.0
23433,31.0,10.0,28.0,14.0
23434,31.0,10.0,32.0,10.0
23435,31.0,10.0,31.0,10.0
23436,31.0,10.0,31.0,10.0
23437,31.0,10.0,28.0,14.0
23438,31.0,10.0,26.0,12.0
23439,31.0,10.0,32.0,10.0
23440,31.0,10.0,28.0,14.0
23441,31.0,10.0,30.0,13.0
23442,31.0,10.0,32.0,10.0
23443,31.0,10.0,32.0,10.0
23444,31.0,10.0,26.0,12.0
23445,31.0,10.0,26.0,12.0
23446,31.0,10.0,26.0,12.0
23447,31.0,10.0,26.0,12.0
23448,31.0,10.0,31.0,10.0
23449,31.0,10.0,27.0,17.0
23450,31.0,10.0,31.0,11.0
23451,31.0,10.0,30.0,13.0
23452,31.0,10.0,28.0,14.0
23453,31.0,10.0,31.0,11.0
23454,31.0,10.0,28.0,14.0
23455,31.0,10.0,27.0,17.0
23456,31.0,10.0,31.0,11.0
23457,31.0,10.0,28.0,14.0
23458,31.0,10.0,26.0,12.0
23459,31.0,10.0,31.0,10.0
23460,31.0,10.0,27.0,17.0
23461,31.0,10.0,31.0,10.0
23462,31.0,10.0,30.0,13.0
23463,31.0,10.0,32.0,10.0
23464,31.0,10.0,31.0,10.0
23465,31.0,10.0,31.0,11.0
23466,31.0,10.0,31.0,10.0
23467,31.0,10.0,31.0,10.0
23468,31.0,10.0,28.0,14.0
23469,31.0,10.0,27.0,17.0
23470,31.0,10.0,32.0,10.0
23471,31.0,10.0,28.0,14.0
23472,31.0,10.0,31.0,10.0
23473,31.0,10.0,31.0,10.0
23474,31.0,10.0,26.0,12.0
23475,31.0,10.0,27.0,17.0
23476,31.0,10.0,31.0,10.0
23477,31.0,10.0,26.0,12.0
23478,31.0,10.0,31.0,10.0
23479,31.0,10.0,27.0,17.0
23480,31.0,10.0,27.0,17.0
23481,31.0,10.0,31.0,10.0
23482,31.0,10.0,31.0,10.0
23483,31.0,10.0,31.0,10.0
23484,31.0,10.0,30.0,13.0
23485,31.0,10.0,31.0,11.0
23486,31.0,10.0,28.0,14.0
23487,31.0,10.0,32.0,10.0
23488,31.0,10.0,28.0,14.0
23489,31.0,10.0,26.0,12.0
23490,31.0,10.0,31.0,10.0
23491,31.0,10.0,31.0,10.0
23492,31.0,10.0,31.0,11.0
23493,31.0,10.0,28.0,14.0
23494,31.0,10.0,27.0,17.0
23495,31.0,10.0,31.0,10.0
23496,31.0,10.0,31.0,10.0
23497,31.0,10.0,31.0,10.0
23498,31.0,10.0,30.0,13.0
23499,31.0,10.0,32.0,10.0
23500,31.0,10.0,28.0,14.0
23501,31.0,10.0,31.0,10.0
23502,31.0,10.0,31.0,11.0
23503,31.0,10.0,26.0,12.0
23504,31.0,10.0,30.0,13.0
23505,31.0,10.0,31.0,10.0
23506,31.0,10.0,31.0,10.0
23507,31.0,10.0,26.0,12.0
23508,31.0,10.0,30.0,13.0
23509,31.0,10.0,31.0,10.0
23510,31.0,10.0,31.0,10.0
23511,31.0,10.0,26.0,12.0
23512,31.0,10.0,30.0,13.0
23513,31.0,10.0,32.0,10.0
23514,31.0,10.0,32.0,10.0
23515,31.0,10.0,28.0,14.0
23516,31.0,10.0,26.0,12.0
23517,31.0,10.0,31.0,10.0
23518,31.0,10.0,26.0,12.0
23519,31.0,10.0,26.0,12.0
23520,31.0,10.0,31.0,11.0
23521,31.0,10.0,30.0,13.0
23522,31.0,10.0,31.0,11.0
23523,31.0,10.0,31.0,10.0
23524,31.0,10.0,27.0,17.0
23525,31.0,10.0,27.0,17.0
23526,31.0,10.0,32.0,10.0
23527,31.0,10.0,31.0,10.0
23528,31.0,10.0,26.0,12.0
23529,31.0,10.0,31.0,10.0
23530,31.0,10.0,32.0,10.0
23531,31.0,10.0,28.0,14.0
23532,31.0,10.0,31.0,10.0
23533,31.0,10.0,31.0,10.0
23534,31.0,10.0,26.0,12.0
23535,31.0,10.0,31.0,10.0
23536,31.0,10.0,30.0,13.0
23537,31.0,10.0,27.0,17.0
23538,31.0,10.0,30.0,13.0
23539,31.0,10.0,31.0,11.0
23540,31.0,10.0,30.0,13.0
23541,31.0,10.0,31.0,11.0
23542,31.0,10.0,28.0,14.0
23543,31.0,10.0,31.0,10.0
23544,31.0,10.0,28.0,14.0
23545,31.0,10.0,31.0,10.0
23546,31.0,10.0,26.0,12.0
23547,31.0,10.0,30.0,13.0
23548,31.0,10.0,32.0,10.0
23549,31.0,10.0,26.0,12.0
23550,31.0,10.0,28.0,14.0
23551,31.0,10.0,27.0,17.0
23552,31.0,10.0,31.0,11.0
23553,31.0,10.0,28.0,14.0
23554,31.0,10.0,31.0,11.0
23555,31.0,10.0,30.0,13.0
23556,31.0,10.0,31.0,10.0
23557,31.0,10.0,27.0,17.0
23558,31.0,10.0,32.0,10.0
23559,31.0,10.0,31.0,10.0
23560,31.0,10.0,31.0,11.0
23561,31.0,10.0,27.0,17.0
23562,31.0,10.0,27.0,17.0
23563,31.0,10.0,31.0,10.0
23564,31.0,10.0,32.0,10.0
23565,31.0,10.0,32.0,10.0
23566,31.0,10.0,27.0,17.0
23567,31.0,10.0,28.0,14.0
23568,31.0,10.0,31.0,10.0
23569,31.0,10.0,31.0,10.0
23570,31.0,10.0,30.0,13.0
23571,31.0,10.0,28.0,14.0
23572,31.0,10.0,26.0,12.0
23573,31.0,10.0,28.0,14.0
23574,31.0,10.0,31.0,10.0
23575,31.0,10.0,31.0,11.0
23576,31.0,10.0,28.0,14.0
23577,31.0,10.0,32.0,10.0
23578,31.0,10.0,30.0,13.0
23579,31.0,10.0,28.0,14.0
23580,31.0,10.0,31.0,11.0
23581,31.0,10.0,31.0,11.0
23582,31.0,10.0,31.0,10.0
23583,31.0,10.0,32.0,10.0
23584,31.0,10.0,31.0,11.0
23585,31.0,10.0,31.0,10.0
23586,31.0,10.0,31.0,10.0
23587,31.0,10.0,30.0,13.0
23588,31.0,10.0,27.0,17.0
23589,31.0,10.0,30.0,13.0
23590,31.0,10.0,31.0,10.0
23591,31.0,10.0,32.0,10.0
23592,31.0,10.0,27.0,17.0
23593,31.0,10.0,31.0,11.0
23594,31.0,10.0,26.0,12.0
23595,31.0,10.0,31.0,11.0
23596,31.0,10.0,27.0,17.0
23597,31.0,10.0,31.0,11.0
23598,31.0,10.0,27.0,17.0
23599,31.0,10.0,28.0,14.0
23600,31.0,10.0,26.0,12.0
23601,31.0,10.0,27.0,17.0
23602,31.0,10.0,31.0,10.0
23603,31.0,10.0,31.0,10.0
23604,31.0,10.0,30.0,13.0
23605,31.0,10.0,31.0,10.0
23606,31.0,10.0,31.0,10.0
23607,31.0,10.0,31.0,10.0
23608,31.0,10.0,31.0,11.0
23609,31.0,10.0,32.0,10.0
23610,31.0,10.0,31.0,11.0
23611,31.0,10.0,27.0,17.0
23612,31.0,10.0,27.0,17.0
23613,31.0,10.0,28.0,14.0
23614,31.0,10.0,31.0,11.0
23615,31.0,10.0,31.0,10.0
23616,31.0,10.0,32.0,10.0
23617,31.0,10.0,31.0,11.0
23618,31.0,10.0,28.0,14.0
23619,31.0,10.0,31.0,11.0
23620,31.0,10.0,31.0,10.0
23621,31.0,10.0,27.0,17.0
23622,31.0,10.0,26.0,12.0
23623,31.0,10.0,31.0,10.0
23624,31.0,10.0,26.0,12.0
23625,31.0,10.0,31.0,10.0
23626,31.0,10.0,31.0,11.0
23627,31.0,10.0,30.0,13.0
23628,31.0,10.0,31.0,10.0
23629,31.0,10.0,30.0,13.0
23630,31.0,10.0,26.0,12.0
23631,31.0,10.0,30.0,13.0
23632,31.0,10.0,31.0,11.0
23633,31.0,10.0,27.0,17.0
23634,31.0,10.0,27.0,17.0
23635,31.0,10.0,30.0,13.0
23636,31.0,10.0,31.0,10.0
23637,31.0,10.0,31.0,10.0
23638,31.0,10.0,27.0,17.0
23639,31.0,10.0,28.0,14.0
23640,31.0,10.0,27.0,17.0
23641,31.0,10.0,28.0,14.0
23642,31.0,10.0,31.0,10.0
23643,31.0,10.0,31.0,10.0
23644,31.0,10.0,28.0,14.0
23645,31.0,10.0,31.0,11.0
23646,31.0,10.0,32.0,10.0
23647,31.0,10.0,31.0,10.0
23648,31.0,10.0,28.0,14.0
23649,31.0,10.0,31.0,10.0
23650,31.0,10.0,27.0,17.0
23651,31.0,10.0,26.0,12.0
23652,31.0,10.0,31.0,11.0
23653,31.0,10.0,31.0,10.0
23654,31.0,10.0,31.0,10.0
23655,31.0,10.0,32.0,10.0
23656,31.0,10.0,31.0,11.0
23657,31.0,10.0,31.0,10.0
23658,31.0,10.0,32.0,10.0
23659,31.0,10.0,32.0,10.0
23660,31.0,10.0,32.0,10.0
23661,31.0,10.0,31.0,10.0
23662,31.0,10.0,28.0,14.0
23663,31.0,10.0,31.0,10.0
23664,31.0,10.0,32.0,10.0
23665,31.0,10.0,31.0,10.0
23666,31.0,10.0,30.0,13.0
23667,31.0,10.0,28.0,14.0
23668,31.0,10.0,30.0,13.0
23669,31.0,10.0,31.0,10.0
23670,31.0,10.0,31.0,11.0
23671,31.0,10.0,31.0,10.0
23672,31.0,10.0,31.0,10.0
23673,31.0,10.0,32.0,10.0
23674,31.0,10.0,31.0,10.0
23675,31.0,10.0,31.0,11.0
23676,31.0,10.0,32.0,10.0
23677,31.0,10.0,31.0,10.0
23678,31.0,10.0,26.0,12.0
23679,31.0,10.0,31.0,10.0
23680,31.0,10.0,32.0,10.0
23681,31.0,10.0,31.0,10.0
23682,31.0,10.0,28.0,14.0
23683,31.0,10.0,32.0,10.0
23684,31.0,10.0,26.0,12.0
23685,31.0,10.0,27.0,17.0
23686,31.0,10.0,26.0,12.0
23687,31.0,10.0,31.0,10.0
23688,31.0,10.0,30.0,13.0
23689,31.0,10.0,28.0,14.0
23690,31.0,10.0,26.0,12.0
23691,31.0,10.0,27.0,17.0
23692,31.0,10.0,30.0,13.0
23693,31.0,10.0,26.0,12.0
23694,31.0,10.0,32.0,10.0
23695,31.0,10.0,30.0,13.0
23696,31.0,10.0,27.0,17.0
23697,31.0,10.0,31.0,11.0
23698,31.0,10.0,31.0,11.0
23699,31.0,10.0,30.0,13.0
23700,31.0,10.0,30.0,13.0
23701,31.0,10.0,26.0,12.0
23702,31.0,10.0,31.0,10.0
23703,31.0,10.0,28.0,14.0
23704,31.0,10.0,31.0,10.0
23705,31.0,10.0,31.0,10.0
23706,31.0,10.0,32.0,10.0
23707,31.0,10.0,28.0,14.0
23708,31.0,10.0,30.0,13.0
23709,31.0,10.0,28.0,14.0
23710,31.0,10.0,32.0,10.0
23711,31.0,10.0,30.0,13.0
23712,31.0,10.0,31.0,10.0
23713,31.0,10.0,30.0,13.0
23714,31.0,10.0,30.0,13.0
23715,31.0,10.0,31.0,10.0
23716,31.0,10.0,31.0,11.0
23717,31.0,10.0,28.0,14.0
23718,31.0,10.0,26.0,12.0
23719,31.0,10.0,27.0,17.0
23720,31.0,10.0,31.0,10.0
23721,31.0,10.0,27.0,17.0
23722,31.0,10.0,31.0,10.0
23723,31.0,10.0,31.0,11.0
23724,31.0,10.0,28.0,14.0
23725,31.0,10.0,31.0,10.0
23726,31.0,10.0,28.0,14.0
23727,31.0,10.0,28.0,14.0
23728,31.0,10.0,31.0,10.0
23729,31.0,10.0,31.0,11.0
23730,31.0,10.0,28.0,14.0
23731,31.0,10.0,32.0,10.0
23732,31.0,10.0,26.0,12.0
23733,31.0,10.0,31.0,11.0
23734,31.0,10.0,31.0,10.0
23735,31.0,10.0,32.0,10.0
23736,31.0,10.0,26.0,12.0
23737,31.0,10.0,28.0,14.0
23738,31.0,10.0,30.0,13.0
23739,31.0,10.0,31.0,10.0
23740,31.0,10.0,31.0,10.0
23741,31.0,10.0,27.0,17.0
23742,31.0,10.0,31.0,10.0
23743,31.0,10.0,31.0,10.0
23744,31.0,10.0,30.0,13.0
23745,31.0,10.0,30.0,13.0
23746,31.0,10.0,31.0,10.0
23747,31.0,10.0,28.0,14.0
23748,31.0,10.0,26.0,12.0
23749,31.0,10.0,31.0,10.0
23750,31.0,10.0,28.0,14.0
23751,31.0,10.0,30.0,13.0
23752,31.0,10.0,31.0,10.0
23753,31.0,10.0,31.0,10.0
23754,31.0,10.0,31.0,10.0
23755,31.0,10.0,31.0,10.0
23756,31.0,10.0,27.0,17.0
23757,31.0,10.0,31.0,10.0
23758,31.0,10.0,31.0,10.0
23759,31.0,10.0,28.0,14.0
23760,31.0,10.0,26.0,12.0
23761,31.0,10.0,31.0,11.0
23762,31.0,10.0,27.0,17.0
23763,31.0,10.0,30.0,13.0
23764,31.0,10.0,32.0,10.0
23765,31.0,10.0,31.0,10.0
23766,31.0,10.0,26.0,12.0
23767,31.0,10.0,28.0,14.0
23768,31.0,10.0,32.0,10.0
23769,31.0,10.0,30.0,13.0
23770,31.0,10.0,31.0,10.0
23771,31.0,10.0,30.0,13.0
23772,31.0,10.0,27.0,17.0
23773,31.0,10.0,26.0,12.0
23774,31.0,10.0,27.0,17.0
23775,31.0,10.0,32.0,10.0
23776,31.0,10.0,27.0,17.0
23777,31.0,10.0,31.0,10.0
23778,31.0,10.0,28.0,14.0
23779,31.0,10.0,32.0,10.0
23780,31.0,10.0,27.0,17.0
23781,31.0,10.0,28.0,14.0
23782,31.0,10.0,31.0,10.0
23783,31.0,10.0,28.0,14.0
23784,31.0,10.0,26.0,12.0
23785,31.0,10.0,31.0,11.0
23786,31.0,10.0,26.0,12.0
23787,31.0,10.0,31.0,10.0
23788,31.0,10.0,28.0,14.0
23789,31.0,10.0,31.0,10.0
23790,31.0,10.0,31.0,10.0
23791,31.0,10.0,31.0,10.0
23792,31.0,10.0,32.0,10.0
23793,31.0,10.0,31.0,10.0
23794,31.0,10.0,31.0,10.0
23795,31.0,10.0,31.0,10.0
23796,31.0,10.0,27.0,17.0
23797,31.0,10.0,31.0,10.0
23798,31.0,10.0,31.0,11.0
23799,31.0,10.0,32.0,10.0
23800,31.0,10.0,31.0,11.0
23801,31.0,10.0,27.0,17.0
23802,31.0,10.0,31.0,10.0
23803,31.0,10.0,26.0,12.0
23804,31.0,10.0,26.0,12.0
23805,31.0,10.0,30.0,13.0
23806,31.0,10.0,31.0,10.0
23807,31.0,10.0,28.0,14.0
23808,31.0,10.0,31.0,10.0
23809,31.0,10.0,31.0,10.0
23810,31.0,10.0,31.0,10.0
23811,31.0,10.0,31.0,11.0
23812,31.0,10.0,28.0,14.0
23813,31.0,10.0,31.0,11.0
23814,31.0,10.0,27.0,17.0
23815,31.0,10.0,31.0,10.0
23816,31.0,10.0,28.0,14.0
23817,31.0,10.0,31.0,11.0
23818,31.0,10.0,28.0,14.0
23819,31.0,10.0,31.0,10.0
23820,31.0,10.0,28.0,14.0
23821,31.0,10.0,28.0,14.0
23822,31.0,10.0,26.0,12.0
23823,31.0,10.0,32.0,10.0
23824,31.0,10.0,31.0,10.0
23825,31.0,10.0,27.0,17.0
23826,31.0,10.0,31.0,10.0
23827,31.0,10.0,31.0,11.0
23828,31.0,10.0,27.0,17.0
23829,31.0,10.0,28.0,14.0
23830,31.0,10.0,31.0,11.0
23831,31.0,10.0,26.0,12.0
23832,31.0,10.0,27.0,17.0
23833,31.0,10.0,27.0,17.0
23834,31.0,10.0,31.0,10.0
23835,31.0,10.0,32.0,10.0
23836,31.0,10.0,31.0,10.0
23837,31.0,10.0,32.0,10.0
23838,31.0,10.0,27.0,17.0
23839,31.0,10.0,26.0,12.0
23840,31.0,10.0,30.0,13.0
23841,31.0,10.0,31.0,10.0
23842,31.0,10.0,31.0,10.0
23843,31.0,10.0,27.0,17.0
23844,31.0,10.0,30.0,13.0
23845,31.0,10.0,30.0,13.0
23846,31.0,10.0,28.0,14.0
23847,31.0,10.0,28.0,14.0
23848,31.0,10.0,28.0,14.0
23849,31.0,10.0,27.0,17.0
23850,31.0,10.0,30.0,13.0
23851,31.0,10.0,31.0,10.0
23852,31.0,10.0,26.0,12.0
23853,31.0,10.0,31.0,11.0
23854,31.0,10.0,26.0,12.0
23855,31.0,10.0,31.0,10.0
23856,31.0,10.0,30.0,13.0
23857,31.0,10.0,26.0,12.0
23858,31.0,10.0,31.0,10.0
23859,31.0,10.0,27.0,17.0
23860,31.0,10.0,26.0,12.0
23861,31.0,10.0,31.0,10.0
23862,31.0,10.0,27.0,17.0
23863,31.0,10.0,26.0,12.0
23864,31.0,10.0,31.0,11.0
23865,31.0,10.0,28.0,14.0
23866,31.0,10.0,31.0,10.0
23867,31.0,10.0,30.0,13.0
23868,31.0,10.0,31.0,11.0
23869,31.0,10.0,32.0,10.0
23870,31.0,10.0,31.0,10.0
23871,31.0,10.0,31.0,10.0
23872,31.0,10.0,32.0,10.0
23873,31.0,10.0,31.0,10.0
23874,31.0,10.0,26.0,12.0
23875,31.0,10.0,32.0,10.0
23876,31.0,10.0,31.0,10.0
23877,31.0,10.0,30.0,13.0
23878,31.0,10.0,31.0,10.0
23879,31.0,10.0,27.0,17.0
23880,31.0,10.0,30.0,13.0
23881,31.0,10.0,26.0,12.0
23882,31.0,10.0,31.0,10.0
23883,31.0,10.0,31.0,10.0
23884,31.0,10.0,30.0,13.0
23885,31.0,10.0,31.0,10.0
23886,31.0,10.0,28.0,14.0
23887,31.0,10.0,30.0,13.0
23888,31.0,10.0,31.0,11.0
23889,31.0,10.0,31.0,11.0
23890,31.0,10.0,31.0,10.0
23891,31.0,10.0,31.0,11.0
23892,31.0,10.0,31.0,11.0
23893,31.0,10.0,28.0,14.0
23894,31.0,10.0,27.0,17.0
23895,31.0,10.0,28.0,14.0
23896,31.0,10.0,31.0,10.0
23897,31.0,10.0,27.0,17.0
23898,31.0,10.0,31.0,10.0
23899,31.0,10.0,31.0,11.0
23900,31.0,10.0,31.0,10.0
23901,31.0,10.0,31.0,10.0
23902,31.0,10.0,31.0,10.0
23903,31.0,10.0,30.0,13.0
23904,31.0,10.0,26.0,12.0
23905,31.0,10.0,31.0,10.0
23906,31.0,10.0,32.0,10.0
23907,31.0,10.0,31.0,10.0
23908,31.0,10.0,27.0,17.0
23909,31.0,10.0,31.0,10.0
23910,31.0,10.0,28.0,14.0
23911,31.0,10.0,28.0,14.0
23912,31.0,10.0,31.0,11.0
23913,31.0,10.0,30.0,13.0
23914,31.0,10.0,32.0,10.0
23915,31.0,10.0,31.0,10.0
23916,31.0,10.0,31.0,10.0
23917,31.0,10.0,28.0,14.0
23918,31.0,10.0,31.0,10.0
23919,31.0,10.0,28.0,14.0
23920,31.0,10.0,30.0,13.0
23921,31.0,10.0,26.0,12.0
23922,31.0,10.0,30.0,13.0
23923,31.0,10.0,28.0,14.0
23924,31.0,10.0,30.0,13.0
23925,31.0,10.0,32.0,10.0
23926,31.0,10.0,32.0,10.0
23927,31.0,10.0,26.0,12.0
23928,31.0,10.0,31.0,10.0
23929,31.0,10.0,30.0,13.0
23930,31.0,10.0,31.0,10.0
23931,31.0,10.0,28.0,14.0
23932,31.0,10.0,28.0,14.0
23933,31.0,10.0,26.0,12.0
23934,31.0,10.0,27.0,17.0
23935,31.0,10.0,30.0,13.0
23936,31.0,10.0,32.0,10.0
23937,31.0,10.0,30.0,13.0
23938,31.0,10.0,32.0,10.0
23939,31.0,10.0,27.0,17.0
23940,31.0,10.0,27.0,17.0
23941,31.0,10.0,31.0,10.0
23942,31.0,10.0,27.0,17.0
23943,31.0,10.0,31.0,10.0
23944,31.0,10.0,26.0,12.0
23945,31.0,10.0,31.0,10.0
23946,31.0,10.0,30.0,13.0
23947,31.0,10.0,26.0,12.0
23948,31.0,10.0,30.0,13.0
23949,31.0,10.0,28.0,14.0
23950,31.0,10.0,31.0,10.0
23951,31.0,10.0,26.0,12.0
23952,31.0,10.0,26.0,12.0
23953,31.0,10.0,31.0,11.0
23954,31.0,10.0,30.0,13.0
23955,31.0,10.0,26.0,12.0
23956,31.0,10.0,32.0,10.0
23957,31.0,10.0,30.0,13.0
23958,31.0,10.0,28.0,14.0
23959,31.0,10.0,32.0,10.0
23960,31.0,10.0,27.0,17.0
23961,31.0,10.0,31.0,10.0
23962,31.0,10.0,31.0,10.0
23963,31.0,10.0,31.0,11.0
23964,31.0,10.0,31.0,10.0
23965,31.0,10.0,26.0,12.0
23966,31.0,10.0,28.0,14.0
23967,31.0,10.0,27.0,17.0
23968,31.0,10.0,27.0,17.0
23969,31.0,10.0,32.0,10.0
23970,31.0,10.0,30.0,13.0
23971,31.0,10.0,31.0,10.0
23972,31.0,10.0,32.0,10.0
23973,31.0,10.0,32.0,10.0
23974,31.0,10.0,31.0,10.0
23975,31.0,10.0,31.0,10.0
23976,31.0,10.0,26.0,12.0
23977,31.0,10.0,31.0,10.0
23978,31.0,10.0,31.0,11.0
23979,31.0,10.0,30.0,13.0
23980,31.0,10.0,28.0,14.0
23981,31.0,10.0,26.0,12.0
23982,31.0,10.0,32.0,10.0
23983,31.0,10.0,31.0,10.0
23984,31.0,10.0,31.0,10.0
23985,31.0,10.0,28.0,14.0
23986,31.0,10.0,31.0,11.0
23987,31.0,10.0,31.0,10.0
23988,31.0,10.0,26.0,12.0
23989,31.0,10.0,31.0,10.0
23990,31.0,10.0,26.0,12.0
23991,31.0,10.0,32.0,10.0
23992,31.0,10.0,31.0,10.0
23993,31.0,10.0,31.0,10.0
23994,31.0,10.0,31.0,11.0
23995,31.0,10.0,28.0,14.0
23996,31.0,10.0,28.0,14.0
23997,31.0,10.0,31.0,10.0
23998,31.0,10.0,31.0,10.0
23999,31.0,10.0,31.0,10.0
24000,31.0,10.0,31.0,10.0
24001,31.0,10.0,30.0,13.0
24002,31.0,10.0,32.0,10.0
24003,31.0,10.0,30.0,13.0
24004,31.0,10.0,26.0,12.0
24005,31.0,10.0,28.0,14.0
24006,31.0,10.0,30.0,13.0
24007,31.0,10.0,27.0,17.0
24008,31.0,10.0,28.0,14.0
24009,31.0,10.0,30.0,13.0
24010,31.0,10.0,30.0,13.0
24011,31.0,10.0,31.0,10.0
24012,31.0,10.0,32.0,10.0
24013,31.0,10.0,30.0,13.0
24014,31.0,10.0,31.0,10.0
24015,31.0,10.0,31.0,11.0
24016,31.0,10.0,32.0,10.0
24017,31.0,10.0,31.0,10.0
24018,31.0,10.0,28.0,14.0
24019,31.0,10.0,31.0,10.0
24020,31.0,10.0,31.0,11.0
24021,31.0,10.0,31.0,11.0
24022,31.0,10.0,28.0,14.0
24023,31.0,10.0,31.0,10.0
24024,31.0,10.0,30.0,13.0
24025,31.0,10.0,31.0,10.0
24026,31.0,10.0,31.0,10.0
24027,31.0,10.0,27.0,17.0
24028,31.0,10.0,32.0,10.0
24029,31.0,10.0,28.0,14.0
24030,31.0,10.0,27.0,17.0
24031,31.0,10.0,28.0,14.0
24032,31.0,10.0,30.0,13.0
24033,31.0,10.0,32.0,10.0
24034,31.0,10.0,26.0,12.0
24035,31.0,10.0,31.0,11.0
24036,31.0,10.0,30.0,13.0
24037,31.0,10.0,28.0,14.0
24038,31.0,10.0,28.0,14.0
24039,31.0,10.0,31.0,10.0
24040,31.0,10.0,27.0,17.0
24041,31.0,10.0,30.0,13.0
24042,31.0,10.0,30.0,13.0
24043,31.0,10.0,28.0,14.0
24044,31.0,10.0,28.0,14.0
24045,31.0,10.0,31.0,10.0
24046,31.0,10.0,26.0,12.0
24047,31.0,10.0,32.0,10.0
24048,31.0,10.0,27.0,17.0
24049,31.0,10.0,30.0,13.0
24050,31.0,10.0,26.0,12.0
24051,31.0,10.0,31.0,10.0
24052,31.0,10.0,28.0,14.0
24053,31.0,10.0,31.0,11.0
24054,31.0,10.0,31.0,11.0
24055,31.0,10.0,31.0,10.0
24056,31.0,10.0,32.0,10.0
24057,31.0,10.0,28.0,14.0
24058,31.0,10.0,31.0,10.0
24059,31.0,10.0,26.0,12.0
24060,31.0,10.0,27.0,17.0
24061,31.0,10.0,28.0,14.0
24062,31.0,10.0,28.0,14.0
24063,31.0,10.0,28.0,14.0
24064,31.0,10.0,28.0,14.0
24065,31.0,10.0,28.0,14.0
24066,31.0,10.0,27.0,17.0
24067,31.0,10.0,31.0,10.0
24068,31.0,10.0,27.0,17.0
24069,31.0,10.0,31.0,10.0
24070,31.0,10.0,26.0,12.0
24071,31.0,10.0,31.0,10.0
24072,31.0,10.0,32.0,10.0
24073,31.0,10.0,30.0,13.0
24074,31.0,10.0,27.0,17.0
24075,31.0,10.0,31.0,11.0
24076,31.0,10.0,31.0,10.0
24077,31.0,10.0,27.0,17.0
24078,31.0,10.0,31.0,11.0
24079,31.0,10.0,31.0,10.0
24080,31.0,10.0,31.0,10.0
24081,31.0,10.0,32.0,10.0
24082,31.0,10.0,30.0,13.0
24083,31.0,10.0,31.0,10.0
24084,31.0,10.0,31.0,10.0
24085,31.0,10.0,31.0,11.0
24086,31.0,10.0,31.0,11.0
24087,31.0,10.0,31.0,11.0
24088,31.0,10.0,31.0,10.0
24089,31.0,10.0,31.0,11.0
24090,31.0,10.0,30.0,13.0
24091,31.0,10.0,28.0,14.0
24092,31.0,10.0,31.0,10.0
24093,31.0,10.0,31.0,10.0
24094,31.0,10.0,27.0,17.0
24095,31.0,10.0,31.0,10.0
24096,31.0,10.0,31.0,10.0
24097,31.0,10.0,32.0,10.0
24098,31.0,10.0,31.0,11.0
24099,31.0,10.0,31.0,10.0
24100,31.0,10.0,28.0,14.0
24101,31.0,10.0,31.0,10.0
24102,31.0,10.0,30.0,13.0
24103,31.0,10.0,31.0,10.0
24104,31.0,10.0,31.0,11.0
24105,31.0,10.0,31.0,11.0
24106,31.0,10.0,31.0,10.0
24107,31.0,10.0,27.0,17.0
24108,31.0,10.0,31.0,10.0
24109,31.0,10.0,27.0,17.0
24110,31.0,10.0,31.0,10.0
24111,31.0,10.0,26.0,12.0
24112,31.0,10.0,27.0,17.0
24113,31.0,10.0,31.0,11.0
24114,31.0,10.0,27.0,17.0
24115,31.0,10.0,26.0,12.0
24116,31.0,10.0,30.0,13.0
24117,31.0,10.0,27.0,17.0
24118,31.0,10.0,28.0,14.0
24119,31.0,10.0,31.0,10.0
24120,31.0,10.0,31.0,10.0
24121,31.0,10.0,30.0,13.0
24122,31.0,10.0,31.0,10.0
24123,31.0,10.0,32.0,10.0
24124,31.0,10.0,26.0,12.0
24125,31.0,10.0,31.0,11.0
24126,31.0,10.0,31.0,10.0
24127,31.0,10.0,27.0,17.0
24128,31.0,10.0,26.0,12.0
24129,31.0,10.0,26.0,12.0
24130,31.0,10.0,31.0,10.0
24131,31.0,10.0,31.0,11.0
24132,31.0,10.0,31.0,10.0
24133,31.0,10.0,31.0,10.0
24134,31.0,10.0,31.0,10.0
24135,31.0,10.0,28.0,14.0
24136,31.0,10.0,30.0,13.0
24137,31.0,10.0,31.0,10.0
24138,31.0,10.0,31.0,10.0
24139,31.0,10.0,26.0,12.0
24140,31.0,10.0,31.0,10.0
24141,31.0,10.0,31.0,10.0
24142,31.0,10.0,31.0,10.0
24143,31.0,10.0,28.0,14.0
24144,31.0,10.0,31.0,11.0
24145,31.0,10.0,31.0,11.0
24146,31.0,10.0,27.0,17.0
24147,31.0,10.0,30.0,13.0
24148,31.0,10.0,30.0,13.0
24149,31.0,10.0,30.0,13.0
24150,31.0,10.0,31.0,10.0
24151,31.0,10.0,32.0,10.0
24152,31.0,10.0,31.0,10.0
24153,31.0,10.0,31.0,10.0
24154,31.0,10.0,27.0,17.0
24155,31.0,10.0,26.0,12.0
24156,31.0,10.0,31.0,11.0
24157,31.0,10.0,28.0,14.0
24158,31.0,10.0,28.0,14.0
24159,31.0,10.0,31.0,10.0
24160,31.0,10.0,32.0,10.0
24161,31.0,10.0,26.0,12.0
24162,31.0,10.0,30.0,13.0
24163,31.0,10.0,30.0,13.0
24164,31.0,10.0,26.0,12.0
24165,31.0,10.0,27.0,17.0
24166,31.0,10.0,26.0,12.0
24167,31.0,10.0,26.0,12.0
24168,31.0,10.0,31.0,10.0
24169,31.0,10.0,32.0,10.0
24170,31.0,10.0,28.0,14.0
24171,31.0,10.0,31.0,11.0
24172,31.0,10.0,27.0,17.0
24173,31.0,10.0,32.0,10.0
24174,31.0,10.0,30.0,13.0
24175,31.0,10.0,31.0,10.0
24176,31.0,10.0,32.0,10.0
24177,31.0,10.0,30.0,13.0
24178,31.0,10.0,26.0,12.0
24179,31.0,10.0,31.0,10.0
24180,31.0,10.0,27.0,17.0
24181,31.0,10.0,27.0,17.0
24182,31.0,10.0,31.0,10.0
24183,31.0,10.0,31.0,10.0
24184,31.0,10.0,26.0,12.0
24185,31.0,10.0,31.0,11.0
24186,31.0,10.0,26.0,12.0
24187,31.0,10.0,28.0,14.0
24188,31.0,10.0,28.0,14.0
24189,31.0,10.0,31.0,10.0
24190,31.0,10.0,27.0,17.0
24191,31.0,10.0,31.0,10.0
24192,31.0,10.0,31.0,10.0
24193,31.0,10.0,27.0,17.0
24194,31.0,10.0,30.0,13.0
24195,31.0,10.0,31.0,10.0
24196,31.0,10.0,31.0,11.0
24197,31.0,10.0,31.0,10.0
24198,31.0,10.0,28.0,14.0
24199,31.0,10.0,32.0,10.0
24200,31.0,10.0,31.0,11.0
24201,31.0,10.0,27.0,17.0
24202,31.0,10.0,30.0,13.0
24203,31.0,10.0,28.0,14.0
24204,31.0,10.0,32.0,10.0
24205,31.0,10.0,31.0,10.0
24206,31.0,10.0,31.0,11.0
24207,31.0,10.0,32.0,10.0
24208,31.0,10.0,27.0,17.0
24209,31.0,10.0,26.0,12.0
24210,31.0,10.0,26.0,12.0
24211,31.0,10.0,31.0,10.0
24212,31.0,10.0,32.0,10.0
24213,31.0,10.0,31.0,10.0
24214,31.0,10.0,31.0,10.0
24215,31.0,10.0,27.0,17.0
24216,31.0,10.0,28.0,14.0
24217,31.0,10.0,28.0,14.0
24218,31.0,10.0,27.0,17.0
24219,31.0,10.0,32.0,10.0
24220,31.0,10.0,26.0,12.0
24221,31.0,10.0,28.0,14.0
24222,31.0,10.0,26.0,12.0
24223,31.0,10.0,30.0,13.0
24224,31.0,10.0,30.0,13.0
24225,31.0,10.0,30.0,13.0
24226,31.0,10.0,28.0,14.0
24227,31.0,10.0,32.0,10.0
24228,31.0,10.0,31.0,10.0
24229,31.0,10.0,27.0,17.0
24230,31.0,10.0,31.0,10.0
24231,31.0,10.0,31.0,10.0
24232,31.0,10.0,31.0,10.0
24233,31.0,10.0,28.0,14.0
24234,31.0,10.0,31.0,10.0
24235,31.0,10.0,31.0,10.0
24236,31.0,10.0,32.0,10.0
24237,31.0,10.0,31.0,10.0
24238,31.0,10.0,30.0,13.0
24239,31.0,10.0,30.0,13.0
24240,31.0,10.0,32.0,10.0
24241,31.0,10.0,31.0,11.0
24242,31.0,10.0,31.0,10.0
24243,31.0,10.0,31.0,10.0
24244,31.0,10.0,30.0,13.0
24245,31.0,10.0,26.0,12.0
24246,31.0,10.0,32.0,10.0
24247,31.0,10.0,27.0,17.0
24248,31.0,10.0,26.0,12.0
24249,31.0,10.0,30.0,13.0
24250,31.0,10.0,32.0,10.0
24251,31.0,10.0,31.0,10.0
24252,31.0,10.0,32.0,10.0
24253,31.0,10.0,31.0,10.0
24254,31.0,10.0,31.0,10.0
24255,31.0,10.0,31.0,11.0
24256,31.0,10.0,31.0,10.0
24257,31.0,10.0,26.0,12.0
24258,31.0,10.0,30.0,13.0
24259,31.0,10.0,27.0,17.0
24260,31.0,10.0,31.0,10.0
24261,31.0,10.0,26.0,12.0
24262,31.0,10.0,27.0,17.0
24263,31.0,10.0,30.0,13.0
24264,31.0,10.0,31.0,10.0
24265,31.0,10.0,26.0,12.0
24266,31.0,10.0,28.0,14.0
24267,31.0,10.0,31.0,10.0
24268,31.0,10.0,28.0,14.0
24269,31.0,10.0,31.0,10.0
24270,31.0,10.0,28.0,14.0
24271,31.0,10.0,27.0,17.0
24272,31.0,10.0,27.0,17.0
24273,31.0,10.0,31.0,10.0
24274,31.0,10.0,26.0,12.0
24275,31.0,10.0,30.0,13.0
24276,31.0,10.0,30.0,13.0
24277,31.0,10.0,31.0,10.0
24278,31.0,10.0,27.0,17.0
24279,31.0,10.0,31.0,11.0
24280,31.0,10.0,27.0,17.0
24281,31.0,10.0,27.0,17.0
24282,31.0,10.0,31.0,11.0
24283,31.0,10.0,26.0,12.0
24284,31.0,10.0,31.0,10.0
24285,31.0,10.0,32.0,10.0
24286,31.0,10.0,32.0,10.0
24287,31.0,10.0,31.0,10.0
24288,31.0,10.0,31.0,10.0
24289,31.0,10.0,26.0,12.0
24290,31.0,10.0,31.0,10.0
24291,31.0,10.0,31.0,10.0
24292,31.0,10.0,26.0,12.0
24293,31.0,10.0,31.0,10.0
24294,31.0,10.0,32.0,10.0
24295,31.0,10.0,31.0,11.0
24296,31.0,10.0,30.0,13.0
24297,31.0,10.0,31.0,11.0
24298,31.0,10.0,31.0,10.0
24299,31.0,10.0,27.0,17.0
24300,31.0,10.0,28.0,14.0
24301,31.0,10.0,30.0,13.0
24302,31.0,10.0,30.0,13.0
24303,31.0,10.0,27.0,17.0
24304,31.0,10.0,31.0,10.0
24305,31.0,10.0,31.0,10.0
24306,31.0,10.0,31.0,10.0
24307,31.0,10.0,28.0,14.0
24308,31.0,10.0,27.0,17.0
24309,31.0,10.0,26.0,12.0
24310,31.0,10.0,27.0,17.0
24311,31.0,10.0,31.0,10.0
24312,31.0,10.0,30.0,13.0
24313,31.0,10.0,26.0,12.0
24314,31.0,10.0,28.0,14.0
24315,31.0,10.0,31.0,11.0
24316,31.0,10.0,28.0,14.0
24317,31.0,10.0,31.0,10.0
24318,31.0,10.0,31.0,10.0
24319,31.0,10.0,30.0,13.0
24320,31.0,10.0,31.0,10.0
24321,31.0,10.0,30.0,13.0
24322,31.0,10.0,31.0,10.0
24323,31.0,10.0,26.0,12.0
24324,31.0,10.0,27.0,17.0
24325,31.0,10.0,26.0,12.0
24326,31.0,10.0,27.0,17.0
24327,31.0,10.0,31.0,10.0
24328,31.0,10.0,31.0,10.0
24329,31.0,10.0,28.0,14.0
24330,31.0,10.0,31.0,10.0
24331,31.0,10.0,27.0,17.0
24332,31.0,10.0,31.0,10.0
24333,31.0,10.0,27.0,17.0
24334,31.0,10.0,31.0,11.0
24335,31.0,10.0,31.0,10.0
24336,31.0,10.0,26.0,12.0
24337,31.0,10.0,30.0,13.0
24338,31.0,10.0,31.0,10.0
24339,31.0,10.0,28.0,14.0
24340,31.0,10.0,31.0,11.0
24341,31.0,10.0,28.0,14.0
24342,31.0,10.0,32.0,10.0
24343,31.0,10.0,26.0,12.0
24344,31.0,10.0,28.0,14.0
24345,31.0,10.0,31.0,10.0
24346,31.0,10.0,28.0,14.0
24347,31.0,10.0,32.0,10.0
24348,31.0,10.0,32.0,10.0
24349,31.0,10.0,26.0,12.0
24350,31.0,10.0,32.0,10.0
24351,31.0,10.0,28.0,14.0
24352,31.0,10.0,28.0,14.0
24353,31.0,10.0,30.0,13.0
24354,31.0,10.0,26.0,12.0
24355,31.0,10.0,31.0,10.0
24356,31.0,10.0,32.0,10.0
24357,31.0,10.0,26.0,12.0
24358,31.0,10.0,31.0,10.0
24359,31.0,10.0,32.0,10.0
24360,31.0,10.0,31.0,11.0
24361,31.0,10.0,26.0,12.0
24362,31.0,10.0,27.0,17.0
24363,31.0,10.0,26.0,12.0
24364,31.0,10.0,31.0,10.0
24365,31.0,10.0,28.0,14.0
24366,31.0,10.0,31.0,11.0
24367,31.0,10.0,26.0,12.0
24368,31.0,10.0,28.0,14.0
24369,31.0,10.0,31.0,10.0
24370,31.0,10.0,31.0,10.0
24371,31.0,10.0,28.0,14.0
24372,31.0,10.0,31.0,10.0
24373,31.0,10.0,28.0,14.0
24374,31.0,10.0,30.0,13.0
24375,31.0,10.0,31.0,10.0
24376,31.0,10.0,28.0,14.0
24377,31.0,10.0,28.0,14.0
24378,31.0,10.0,31.0,10.0
24379,31.0,10.0,32.0,10.0
24380,31.0,10.0,28.0,14.0
24381,31.0,10.0,31.0,10.0
24382,31.0,10.0,28.0,14.0
24383,31.0,10.0,28.0,14.0
24384,31.0,10.0,32.0,10.0
24385,31.0,10.0,30.0,13.0
24386,31.0,10.0,31.0,10.0
24387,31.0,10.0,31.0,11.0
24388,31.0,10.0,31.0,11.0
24389,31.0,10.0,27.0,17.0
24390,31.0,10.0,30.0,13.0
24391,31.0,10.0,27.0,17.0
24392,31.0,10.0,26.0,12.0
24393,31.0,10.0,28.0,14.0
24394,31.0,10.0,26.0,12.0
24395,31.0,10.0,32.0,10.0
24396,31.0,10.0,28.0,14.0
24397,31.0,10.0,28.0,14.0
24398,31.0,10.0,31.0,10.0
24399,31.0,10.0,31.0,10.0
24400,31.0,10.0,26.0,12.0
24401,31.0,10.0,28.0,14.0
24402,31.0,10.0,27.0,17.0
24403,31.0,10.0,31.0,10.0
24404,31.0,10.0,27.0,17.0
24405,31.0,10.0,27.0,17.0
24406,31.0,10.0,31.0,10.0
24407,31.0,10.0,31.0,10.0
24408,31.0,10.0,31.0,10.0
24409,31.0,10.0,31.0,10.0
24410,31.0,10.0,31.0,11.0
24411,31.0,10.0,31.0,10.0
24412,31.0,10.0,26.0,12.0
24413,31.0,10.0,26.0,12.0
24414,31.0,10.0,31.0,11.0
24415,31.0,10.0,31.0,10.0
24416,31.0,10.0,32.0,10.0
24417,31.0,10.0,31.0,11.0
24418,31.0,10.0,26.0,12.0
24419,31.0,10.0,31.0,10.0
24420,31.0,10.0,30.0,13.0
24421,31.0,10.0,27.0,17.0
24422,31.0,10.0,31.0,10.0
24423,31.0,10.0,32.0,10.0
24424,31.0,10.0,30.0,13.0
24425,31.0,10.0,32.0,10.0
24426,31.0,10.0,32.0,10.0
24427,31.0,10.0,31.0,11.0
24428,31.0,10.0,27.0,17.0
24429,31.0,10.0,30.0,13.0
24430,31.0,10.0,32.0,10.0
24431,31.0,10.0,28.0,14.0
24432,31.0,10.0,26.0,12.0
24433,31.0,10.0,31.0,10.0
24434,31.0,10.0,30.0,13.0
24435,31.0,10.0,32.0,10.0
24436,31.0,10.0,31.0,11.0
24437,31.0,10.0,28.0,14.0
24438,31.0,10.0,31.0,11.0
24439,31.0,10.0,27.0,17.0
24440,31.0,10.0,32.0,10.0
24441,31.0,10.0,27.0,17.0
24442,31.0,10.0,31.0,11.0
24443,31.0,10.0,31.0,11.0
24444,31.0,10.0,28.0,14.0
24445,31.0,10.0,32.0,10.0
24446,31.0,10.0,28.0,14.0
24447,31.0,10.0,31.0,10.0
24448,31.0,10.0,28.0,14.0
24449,31.0,10.0,28.0,14.0
24450,31.0,10.0,31.0,10.0
24451,31.0,10.0,30.0,13.0
24452,31.0,10.0,28.0,14.0
24453,31.0,10.0,26.0,12.0
24454,31.0,10.0,31.0,11.0
24455,31.0,10.0,30.0,13.0
24456,31.0,10.0,27.0,17.0
24457,31.0,10.0,31.0,10.0
24458,31.0,10.0,31.0,11.0
24459,31.0,10.0,31.0,10.0
24460,31.0,10.0,31.0,10.0
24461,31.0,10.0,31.0,10.0
24462,31.0,10.0,28.0,14.0
24463,31.0,10.0,30.0,13.0
24464,31.0,10.0,26.0,12.0
24465,31.0,10.0,28.0,14.0
24466,31.0,10.0,28.0,14.0
24467,31.0,10.0,31.0,10.0
24468,31.0,10.0,28.0,14.0
24469,31.0,10.0,31.0,10.0
24470,31.0,10.0,31.0,10.0
24471,31.0,10.0,26.0,12.0
24472,31.0,10.0,27.0,17.0
24473,31.0,10.0,27.0,17.0
24474,31.0,10.0,30.0,13.0
24475,31.0,10.0,31.0,10.0
24476,31.0,10.0,31.0,10.0
24477,31.0,10.0,32.0,10.0
24478,31.0,10.0,31.0,10.0
24479,31.0,10.0,30.0,13.0
24480,31.0,10.0,32.0,10.0
24481,31.0,10.0,31.0,10.0
24482,31.0,10.0,28.0,14.0
24483,31.0,10.0,26.0,12.0
24484,31.0,10.0,28.0,14.0
24485,31.0,10.0,31.0,11.0
24486,31.0,10.0,31.0,11.0
24487,31.0,10.0,26.0,12.0
24488,31.0,10.0,32.0,10.0
24489,31.0,10.0,31.0,10.0
24490,31.0,10.0,31.0,10.0
24491,31.0,10.0,28.0,14.0
24492,31.0,10.0,31.0,10.0
24493,31.0,10.0,31.0,10.0
24494,31.0,10.0,28.0,14.0
24495,31.0,10.0,31.0,11.0
24496,31.0,10.0,32.0,10.0
24497,31.0,10.0,31.0,11.0
24498,31.0,10.0,32.0,10.0
24499,31.0,10.0,27.0,17.0
24500,31.0,10.0,32.0,10.0
24501,31.0,10.0,30.0,13.0
24502,31.0,10.0,30.0,13.0
24503,31.0,10.0,26.0,12.0
24504,31.0,10.0,31.0,10.0
24505,31.0,10.0,31.0,10.0
24506,31.0,10.0,31.0,11.0
24507,31.0,10.0,31.0,10.0
24508,31.0,10.0,31.0,10.0
24509,31.0,10.0,27.0,17.0
24510,31.0,10.0,31.0,10.0
24511,31.0,10.0,28.0,14.0
24512,31.0,10.0,31.0,10.0
24513,31.0,10.0,28.0,14.0
24514,31.0,10.0,30.0,13.0
24515,31.0,10.0,28.0,14.0
24516,31.0,10.0,28.0,14.0
24517,31.0,10.0,30.0,13.0
24518,31.0,10.0,31.0,10.0
24519,31.0,10.0,28.0,14.0
24520,31.0,10.0,30.0,13.0
24521,31.0,10.0,28.0,14.0
24522,31.0,10.0,32.0,10.0
24523,31.0,10.0,31.0,10.0
24524,31.0,10.0,28.0,14.0
24525,31.0,10.0,26.0,12.0
24526,31.0,10.0,31.0,10.0
24527,31.0,10.0,32.0,10.0
24528,31.0,10.0,31.0,11.0
24529,31.0,10.0,31.0,10.0
24530,31.0,10.0,31.0,10.0
24531,31.0,10.0,30.0,13.0
24532,31.0,10.0,28.0,14.0
24533,31.0,10.0,28.0,14.0
24534,31.0,10.0,31.0,11.0
24535,31.0,10.0,30.0,13.0
24536,31.0,10.0,28.0,14.0
24537,31.0,10.0,32.0,10.0
24538,31.0,10.0,30.0,13.0
24539,31.0,10.0,31.0,11.0
24540,31.0,10.0,28.0,14.0
24541,31.0,10.0,31.0,11.0
24542,31.0,10.0,31.0,10.0
24543,31.0,10.0,31.0,11.0
24544,31.0,10.0,26.0,12.0
24545,31.0,10.0,30.0,13.0
24546,31.0,10.0,31.0,10.0
24547,31.0,10.0,32.0,10.0
24548,31.0,10.0,31.0,10.0
24549,31.0,10.0,28.0,14.0
24550,31.0,10.0,27.0,17.0
24551,31.0,10.0,31.0,11.0
24552,31.0,10.0,26.0,12.0
24553,31.0,10.0,32.0,10.0
24554,31.0,10.0,31.0,11.0
24555,31.0,10.0,31.0,11.0
24556,31.0,10.0,27.0,17.0
24557,31.0,10.0,31.0,10.0
24558,31.0,10.0,28.0,14.0
24559,31.0,10.0,26.0,12.0
24560,31.0,10.0,32.0,10.0
24561,31.0,10.0,31.0,11.0
24562,31.0,10.0,27.0,17.0
24563,31.0,10.0,27.0,17.0
24564,31.0,10.0,31.0,10.0
24565,31.0,10.0,31.0,10.0
24566,31.0,10.0,31.0,10.0
24567,31.0,10.0,31.0,10.0
24568,31.0,10.0,31.0,11.0
24569,31.0,10.0,27.0,17.0
24570,31.0,10.0,26.0,12.0
24571,31.0,10.0,31.0,11.0
24572,31.0,10.0,32.0,10.0
24573,31.0,10.0,31.0,10.0
24574,31.0,10.0,27.0,17.0
24575,31.0,10.0,27.0,17.0
24576,31.0,10.0,32.0,10.0
24577,31.0,10.0,32.0,10.0
24578,31.0,10.0,31.0,10.0
24579,31.0,10.0,32.0,10.0
24580,31.0,10.0,31.0,10.0
24581,31.0,10.0,31.0,11.0
24582,31.0,10.0,31.0,11.0
24583,31.0,10.0,31.0,10.0
24584,31.0,10.0,30.0,13.0
24585,31.0,10.0,26.0,12.0
24586,31.0,10.0,32.0,10.0
24587,31.0,10.0,27.0,17.0
24588,31.0,10.0,31.0,10.0
24589,31.0,10.0,28.0,14.0
24590,31.0,10.0,31.0,10.0
24591,31.0,10.0,27.0,17.0
24592,31.0,10.0,31.0,10.0
24593,31.0,10.0,31.0,11.0
24594,31.0,10.0,32.0,10.0
24595,31.0,10.0,28.0,14.0
24596,31.0,10.0,31.0,11.0
24597,31.0,10.0,31.0,11.0
24598,31.0,10.0,31.0,10.0
24599,31.0,10.0,27.0,17.0
24600,31.0,10.0,30.0,13.0
24601,31.0,10.0,26.0,12.0
24602,31.0,10.0,28.0,14.0
24603,31.0,10.0,28.0,14.0
24604,31.0,10.0,31.0,10.0
24605,31.0,10.0,31.0,10.0
24606,31.0,10.0,27.0,17.0
24607,31.0,10.0,32.0,10.0
24608,31.0,10.0,30.0,13.0
24609,31.0,10.0,31.0,11.0
24610,31.0,10.0,31.0,11.0
24611,31.0,10.0,26.0,12.0
24612,31.0,10.0,32.0,10.0
24613,31.0,10.0,31.0,10.0
24614,31.0,10.0,31.0,10.0
24615,31.0,10.0,31.0,10.0
24616,31.0,10.0,31.0,10.0
24617,31.0,10.0,31.0,10.0
24618,31.0,10.0,26.0,12.0
24619,31.0,10.0,31.0,10.0
24620,31.0,10.0,31.0,10.0
24621,31.0,10.0,30.0,13.0
24622,31.0,10.0,31.0,11.0
24623,31.0,10.0,31.0,10.0
24624,31.0,10.0,30.0,13.0
24625,31.0,10.0,30.0,13.0
24626,31.0,10.0,30.0,13.0
24627,31.0,10.0,30.0,13.0
24628,31.0,10.0,30.0,13.0
24629,31.0,10.0,32.0,10.0
24630,31.0,10.0,28.0,14.0
24631,31.0,10.0,31.0,10.0
24632,31.0,10.0,31.0,10.0
24633,31.0,10.0,31.0,11.0
24634,31.0,10.0,31.0,10.0
24635,31.0,10.0,32.0,10.0
24636,31.0,10.0,26.0,12.0
24637,31.0,10.0,31.0,10.0
24638,31.0,10.0,32.0,10.0
24639,31.0,10.0,31.0,10.0
24640,31.0,10.0,31.0,10.0
24641,31.0,10.0,32.0,10.0
24642,31.0,10.0,31.0,11.0
24643,31.0,10.0,27.0,17.0
24644,31.0,10.0,32.0,10.0
24645,31.0,10.0,31.0,10.0
24646,31.0,10.0,28.0,14.0
24647,31.0,10.0,31.0,10.0
24648,31.0,10.0,30.0,13.0
24649,31.0,10.0,30.0,13.0
24650,31.0,10.0,31.0,11.0
24651,31.0,10.0,32.0,10.0
24652,31.0,10.0,30.0,13.0
24653,31.0,10.0,31.0,10.0
24654,31.0,10.0,27.0,17.0
24655,31.0,10.0,31.0,10.0
24656,31.0,10.0,28.0,14.0
24657,31.0,10.0,27.0,17.0
24658,31.0,10.0,28.0,14.0
24659,31.0,10.0,31.0,10.0
24660,31.0,10.0,30.0,13.0
24661,31.0,10.0,31.0,10.0
24662,31.0,10.0,31.0,10.0
24663,31.0,10.0,31.0,10.0
24664,31.0,10.0,32.0,10.0
24665,31.0,10.0,31.0,10.0
24666,31.0,10.0,27.0,17.0
24667,31.0,10.0,32.0,10.0
24668,31.0,10.0,31.0,10.0
24669,31.0,10.0,28.0,14.0
24670,31.0,10.0,31.0,11.0
24671,31.0,10.0,27.0,17.0
24672,31.0,10.0,32.0,10.0
24673,31.0,10.0,26.0,12.0
24674,31.0,10.0,31.0,10.0
24675,31.0,10.0,28.0,14.0
24676,31.0,10.0,31.0,11.0
24677,31.0,10.0,31.0,11.0
24678,31.0,10.0,32.0,10.0
24679,31.0,10.0,28.0,14.0
24680,31.0,10.0,31.0,11.0
24681,31.0,10.0,31.0,10.0
24682,31.0,10.0,30.0,13.0
24683,31.0,10.0,26.0,12.0
24684,31.0,10.0,31.0,10.0
24685,31.0,10.0,31.0,10.0
24686,31.0,10.0,31.0,10.0
24687,31.0,10.0,31.0,11.0
24688,31.0,10.0,27.0,17.0
24689,31.0,10.0,31.0,11.0
24690,31.0,10.0,31.0,10.0
24691,31.0,10.0,26.0,12.0
24692,31.0,10.0,26.0,12.0
24693,31.0,10.0,30.0,13.0
24694,31.0,10.0,31.0,11.0
24695,31.0,10.0,26.0,12.0
24696,31.0,10.0,27.0,17.0
24697,31.0,10.0,28.0,14.0
24698,31.0,10.0,26.0,12.0
24699,31.0,10.0,30.0,13.0
24700,31.0,10.0,31.0,10.0
24701,31.0,10.0,31.0,11.0
24702,31.0,10.0,31.0,11.0
24703,31.0,10.0,32.0,10.0
24704,31.0,10.0,31.0,10.0
24705,31.0,10.0,31.0,10.0
24706,31.0,10.0,31.0,10.0
24707,31.0,10.0,31.0,11.0
24708,31.0,10.0,30.0,13.0
24709,31.0,10.0,31.0,11.0
24710,31.0,10.0,28.0,14.0
24711,31.0,10.0,31.0,11.0
24712,31.0,10.0,30.0,13.0
24713,31.0,10.0,28.0,14.0
24714,31.0,10.0,28.0,14.0
24715,31.0,10.0,31.0,11.0
24716,31.0,10.0,31.0,10.0
24717,31.0,10.0,27.0,17.0
24718,31.0,10.0,31.0,10.0
24719,31.0,10.0,28.0,14.0
24720,31.0,10.0,31.0,10.0
24721,31.0,10.0,31.0,10.0
24722,31.0,10.0,32.0,10.0
24723,31.0,10.0,31.0,10.0
24724,31.0,10.0,30.0,13.0
24725,31.0,10.0,32.0,10.0
24726,31.0,10.0,26.0,12.0
24727,31.0,10.0,30.0,13.0
24728,31.0,10.0,31.0,11.0
24729,31.0,10.0,31.0,11.0
24730,31.0,10.0,31.0,11.0
24731,31.0,10.0,32.0,10.0
24732,31.0,10.0,31.0,10.0
24733,31.0,10.0,31.0,10.0
24734,31.0,10.0,31.0,10.0
24735,31.0,10.0,32.0,10.0
24736,31.0,10.0,26.0,12.0
24737,31.0,10.0,32.0,10.0
24738,31.0,10.0,27.0,17.0
24739,31.0,10.0,26.0,12.0
24740,31.0,10.0,26.0,12.0
24741,31.0,10.0,27.0,17.0
24742,31.0,10.0,28.0,14.0
24743,31.0,10.0,28.0,14.0
24744,31.0,10.0,26.0,12.0
24745,31.0,10.0,31.0,10.0
24746,31.0,10.0,31.0,11.0
24747,31.0,10.0,27.0,17.0
24748,31.0,10.0,31.0,11.0
24749,31.0,10.0,26.0,12.0
24750,31.0,10.0,31.0,11.0
24751,31.0,10.0,28.0,14.0
24752,31.0,10.0,26.0,12.0
24753,31.0,10.0,31.0,11.0
24754,31.0,10.0,26.0,12.0
24755,31.0,10.0,27.0,17.0
24756,31.0,10.0,28.0,14.0
24757,31.0,10.0,30.0,13.0
24758,31.0,10.0,26.0,12.0
24759,31.0,10.0,28.0,14.0
24760,31.0,10.0,32.0,10.0
24761,31.0,10.0,30.0,13.0
24762,31.0,10.0,32.0,10.0
24763,31.0,10.0,26.0,12.0
24764,31.0,10.0,27.0,17.0
24765,31.0,10.0,31.0,10.0
24766,31.0,10.0,31.0,10.0
24767,31.0,10.0,30.0,13.0
24768,31.0,10.0,31.0,10.0
24769,31.0,10.0,26.0,12.0
24770,31.0,10.0,26.0,12.0
24771,31.0,10.0,28.0,14.0
24772,31.0,10.0,31.0,10.0
24773,31.0,10.0,30.0,13.0
24774,31.0,10.0,30.0,13.0
24775,31.0,10.0,28.0,14.0
24776,31.0,10.0,26.0,12.0
24777,31.0,10.0,26.0,12.0
24778,31.0,10.0,28.0,14.0
24779,31.0,10.0,26.0,12.0
24780,31.0,10.0,31.0,10.0
24781,31.0,10.0,31.0,11.0
24782,31.0,10.0,32.0,10.0
24783,31.0,10.0,26.0,12.0
24784,31.0,10.0,27.0,17.0
24785,31.0,10.0,26.0,12.0
24786,31.0,10.0,26.0,12.0
24787,31.0,10.0,30.0,13.0
24788,31.0,10.0,26.0,12.0
24789,31.0,10.0,31.0,10.0
24790,31.0,10.0,26.0,12.0
24791,31.0,10.0,27.0,17.0
24792,31.0,10.0,28.0,14.0
24793,31.0,10.0,30.0,13.0
24794,31.0,10.0,30.0,13.0
24795,31.0,10.0,28.0,14.0
24796,31.0,10.0,30.0,13.0
24797,31.0,10.0,31.0,10.0
24798,31.0,10.0,31.0,10.0
24799,31.0,10.0,26.0,12.0
24800,31.0,10.0,27.0,17.0
24801,31.0,10.0,31.0,10.0
24802,31.0,10.0,31.0,10.0
24803,31.0,10.0,30.0,13.0
24804,31.0,10.0,30.0,13.0
24805,31.0,10.0,31.0,10.0
24806,31.0,10.0,31.0,10.0
24807,31.0,10.0,30.0,13.0
24808,31.0,10.0,32.0,10.0
24809,31.0,10.0,32.0,10.0
24810,31.0,10.0,32.0,10.0
24811,31.0,10.0,31.0,10.0
24812,31.0,10.0,26.0,12.0
24813,31.0,10.0,28.0,14.0
24814,31.0,10.0,26.0,12.0
24815,31.0,10.0,27.0,17.0
24816,31.0,10.0,30.0,13.0
24817,31.0,10.0,30.0,13.0
24818,31.0,10.0,31.0,11.0
24819,31.0,10.0,26.0,12.0
24820,31.0,10.0,31.0,10.0
24821,31.0,10.0,32.0,10.0
24822,31.0,10.0,28.0,14.0
24823,31.0,10.0,31.0,10.0
24824,31.0,10.0,31.0,11.0
24825,31.0,10.0,27.0,17.0
24826,31.0,10.0,31.0,10.0
24827,31.0,10.0,31.0,10.0
24828,31.0,10.0,28.0,14.0
24829,31.0,10.0,31.0,10.0
24830,31.0,10.0,30.0,13.0
24831,31.0,10.0,31.0,11.0
24832,31.0,10.0,31.0,10.0
24833,31.0,10.0,28.0,14.0
24834,31.0,10.0,30.0,13.0
24835,31.0,10.0,31.0,10.0
24836,31.0,10.0,26.0,12.0
24837,31.0,10.0,31.0,11.0
24838,31.0,10.0,28.0,14.0
24839,31.0,10.0,31.0,10.0
24840,31.0,10.0,27.0,17.0
24841,31.0,10.0,32.0,10.0
24842,31.0,10.0,31.0,10.0
24843,31.0,10.0,32.0,10.0
24844,31.0,10.0,31.0,11.0
24845,31.0,10.0,31.0,10.0
24846,31.0,10.0,32.0,10.0
24847,31.0,10.0,31.0,10.0
24848,31.0,10.0,30.0,13.0
24849,31.0,10.0,28.0,14.0
24850,31.0,10.0,31.0,10.0
24851,31.0,10.0,26.0,12.0
24852,31.0,10.0,28.0,14.0
24853,31.0,10.0,31.0,10.0
24854,31.0,10.0,30.0,13.0
24855,31.0,10.0,31.0,10.0
24856,31.0,10.0,30.0,13.0
24857,31.0,10.0,31.0,11.0
24858,31.0,10.0,31.0,11.0
24859,31.0,10.0,27.0,17.0
24860,31.0,10.0,31.0,10.0
24861,31.0,10.0,31.0,11.0
24862,31.0,10.0,26.0,12.0
24863,31.0,10.0,28.0,14.0
24864,31.0,10.0,31.0,11.0
24865,31.0,10.0,30.0,13.0
24866,31.0,10.0,30.0,13.0
24867,31.0,10.0,27.0,17.0
24868,31.0,10.0,28.0,14.0
24869,31.0,10.0,27.0,17.0
24870,31.0,10.0,31.0,10.0
24871,31.0,10.0,27.0,17.0
24872,31.0,10.0,32.0,10.0
24873,31.0,10.0,30.0,13.0
24874,31.0,10.0,32.0,10.0
24875,31.0,10.0,26.0,12.0
24876,31.0,10.0,32.0,10.0
24877,31.0,10.0,30.0,13.0
24878,31.0,10.0,31.0,11.0
24879,31.0,10.0,30.0,13.0
24880,31.0,10.0,27.0,17.0
24881,31.0,10.0,31.0,10.0
24882,31.0,10.0,31.0,10.0
24883,31.0,10.0,30.0,13.0
24884,31.0,10.0,28.0,14.0
24885,31.0,10.0,32.0,10.0
24886,31.0,10.0,32.0,10.0
24887,31.0,10.0,32.0,10.0
24888,31.0,10.0,31.0,10.0
24889,31.0,10.0,32.0,10.0
24890,31.0,10.0,31.0,10.0
24891,31.0,10.0,32.0,10.0
24892,31.0,10.0,31.0,10.0
24893,31.0,10.0,26.0,12.0
24894,31.0,10.0,31.0,10.0
24895,31.0,10.0,31.0,10.0
24896,31.0,10.0,31.0,10.0
24897,31.0,10.0,31.0,10.0
24898,31.0,10.0,27.0,17.0
24899,31.0,10.0,31.0,11.0
24900,31.0,10.0,31.0,10.0
24901,31.0,10.0,26.0,12.0
24902,31.0,10.0,31.0,11.0
24903,31.0,10.0,31.0,11.0
24904,31.0,10.0,31.0,11.0
24905,31.0,10.0,31.0,10.0
24906,31.0,10.0,32.0,10.0
24907,31.0,10.0,31.0,10.0
24908,31.0,10.0,32.0,10.0
24909,31.0,10.0,31.0,11.0
24910,31.0,10.0,31.0,10.0
24911,31.0,10.0,27.0,17.0
24912,31.0,10.0,31.0,10.0
24913,31.0,10.0,27.0,17.0
24914,31.0,10.0,28.0,14.0
24915,31.0,10.0,31.0,10.0
24916,31.0,10.0,30.0,13.0
24917,31.0,10.0,28.0,14.0
24918,31.0,10.0,28.0,14.0
24919,31.0,10.0,31.0,11.0
24920,31.0,10.0,27.0,17.0
24921,31.0,10.0,27.0,17.0
24922,31.0,10.0,32.0,10.0
24923,31.0,10.0,31.0,10.0
24924,31.0,10.0,31.0,10.0
24925,31.0,10.0,28.0,14.0
24926,31.0,10.0,27.0,17.0
24927,31.0,10.0,32.0,10.0
24928,31.0,10.0,28.0,14.0
24929,31.0,10.0,31.0,11.0
24930,31.0,10.0,30.0,13.0
24931,31.0,10.0,31.0,10.0
24932,31.0,10.0,32.0,10.0
24933,31.0,10.0,31.0,10.0
24934,31.0,10.0,31.0,10.0
24935,31.0,10.0,31.0,11.0
24936,31.0,10.0,31.0,11.0
24937,31.0,10.0,31.0,10.0
24938,31.0,10.0,30.0,13.0
24939,31.0,10.0,30.0,13.0
24940,31.0,10.0,27.0,17.0
24941,31.0,10.0,26.0,12.0
24942,31.0,10.0,28.0,14.0
24943,31.0,10.0,31.0,11.0
24944,31.0,10.0,26.0,12.0
24945,31.0,10.0,31.0,11.0
24946,31.0,10.0,32.0,10.0
24947,31.0,10.0,28.0,14.0
24948,31.0,10.0,31.0,10.0
24949,31.0,10.0,32.0,10.0
24950,31.0,10.0,27.0,17.0
24951,31.0,10.0,26.0,12.0
24952,31.0,10.0,26.0,12.0
24953,31.0,10.0,32.0,10.0
24954,31.0,10.0,26.0,12.0
24955,31.0,10.0,27.0,17.0
24956,31.0,10.0,31.0,11.0
24957,31.0,10.0,31.0,10.0
24958,31.0,10.0,31.0,10.0
24959,31.0,10.0,28.0,14.0
24960,31.0,10.0,32.0,10.0
24961,31.0,10.0,32.0,10.0
24962,31.0,10.0,32.0,10.0
24963,31.0,10.0,26.0,12.0
24964,31.0,10.0,31.0,10.0
24965,31.0,10.0,27.0,17.0
24966,31.0,10.0,32.0,10.0
24967,31.0,10.0,27.0,17.0
24968,31.0,10.0,31.0,10.0
24969,31.0,10.0,31.0,10.0
24970,31.0,10.0,31.0,10.0
24971,31.0,10.0,32.0,10.0
24972,31.0,10.0,28.0,14.0
24973,31.0,10.0,32.0,10.0
24974,31.0,10.0,28.0,14.0
24975,31.0,10.0,31.0,10.0
24976,31.0,10.0,28.0,14.0
24977,31.0,10.0,27.0,17.0
24978,31.0,10.0,27.0,17.0
24979,31.0,10.0,28.0,14.0
24980,31.0,10.0,32.0,10.0
24981,31.0,10.0,31.0,10.0
24982,31.0,10.0,31.0,10.0
24983,31.0,10.0,31.0,10.0
24984,31.0,10.0,26.0,12.0
24985,31.0,10.0,31.0,10.0
24986,31.0,10.0,30.0,13.0
24987,31.0,10.0,31.0,10.0
24988,31.0,10.0,28.0,14.0
24989,31.0,10.0,28.0,14.0
24990,31.0,10.0,28.0,14.0
24991,31.0,10.0,31.0,11.0
24992,31.0,10.0,31.0,10.0
24993,31.0,10.0,31.0,10.0
24994,31.0,10.0,26.0,12.0
24995,31.0,10.0,31.0,10.0
24996,31.0,10.0,30.0,13.0
24997,31.0,10.0,26.0,12.0
24998,31.0,10.0,31.0,10.0
24999,31.0,10.0,27.0,17.0
25000,31.0,10.0,32.0,10.0
25001,31.0,10.0,32.0,10.0
25002,31.0,10.0,28.0,14.0
25003,31.0,10.0,31.0,10.0
25004,31.0,10.0,32.0,10.0
25005,31.0,10.0,27.0,17.0
25006,31.0,10.0,26.0,12.0
25007,31.0,10.0,31.0,10.0
25008,31.0,10.0,32.0,10.0
25009,31.0,10.0,31.0,10.0
25010,31.0,10.0,30.0,13.0
25011,31.0,10.0,31.0,10.0
25012,31.0,10.0,28.0,14.0
25013,31.0,10.0,31.0,10.0
25014,31.0,10.0,30.0,13.0
25015,31.0,10.0,28.0,14.0
25016,31.0,10.0,26.0,12.0
25017,31.0,10.0,26.0,12.0
25018,31.0,10.0,26.0,12.0
25019,31.0,10.0,31.0,10.0
25020,31.0,10.0,27.0,17.0
25021,31.0,10.0,31.0,10.0
25022,31.0,10.0,30.0,13.0
25023,31.0,10.0,28.0,14.0
25024,31.0,10.0,31.0,11.0
25025,31.0,10.0,31.0,10.0
25026,31.0,10.0,27.0,17.0
25027,31.0,10.0,31.0,10.0
25028,31.0,10.0,27.0,17.0
25029,31.0,10.0,31.0,11.0
25030,31.0,10.0,27.0,17.0
25031,31.0,10.0,31.0,11.0
25032,31.0,10.0,32.0,10.0
25033,31.0,10.0,27.0,17.0
25034,31.0,10.0,32.0,10.0
25035,31.0,10.0,27.0,17.0
25036,31.0,10.0,31.0,11.0
25037,31.0,10.0,28.0,14.0
25038,31.0,10.0,27.0,17.0
25039,31.0,10.0,31.0,10.0
25040,31.0,10.0,31.0,11.0
25041,31.0,10.0,31.0,10.0
25042,31.0,10.0,27.0,17.0
25043,31.0,10.0,30.0,13.0
25044,31.0,10.0,28.0,14.0
25045,31.0,10.0,31.0,10.0
25046,31.0,10.0,30.0,13.0
25047,31.0,10.0,26.0,12.0
25048,31.0,10.0,31.0,10.0
25049,31.0,10.0,31.0,10.0
25050,31.0,10.0,31.0,11.0
25051,31.0,10.0,31.0,10.0
25052,31.0,10.0,26.0,12.0
25053,31.0,10.0,27.0,17.0
25054,31.0,10.0,30.0,13.0
25055,31.0,10.0,32.0,10.0
25056,31.0,10.0,28.0,14.0
25057,31.0,10.0,31.0,11.0
25058,31.0,10.0,31.0,10.0
25059,31.0,10.0,32.0,10.0
25060,31.0,10.0,31.0,10.0
25061,31.0,10.0,32.0,10.0
25062,31.0,10.0,32.0,10.0
25063,31.0,10.0,28.0,14.0
25064,31.0,10.0,31.0,10.0
25065,31.0,10.0,27.0,17.0
25066,31.0,10.0,31.0,10.0
25067,31.0,10.0,31.0,10.0
25068,31.0,10.0,31.0,11.0
25069,31.0,10.0,31.0,10.0
25070,31.0,10.0,30.0,13.0
25071,31.0,10.0,30.0,13.0
25072,31.0,10.0,30.0,13.0
25073,31.0,10.0,26.0,12.0
25074,31.0,10.0,28.0,14.0
25075,31.0,10.0,26.0,12.0
25076,31.0,10.0,31.0,10.0
25077,31.0,10.0,28.0,14.0
25078,31.0,10.0,26.0,12.0
25079,31.0,10.0,30.0,13.0
25080,31.0,10.0,27.0,17.0
25081,31.0,10.0,28.0,14.0
25082,31.0,10.0,27.0,17.0
25083,31.0,10.0,27.0,17.0
25084,31.0,10.0,32.0,10.0
25085,31.0,10.0,32.0,10.0
25086,31.0,10.0,30.0,13.0
25087,31.0,10.0,26.0,12.0
25088,31.0,10.0,31.0,10.0
25089,31.0,10.0,31.0,11.0
25090,31.0,10.0,31.0,10.0
25091,31.0,10.0,30.0,13.0
25092,31.0,10.0,31.0,10.0
25093,31.0,10.0,31.0,11.0
25094,31.0,10.0,32.0,10.0
25095,31.0,10.0,28.0,14.0
25096,31.0,10.0,31.0,11.0
25097,31.0,10.0,31.0,10.0
25098,31.0,10.0,32.0,10.0
25099,31.0,10.0,30.0,13.0
25100,31.0,10.0,31.0,10.0
25101,31.0,10.0,31.0,10.0
25102,31.0,10.0,31.0,10.0
25103,31.0,10.0,32.0,10.0
25104,31.0,10.0,27.0,17.0
25105,31.0,10.0,27.0,17.0
25106,31.0,10.0,32.0,10.0
25107,31.0,10.0,26.0,12.0
25108,31.0,10.0,27.0,17.0
25109,31.0,10.0,27.0,17.0
25110,31.0,10.0,30.0,13.0
25111,31.0,10.0,32.0,10.0
25112,31.0,10.0,31.0,10.0
25113,31.0,10.0,31.0,10.0
25114,31.0,10.0,31.0,10.0
25115,31.0,10.0,26.0,12.0
25116,31.0,10.0,26.0,12.0
25117,31.0,10.0,31.0,10.0
25118,31.0,10.0,32.0,10.0
25119,31.0,10.0,28.0,14.0
25120,31.0,10.0,28.0,14.0
25121,31.0,10.0,26.0,12.0
25122,31.0,10.0,31.0,11.0
25123,31.0,10.0,31.0,10.0
25124,31.0,10.0,30.0,13.0
25125,31.0,10.0,31.0,10.0
25126,31.0,10.0,30.0,13.0
25127,31.0,10.0,26.0,12.0
25128,31.0,10.0,31.0,10.0
25129,31.0,10.0,31.0,11.0
25130,31.0,10.0,31.0,10.0
25131,31.0,10.0,28.0,14.0
25132,31.0,10.0,31.0,10.0
25133,31.0,10.0,31.0,10.0
25134,31.0,10.0,30.0,13.0
25135,31.0,10.0,30.0,13.0
25136,31.0,10.0,27.0,17.0
25137,31.0,10.0,27.0,17.0
25138,31.0,10.0,26.0,12.0
25139,31.0,10.0,31.0,10.0
25140,31.0,10.0,32.0,10.0
25141,31.0,10.0,31.0,10.0
25142,31.0,10.0,31.0,11.0
25143,31.0,10.0,31.0,10.0
25144,31.0,10.0,30.0,13.0
25145,31.0,10.0,30.0,13.0
25146,31.0,10.0,31.0,11.0
25147,31.0,10.0,31.0,10.0
25148,31.0,10.0,28.0,14.0
25149,31.0,10.0,32.0,10.0
25150,31.0,10.0,28.0,14.0
25151,31.0,10.0,32.0,10.0
25152,31.0,10.0,31.0,11.0
25153,31.0,10.0,26.0,12.0
25154,31.0,10.0,31.0,10.0
25155,31.0,10.0,32.0,10.0
25156,31.0,10.0,31.0,10.0
25157,31.0,10.0,28.0,14.0
25158,31.0,10.0,28.0,14.0
25159,31.0,10.0,26.0,12.0
25160,31.0,10.0,27.0,17.0
25161,31.0,10.0,27.0,17.0
25162,31.0,10.0,31.0,11.0
25163,31.0,10.0,31.0,10.0
25164,31.0,10.0,28.0,14.0
25165,31.0,10.0,28.0,14.0
25166,31.0,10.0,26.0,12.0
25167,31.0,10.0,30.0,13.0
25168,31.0,10.0,27.0,17.0
25169,31.0,10.0,28.0,14.0
25170,31.0,10.0,31.0,10.0
25171,31.0,10.0,31.0,11.0
25172,31.0,10.0,28.0,14.0
25173,31.0,10.0,26.0,12.0
25174,31.0,10.0,30.0,13.0
25175,31.0,10.0,28.0,14.0
25176,31.0,10.0,27.0,17.0
25177,31.0,10.0,31.0,10.0
25178,31.0,10.0,32.0,10.0
25179,31.0,10.0,31.0,10.0
25180,31.0,10.0,31.0,11.0
25181,31.0,10.0,31.0,11.0
25182,31.0,10.0,32.0,10.0
25183,31.0,10.0,31.0,10.0
25184,31.0,10.0,31.0,11.0
25185,31.0,10.0,26.0,12.0
25186,31.0,10.0,26.0,12.0
25187,31.0,10.0,28.0,14.0
25188,31.0,10.0,31.0,10.0
25189,31.0,10.0,31.0,10.0
25190,31.0,10.0,31.0,10.0
25191,31.0,10.0,27.0,17.0
25192,31.0,10.0,31.0,10.0
25193,31.0,10.0,30.0,13.0
25194,31.0,10.0,31.0,11.0
25195,31.0,10.0,30.0,13.0
25196,31.0,10.0,31.0,10.0
25197,31.0,10.0,30.0,13.0
25198,31.0,10.0,32.0,10.0
25199,31.0,10.0,31.0,11.0
25200,31.0,10.0,31.0,10.0
25201,31.0,10.0,31.0,10.0
25202,31.0,10.0,31.0,11.0
25203,31.0,10.0,31.0,10.0
25204,31.0,10.0,32.0,10.0
25205,31.0,10.0,26.0,12.0
25206,31.0,10.0,31.0,11.0
25207,31.0,10.0,32.0,10.0
25208,31.0,10.0,31.0,10.0
25209,31.0,10.0,31.0,10.0
25210,31.0,10.0,31.0,10.0
25211,31.0,10.0,31.0,10.0
25212,31.0,10.0,27.0,17.0
25213,31.0,10.0,31.0,10.0
25214,31.0,10.0,31.0,10.0
25215,31.0,10.0,26.0,12.0
25216,31.0,10.0,31.0,10.0
25217,31.0,10.0,31.0,10.0
25218,31.0,10.0,31.0,10.0
25219,31.0,10.0,32.0,10.0
25220,31.0,10.0,31.0,10.0
25221,31.0,10.0,31.0,10.0
25222,31.0,10.0,26.0,12.0
25223,31.0,10.0,27.0,17.0
25224,31.0,10.0,26.0,12.0
25225,31.0,10.0,27.0,17.0
25226,31.0,10.0,31.0,10.0
25227,31.0,10.0,31.0,10.0
25228,31.0,10.0,31.0,10.0
25229,31.0,10.0,27.0,17.0
25230,31.0,10.0,31.0,10.0
25231,31.0,10.0,31.0,11.0
25232,31.0,10.0,28.0,14.0
25233,31.0,10.0,32.0,10.0
25234,31.0,10.0,31.0,10.0
25235,31.0,10.0,31.0,11.0
25236,31.0,10.0,30.0,13.0
25237,31.0,10.0,31.0,10.0
25238,31.0,10.0,28.0,14.0
25239,31.0,10.0,27.0,17.0
25240,31.0,10.0,31.0,10.0
25241,31.0,10.0,31.0,10.0
25242,31.0,10.0,31.0,10.0
25243,31.0,10.0,31.0,10.0
25244,31.0,10.0,30.0,13.0
25245,31.0,10.0,26.0,12.0
25246,31.0,10.0,28.0,14.0
25247,31.0,10.0,31.0,10.0
25248,31.0,10.0,31.0,10.0
25249,31.0,10.0,32.0,10.0
25250,31.0,10.0,30.0,13.0
25251,31.0,10.0,31.0,10.0
25252,31.0,10.0,26.0,12.0
25253,31.0,10.0,27.0,17.0
25254,31.0,10.0,28.0,14.0
25255,31.0,10.0,32.0,10.0
25256,31.0,10.0,30.0,13.0
25257,31.0,10.0,26.0,12.0
25258,31.0,10.0,31.0,10.0
25259,31.0,10.0,30.0,13.0
25260,31.0,10.0,30.0,13.0
25261,31.0,10.0,31.0,11.0
25262,31.0,10.0,26.0,12.0
25263,31.0,10.0,31.0,11.0
25264,31.0,10.0,27.0,17.0
25265,31.0,10.0,32.0,10.0
25266,31.0,10.0,31.0,10.0
25267,31.0,10.0,31.0,10.0
25268,31.0,10.0,31.0,11.0
25269,31.0,10.0,31.0,10.0
25270,31.0,10.0,26.0,12.0
25271,31.0,10.0,31.0,10.0
25272,31.0,10.0,32.0,10.0
25273,31.0,10.0,30.0,13.0
25274,31.0,10.0,31.0,10.0
25275,31.0,10.0,31.0,10.0
25276,31.0,10.0,31.0,10.0
25277,31.0,10.0,30.0,13.0
25278,31.0,10.0,32.0,10.0
25279,31.0,10.0,28.0,14.0
25280,31.0,10.0,32.0,10.0
25281,31.0,10.0,31.0,10.0
25282,31.0,10.0,31.0,11.0
25283,31.0,10.0,31.0,10.0
25284,31.0,10.0,32.0,10.0
25285,31.0,10.0,31.0,10.0
25286,31.0,10.0,31.0,10.0
25287,31.0,10.0,28.0,14.0
25288,31.0,10.0,31.0,10.0
25289,31.0,10.0,28.0,14.0
25290,31.0,10.0,32.0,10.0
25291,31.0,10.0,28.0,14.0
25292,31.0,10.0,26.0,12.0
25293,31.0,10.0,31.0,11.0
25294,31.0,10.0,32.0,10.0
25295,31.0,10.0,27.0,17.0
25296,31.0,10.0,31.0,10.0
25297,31.0,10.0,31.0,11.0
25298,31.0,10.0,27.0,17.0
25299,31.0,10.0,32.0,10.0
25300,31.0,10.0,31.0,11.0
25301,31.0,10.0,28.0,14.0
25302,31.0,10.0,28.0,14.0
25303,31.0,10.0,31.0,10.0
25304,31.0,10.0,27.0,17.0
25305,31.0,10.0,30.0,13.0
25306,31.0,10.0,30.0,13.0
25307,31.0,10.0,30.0,13.0
25308,31.0,10.0,31.0,10.0
25309,31.0,10.0,31.0,10.0
25310,31.0,10.0,31.0,11.0
25311,31.0,10.0,31.0,11.0
25312,31.0,10.0,26.0,12.0
25313,31.0,10.0,31.0,10.0
25314,31.0,10.0,30.0,13.0
25315,31.0,10.0,28.0,14.0
25316,31.0,10.0,28.0,14.0
25317,31.0,10.0,31.0,11.0
25318,31.0,10.0,28.0,14.0
25319,31.0,10.0,32.0,10.0
25320,31.0,10.0,31.0,10.0
25321,31.0,10.0,27.0,17.0
25322,31.0,10.0,31.0,10.0
25323,31.0,10.0,27.0,17.0
25324,31.0,10.0,27.0,17.0
25325,31.0,10.0,31.0,10.0
25326,31.0,10.0,31.0,10.0
25327,31.0,10.0,31.0,10.0
25328,31.0,10.0,31.0,10.0
25329,31.0,10.0,26.0,12.0
25330,31.0,10.0,31.0,10.0
25331,31.0,10.0,32.0,10.0
25332,31.0,10.0,26.0,12.0
25333,31.0,10.0,31.0,10.0
25334,31.0,10.0,30.0,13.0
25335,31.0,10.0,31.0,10.0
25336,31.0,10.0,31.0,10.0
25337,31.0,10.0,31.0,10.0
25338,31.0,10.0,28.0,14.0
25339,31.0,10.0,31.0,10.0
25340,31.0,10.0,31.0,10.0
25341,31.0,10.0,31.0,11.0
25342,31.0,10.0,26.0,12.0
25343,31.0,10.0,31.0,10.0
25344,31.0,10.0,27.0,17.0
25345,31.0,10.0,28.0,14.0
25346,31.0,10.0,27.0,17.0
25347,31.0,10.0,31.0,10.0
25348,31.0,10.0,30.0,13.0
25349,31.0,10.0,31.0,10.0
25350,31.0,10.0,28.0,14.0
25351,31.0,10.0,27.0,17.0
25352,31.0,10.0,32.0,10.0
25353,31.0,10.0,28.0,14.0
25354,31.0,10.0,32.0,10.0
25355,31.0,10.0,26.0,12.0
25356,31.0,10.0,31.0,10.0
25357,31.0,10.0,31.0,11.0
25358,31.0,10.0,27.0,17.0
25359,31.0,10.0,30.0,13.0
25360,31.0,10.0,31.0,10.0
25361,31.0,10.0,26.0,12.0
25362,31.0,10.0,26.0,12.0
25363,31.0,10.0,30.0,13.0
25364,31.0,10.0,31.0,10.0
25365,31.0,10.0,31.0,10.0
25366,31.0,10.0,31.0,10.0
25367,31.0,10.0,31.0,10.0
25368,31.0,10.0,31.0,10.0
25369,31.0,10.0,31.0,11.0
25370,31.0,10.0,27.0,17.0
25371,31.0,10.0,26.0,12.0
25372,31.0,10.0,30.0,13.0
25373,31.0,10.0,30.0,13.0
25374,31.0,10.0,32.0,10.0
25375,31.0,10.0,32.0,10.0
25376,31.0,10.0,28.0,14.0
25377,31.0,10.0,28.0,14.0
25378,31.0,10.0,31.0,11.0
25379,31.0,10.0,31.0,10.0
25380,31.0,10.0,31.0,10.0
25381,31.0,10.0,32.0,10.0
25382,31.0,10.0,28.0,14.0
25383,31.0,10.0,31.0,10.0
25384,31.0,10.0,31.0,10.0
25385,31.0,10.0,26.0,12.0
25386,31.0,10.0,31.0,10.0
25387,31.0,10.0,32.0,10.0
25388,31.0,10.0,31.0,10.0
25389,31.0,10.0,27.0,17.0
25390,31.0,10.0,32.0,10.0
25391,31.0,10.0,31.0,10.0
25392,31.0,10.0,26.0,12.0
25393,31.0,10.0,31.0,10.0
25394,31.0,10.0,32.0,10.0
25395,31.0,10.0,32.0,10.0
25396,31.0,10.0,26.0,12.0
25397,31.0,10.0,31.0,10.0
25398,31.0,10.0,31.0,10.0
25399,31.0,10.0,26.0,12.0
25400,31.0,10.0,31.0,11.0
25401,31.0,10.0,27.0,17.0
25402,31.0,10.0,28.0,14.0
25403,31.0,10.0,31.0,10.0
25404,31.0,10.0,28.0,14.0
25405,31.0,10.0,30.0,13.0
25406,31.0,10.0,31.0,11.0
25407,31.0,10.0,32.0,10.0
25408,31.0,10.0,30.0,13.0
25409,31.0,10.0,32.0,10.0
25410,31.0,10.0,31.0,10.0
25411,31.0,10.0,31.0,10.0
25412,31.0,10.0,31.0,10.0
25413,31.0,10.0,26.0,12.0
25414,31.0,10.0,31.0,10.0
25415,31.0,10.0,31.0,10.0
25416,31.0,10.0,30.0,13.0
25417,31.0,10.0,31.0,11.0
25418,31.0,10.0,31.0,11.0
25419,31.0,10.0,26.0,12.0
25420,31.0,10.0,30.0,13.0
25421,31.0,10.0,32.0,10.0
25422,31.0,10.0,28.0,14.0
25423,31.0,10.0,31.0,10.0
25424,31.0,10.0,32.0,10.0
25425,31.0,10.0,27.0,17.0
25426,31.0,10.0,30.0,13.0
25427,31.0,10.0,31.0,10.0
25428,31.0,10.0,31.0,11.0
25429,31.0,10.0,31.0,10.0
25430,31.0,10.0,31.0,10.0
25431,31.0,10.0,28.0,14.0
25432,31.0,10.0,27.0,17.0
25433,31.0,10.0,26.0,12.0
25434,31.0,10.0,31.0,11.0
25435,31.0,10.0,28.0,14.0
25436,31.0,10.0,30.0,13.0
25437,31.0,10.0,30.0,13.0
25438,31.0,10.0,28.0,14.0
25439,31.0,10.0,26.0,12.0
25440,31.0,10.0,28.0,14.0
25441,31.0,10.0,31.0,10.0
25442,31.0,10.0,32.0,10.0
25443,31.0,10.0,32.0,10.0
25444,31.0,10.0,28.0,14.0
25445,31.0,10.0,30.0,13.0
25446,31.0,10.0,31.0,10.0
25447,31.0,10.0,26.0,12.0
25448,31.0,10.0,30.0,13.0
25449,31.0,10.0,26.0,12.0
25450,31.0,10.0,30.0,13.0
25451,31.0,10.0,28.0,14.0
25452,31.0,10.0,26.0,12.0
25453,31.0,10.0,30.0,13.0
25454,31.0,10.0,32.0,10.0
25455,31.0,10.0,31.0,10.0
25456,31.0,10.0,28.0,14.0
25457,31.0,10.0,26.0,12.0
25458,31.0,10.0,31.0,11.0
25459,31.0,10.0,31.0,10.0
25460,31.0,10.0,30.0,13.0
25461,31.0,10.0,30.0,13.0
25462,31.0,10.0,28.0,14.0
25463,31.0,10.0,31.0,10.0
25464,31.0,10.0,30.0,13.0
25465,31.0,10.0,28.0,14.0
25466,31.0,10.0,27.0,17.0
25467,31.0,10.0,26.0,12.0
25468,31.0,10.0,31.0,10.0
25469,31.0,10.0,27.0,17.0
25470,31.0,10.0,32.0,10.0
25471,31.0,10.0,28.0,14.0
25472,31.0,10.0,27.0,17.0
25473,31.0,10.0,31.0,10.0
25474,31.0,10.0,31.0,10.0
25475,31.0,10.0,30.0,13.0
25476,31.0,10.0,31.0,10.0
25477,31.0,10.0,32.0,10.0
25478,31.0,10.0,31.0,11.0
25479,31.0,10.0,31.0,10.0
25480,31.0,10.0,27.0,17.0
25481,31.0,10.0,31.0,10.0
25482,31.0,10.0,28.0,14.0
25483,31.0,10.0,30.0,13.0
25484,31.0,10.0,31.0,10.0
25485,31.0,10.0,27.0,17.0
25486,31.0,10.0,30.0,13.0
25487,31.0,10.0,28.0,14.0
25488,31.0,10.0,26.0,12.0
25489,31.0,10.0,31.0,10.0
25490,31.0,10.0,31.0,10.0
25491,31.0,10.0,28.0,14.0
25492,31.0,10.0,27.0,17.0
25493,31.0,10.0,30.0,13.0
25494,31.0,10.0,28.0,14.0
25495,31.0,10.0,31.0,10.0
25496,31.0,10.0,31.0,10.0
25497,31.0,10.0,30.0,13.0
25498,31.0,10.0,31.0,10.0
25499,31.0,10.0,31.0,11.0
25500,31.0,10.0,32.0,10.0
25501,31.0,10.0,31.0,11.0
25502,31.0,10.0,28.0,14.0
25503,31.0,10.0,26.0,12.0
25504,31.0,10.0,31.0,10.0
25505,31.0,10.0,31.0,10.0
25506,31.0,10.0,26.0,12.0
25507,31.0,10.0,31.0,11.0
25508,31.0,10.0,31.0,10.0
25509,31.0,10.0,28.0,14.0
25510,31.0,10.0,32.0,10.0
25511,31.0,10.0,27.0,17.0
25512,31.0,10.0,31.0,10.0
25513,31.0,10.0,27.0,17.0
25514,31.0,10.0,31.0,10.0
25515,31.0,10.0,26.0,12.0
25516,31.0,10.0,26.0,12.0
25517,31.0,10.0,28.0,14.0
25518,31.0,10.0,31.0,10.0
25519,31.0,10.0,31.0,10.0
25520,31.0,10.0,26.0,12.0
25521,31.0,10.0,28.0,14.0
25522,31.0,10.0,28.0,14.0
25523,31.0,10.0,28.0,14.0
25524,31.0,10.0,28.0,14.0
25525,31.0,10.0,32.0,10.0
25526,31.0,10.0,31.0,11.0
25527,31.0,10.0,30.0,13.0
25528,31.0,10.0,28.0,14.0
25529,31.0,10.0,28.0,14.0
25530,31.0,10.0,31.0,10.0
25531,31.0,10.0,26.0,12.0
25532,31.0,10.0,27.0,17.0
25533,31.0,10.0,27.0,17.0
25534,31.0,10.0,31.0,10.0
25535,31.0,10.0,31.0,10.0
25536,31.0,10.0,32.0,10.0
25537,31.0,10.0,26.0,12.0
25538,31.0,10.0,31.0,10.0
25539,31.0,10.0,31.0,10.0
25540,31.0,10.0,27.0,17.0
25541,31.0,10.0,32.0,10.0
25542,31.0,10.0,31.0,11.0
25543,31.0,10.0,30.0,13.0
25544,31.0,10.0,28.0,14.0
25545,31.0,10.0,31.0,10.0
25546,31.0,10.0,27.0,17.0
25547,31.0,10.0,28.0,14.0
25548,31.0,10.0,31.0,10.0
25549,31.0,10.0,30.0,13.0
25550,31.0,10.0,31.0,10.0
25551,31.0,10.0,26.0,12.0
25552,31.0,10.0,31.0,10.0
25553,31.0,10.0,31.0,10.0
25554,31.0,10.0,32.0,10.0
25555,31.0,10.0,31.0,10.0
25556,31.0,10.0,31.0,10.0
25557,31.0,10.0,26.0,12.0
25558,31.0,10.0,31.0,10.0
25559,31.0,10.0,27.0,17.0
25560,31.0,10.0,28.0,14.0
25561,31.0,10.0,28.0,14.0
25562,31.0,10.0,31.0,10.0
25563,31.0,10.0,26.0,12.0
25564,31.0,10.0,32.0,10.0
25565,31.0,10.0,30.0,13.0
25566,31.0,10.0,27.0,17.0
25567,31.0,10.0,31.0,10.0
25568,31.0,10.0,31.0,10.0
25569,31.0,10.0,30.0,13.0
25570,31.0,10.0,28.0,14.0
25571,31.0,10.0,32.0,10.0
25572,31.0,10.0,27.0,17.0
25573,31.0,10.0,31.0,10.0
25574,31.0,10.0,31.0,10.0
25575,31.0,10.0,27.0,17.0
25576,31.0,10.0,28.0,14.0
25577,31.0,10.0,30.0,13.0
25578,31.0,10.0,28.0,14.0
25579,31.0,10.0,31.0,10.0
25580,31.0,10.0,31.0,10.0
25581,31.0,10.0,31.0,10.0
25582,31.0,10.0,31.0,10.0
25583,31.0,10.0,27.0,17.0
25584,31.0,10.0,30.0,13.0
25585,31.0,10.0,28.0,14.0
25586,31.0,10.0,27.0,17.0
25587,31.0,10.0,31.0,11.0
25588,31.0,10.0,31.0,10.0
25589,31.0,10.0,31.0,10.0
25590,31.0,10.0,28.0,14.0
25591,31.0,10.0,30.0,13.0
25592,31.0,10.0,31.0,11.0
25593,31.0,10.0,28.0,14.0
25594,31.0,10.0,28.0,14.0
25595,31.0,10.0,28.0,14.0
25596,31.0,10.0,30.0,13.0
25597,31.0,10.0,32.0,10.0
25598,31.0,10.0,30.0,13.0
25599,31.0,10.0,32.0,10.0
25600,31.0,10.0,31.0,10.0
25601,31.0,10.0,30.0,13.0
25602,31.0,10.0,32.0,10.0
25603,31.0,10.0,27.0,17.0
25604,31.0,10.0,31.0,10.0
25605,31.0,10.0,28.0,14.0
25606,31.0,10.0,31.0,10.0
25607,31.0,10.0,28.0,14.0
25608,31.0,10.0,28.0,14.0
25609,31.0,10.0,31.0,10.0
25610,31.0,10.0,31.0,10.0
25611,31.0,10.0,26.0,12.0
25612,31.0,10.0,31.0,10.0
25613,31.0,10.0,31.0,10.0
25614,31.0,10.0,32.0,10.0
25615,31.0,10.0,30.0,13.0
25616,31.0,10.0,27.0,17.0
25617,31.0,10.0,28.0,14.0
25618,31.0,10.0,27.0,17.0
25619,31.0,10.0,31.0,10.0
25620,31.0,10.0,31.0,10.0
25621,31.0,10.0,27.0,17.0
25622,31.0,10.0,27.0,17.0
25623,31.0,10.0,28.0,14.0
25624,31.0,10.0,32.0,10.0
25625,31.0,10.0,31.0,10.0
25626,31.0,10.0,31.0,11.0
25627,31.0,10.0,32.0,10.0
25628,31.0,10.0,28.0,14.0
25629,31.0,10.0,28.0,14.0
25630,31.0,10.0,31.0,10.0
25631,31.0,10.0,31.0,10.0
25632,31.0,10.0,30.0,13.0
25633,31.0,10.0,26.0,12.0
25634,31.0,10.0,31.0,11.0
25635,31.0,10.0,31.0,10.0
25636,31.0,10.0,30.0,13.0
25637,31.0,10.0,32.0,10.0
25638,31.0,10.0,30.0,13.0
25639,31.0,10.0,32.0,10.0
25640,31.0,10.0,31.0,11.0
25641,31.0,10.0,27.0,17.0
25642,31.0,10.0,26.0,12.0
25643,31.0,10.0,31.0,11.0
25644,31.0,10.0,26.0,12.0
25645,31.0,10.0,31.0,10.0
25646,31.0,10.0,30.0,13.0
25647,31.0,10.0,28.0,14.0
25648,31.0,10.0,26.0,12.0
25649,31.0,10.0,31.0,10.0
25650,31.0,10.0,32.0,10.0
25651,31.0,10.0,31.0,10.0
25652,31.0,10.0,28.0,14.0
25653,31.0,10.0,31.0,11.0
25654,31.0,10.0,31.0,10.0
25655,31.0,10.0,26.0,12.0
25656,31.0,10.0,26.0,12.0
25657,31.0,10.0,31.0,11.0
25658,31.0,10.0,31.0,10.0
25659,31.0,10.0,28.0,14.0
25660,31.0,10.0,31.0,11.0
25661,31.0,10.0,31.0,11.0
25662,31.0,10.0,31.0,11.0
25663,31.0,10.0,31.0,10.0
25664,31.0,10.0,31.0,10.0
25665,31.0,10.0,31.0,10.0
25666,31.0,10.0,27.0,17.0
25667,31.0,10.0,31.0,11.0
25668,31.0,10.0,26.0,12.0
25669,31.0,10.0,31.0,10.0
25670,31.0,10.0,27.0,17.0
25671,31.0,10.0,32.0,10.0
25672,31.0,10.0,28.0,14.0
25673,31.0,10.0,31.0,11.0
25674,31.0,10.0,31.0,11.0
25675,31.0,10.0,30.0,13.0
25676,31.0,10.0,31.0,10.0
25677,31.0,10.0,31.0,11.0
25678,31.0,10.0,31.0,10.0
25679,31.0,10.0,30.0,13.0
25680,31.0,10.0,32.0,10.0
25681,31.0,10.0,30.0,13.0
25682,31.0,10.0,26.0,12.0
25683,31.0,10.0,26.0,12.0
25684,31.0,10.0,27.0,17.0
25685,31.0,10.0,31.0,10.0
25686,31.0,10.0,27.0,17.0
25687,31.0,10.0,31.0,10.0
25688,31.0,10.0,31.0,11.0
25689,31.0,10.0,31.0,10.0
25690,31.0,10.0,31.0,10.0
25691,31.0,10.0,31.0,11.0
25692,31.0,10.0,31.0,11.0
25693,31.0,10.0,26.0,12.0
25694,31.0,10.0,31.0,10.0
25695,31.0,10.0,27.0,17.0
25696,31.0,10.0,26.0,12.0
25697,31.0,10.0,26.0,12.0
25698,31.0,10.0,26.0,12.0
25699,31.0,10.0,31.0,10.0
25700,31.0,10.0,31.0,10.0
25701,31.0,10.0,32.0,10.0
25702,31.0,10.0,30.0,13.0
25703,31.0,10.0,31.0,11.0
25704,31.0,10.0,31.0,10.0
25705,31.0,10.0,30.0,13.0
25706,31.0,10.0,30.0,13.0
25707,31.0,10.0,28.0,14.0
25708,31.0,10.0,32.0,10.0
25709,31.0,10.0,27.0,17.0
25710,31.0,10.0,31.0,11.0
25711,31.0,10.0,31.0,10.0
25712,31.0,10.0,27.0,17.0
25713,31.0,10.0,26.0,12.0
25714,31.0,10.0,32.0,10.0
25715,31.0,10.0,28.0,14.0
25716,31.0,10.0,28.0,14.0
25717,31.0,10.0,31.0,11.0
25718,31.0,10.0,32.0,10.0
25719,31.0,10.0,28.0,14.0
25720,31.0,10.0,31.0,10.0
25721,31.0,10.0,27.0,17.0
25722,31.0,10.0,26.0,12.0
25723,31.0,10.0,32.0,10.0
25724,31.0,10.0,30.0,13.0
25725,31.0,10.0,31.0,10.0
25726,31.0,10.0,26.0,12.0
25727,31.0,10.0,30.0,13.0
25728,31.0,10.0,30.0,13.0
25729,31.0,10.0,32.0,10.0
25730,31.0,10.0,32.0,10.0
25731,31.0,10.0,27.0,17.0
25732,31.0,10.0,31.0,10.0
25733,31.0,10.0,31.0,11.0
25734,31.0,10.0,31.0,10.0
25735,31.0,10.0,27.0,17.0
25736,31.0,10.0,26.0,12.0
25737,31.0,10.0,27.0,17.0
25738,31.0,10.0,31.0,10.0
25739,31.0,10.0,31.0,10.0
25740,31.0,10.0,30.0,13.0
25741,31.0,10.0,30.0,13.0
25742,31.0,10.0,28.0,14.0
25743,31.0,10.0,28.0,14.0
25744,31.0,10.0,28.0,14.0
25745,31.0,10.0,27.0,17.0
25746,31.0,10.0,31.0,10.0
25747,31.0,10.0,30.0,13.0
25748,31.0,10.0,28.0,14.0
25749,31.0,10.0,28.0,14.0
25750,31.0,10.0,31.0,10.0
25751,31.0,10.0,26.0,12.0
25752,31.0,10.0,27.0,17.0
25753,31.0,10.0,31.0,10.0
25754,31.0,10.0,31.0,10.0
25755,31.0,10.0,27.0,17.0
25756,31.0,10.0,32.0,10.0
25757,31.0,10.0,32.0,10.0
25758,31.0,10.0,28.0,14.0
25759,31.0,10.0,31.0,10.0
25760,31.0,10.0,32.0,10.0
25761,31.0,10.0,26.0,12.0
25762,31.0,10.0,26.0,12.0
25763,31.0,10.0,26.0,12.0
25764,31.0,10.0,28.0,14.0
25765,31.0,10.0,27.0,17.0
25766,31.0,10.0,27.0,17.0
25767,31.0,10.0,31.0,11.0
25768,31.0,10.0,28.0,14.0
25769,31.0,10.0,28.0,14.0
25770,31.0,10.0,31.0,10.0
25771,31.0,10.0,32.0,10.0
25772,31.0,10.0,27.0,17.0
25773,31.0,10.0,28.0,14.0
25774,31.0,10.0,28.0,14.0
25775,31.0,10.0,28.0,14.0
25776,31.0,10.0,31.0,10.0
25777,31.0,10.0,31.0,11.0
25778,31.0,10.0,31.0,11.0
25779,31.0,10.0,31.0,10.0
25780,31.0,10.0,31.0,11.0
25781,31.0,10.0,31.0,10.0
25782,31.0,10.0,26.0,12.0
25783,31.0,10.0,31.0,10.0
25784,31.0,10.0,31.0,11.0
25785,31.0,10.0,31.0,10.0
25786,31.0,10.0,27.0,17.0
25787,31.0,10.0,31.0,10.0
25788,31.0,10.0,28.0,14.0
25789,31.0,10.0,27.0,17.0
25790,31.0,10.0,30.0,13.0
25791,31.0,10.0,31.0,10.0
25792,31.0,10.0,26.0,12.0
25793,31.0,10.0,28.0,14.0
25794,31.0,10.0,30.0,13.0
25795,31.0,10.0,31.0,10.0
25796,31.0,10.0,32.0,10.0
25797,31.0,10.0,31.0,11.0
25798,31.0,10.0,26.0,12.0
25799,31.0,10.0,31.0,10.0
25800,31.0,10.0,31.0,10.0
25801,31.0,10.0,32.0,10.0
25802,31.0,10.0,32.0,10.0
25803,31.0,10.0,30.0,13.0
25804,31.0,10.0,26.0,12.0
25805,31.0,10.0,26.0,12.0
25806,31.0,10.0,28.0,14.0
25807,31.0,10.0,32.0,10.0
25808,31.0,10.0,31.0,10.0
25809,31.0,10.0,27.0,17.0
25810,31.0,10.0,32.0,10.0
25811,31.0,10.0,31.0,10.0
25812,31.0,10.0,28.0,14.0
25813,31.0,10.0,31.0,10.0
25814,31.0,10.0,31.0,10.0
25815,31.0,10.0,31.0,11.0
25816,31.0,10.0,28.0,14.0
25817,31.0,10.0,31.0,11.0
25818,31.0,10.0,26.0,12.0
25819,31.0,10.0,26.0,12.0
25820,31.0,10.0,31.0,10.0
25821,31.0,10.0,32.0,10.0
25822,31.0,10.0,30.0,13.0
25823,31.0,10.0,28.0,14.0
25824,31.0,10.0,28.0,14.0
25825,31.0,10.0,31.0,10.0
25826,31.0,10.0,31.0,10.0
25827,31.0,10.0,30.0,13.0
25828,31.0,10.0,30.0,13.0
25829,31.0,10.0,30.0,13.0
25830,31.0,10.0,31.0,10.0
25831,31.0,10.0,26.0,12.0
25832,31.0,10.0,31.0,10.0
25833,31.0,10.0,28.0,14.0
25834,31.0,10.0,31.0,11.0
25835,31.0,10.0,31.0,10.0
25836,31.0,10.0,31.0,10.0
25837,31.0,10.0,31.0,10.0
25838,31.0,10.0,28.0,14.0
25839,31.0,10.0,32.0,10.0
25840,31.0,10.0,31.0,11.0
25841,31.0,10.0,30.0,13.0
25842,31.0,10.0,31.0,10.0
25843,31.0,10.0,31.0,10.0
25844,31.0,10.0,30.0,13.0
25845,31.0,10.0,31.0,10.0
25846,31.0,10.0,32.0,10.0
25847,31.0,10.0,30.0,13.0
25848,31.0,10.0,31.0,10.0
25849,31.0,10.0,31.0,11.0
25850,31.0,10.0,26.0,12.0
25851,31.0,10.0,31.0,11.0
25852,31.0,10.0,31.0,10.0
25853,31.0,10.0,31.0,10.0
25854,31.0,10.0,26.0,12.0
25855,31.0,10.0,31.0,11.0
25856,31.0,10.0,30.0,13.0
25857,31.0,10.0,31.0,10.0
25858,31.0,10.0,31.0,10.0
25859,31.0,10.0,28.0,14.0
25860,31.0,10.0,31.0,10.0
25861,31.0,10.0,30.0,13.0
25862,31.0,10.0,26.0,12.0
25863,31.0,10.0,32.0,10.0
25864,31.0,10.0,32.0,10.0
25865,31.0,10.0,31.0,10.0
25866,31.0,10.0,27.0,17.0
25867,31.0,10.0,31.0,10.0
25868,31.0,10.0,26.0,12.0
25869,31.0,10.0,30.0,13.0
25870,31.0,10.0,31.0,11.0
25871,31.0,10.0,31.0,10.0
25872,31.0,10.0,32.0,10.0
25873,31.0,10.0,31.0,11.0
25874,31.0,10.0,27.0,17.0
25875,31.0,10.0,30.0,13.0
25876,31.0,10.0,28.0,14.0
25877,31.0,10.0,31.0,10.0
25878,31.0,10.0,27.0,17.0
25879,31.0,10.0,28.0,14.0
25880,31.0,10.0,28.0,14.0
25881,31.0,10.0,30.0,13.0
25882,31.0,10.0,27.0,17.0
25883,31.0,10.0,30.0,13.0
25884,31.0,10.0,30.0,13.0
25885,31.0,10.0,26.0,12.0
25886,31.0,10.0,31.0,10.0
25887,31.0,10.0,27.0,17.0
25888,31.0,10.0,31.0,10.0
25889,31.0,10.0,26.0,12.0
25890,31.0,10.0,28.0,14.0
25891,31.0,10.0,31.0,10.0
25892,31.0,10.0,32.0,10.0
25893,31.0,10.0,31.0,10.0
25894,31.0,10.0,28.0,14.0
25895,31.0,10.0,27.0,17.0
25896,31.0,10.0,31.0,10.0
25897,31.0,10.0,31.0,10.0
25898,31.0,10.0,31.0,11.0
25899,31.0,10.0,32.0,10.0
25900,31.0,10.0,26.0,12.0
25901,31.0,10.0,31.0,10.0
25902,31.0,10.0,31.0,10.0
25903,31.0,10.0,28.0,14.0
25904,31.0,10.0,31.0,10.0
25905,31.0,10.0,32.0,10.0
25906,31.0,10.0,26.0,12.0
25907,31.0,10.0,28.0,14.0
25908,31.0,10.0,27.0,17.0
25909,31.0,10.0,26.0,12.0
25910,31.0,10.0,31.0,11.0
25911,31.0,10.0,28.0,14.0
25912,31.0,10.0,31.0,11.0
25913,31.0,10.0,27.0,17.0
25914,31.0,10.0,32.0,10.0
25915,31.0,10.0,32.0,10.0
25916,31.0,10.0,32.0,10.0
25917,31.0,10.0,27.0,17.0
25918,31.0,10.0,31.0,10.0
25919,31.0,10.0,31.0,10.0
25920,31.0,10.0,31.0,11.0
25921,31.0,10.0,30.0,13.0
25922,31.0,10.0,28.0,14.0
25923,31.0,10.0,26.0,12.0
25924,31.0,10.0,28.0,14.0
25925,31.0,10.0,30.0,13.0
25926,31.0,10.0,30.0,13.0
25927,31.0,10.0,26.0,12.0
25928,31.0,10.0,26.0,12.0
25929,31.0,10.0,31.0,11.0
25930,31.0,10.0,27.0,17.0
25931,31.0,10.0,31.0,10.0
25932,31.0,10.0,28.0,14.0
25933,31.0,10.0,28.0,14.0
25934,31.0,10.0,31.0,10.0
25935,31.0,10.0,32.0,10.0
25936,31.0,10.0,31.0,10.0
25937,31.0,10.0,26.0,12.0
25938,31.0,10.0,31.0,10.0
25939,31.0,10.0,26.0,12.0
25940,31.0,10.0,31.0,10.0
25941,31.0,10.0,26.0,12.0
25942,31.0,10.0,28.0,14.0
25943,31.0,10.0,31.0,10.0
25944,31.0,10.0,28.0,14.0
25945,31.0,10.0,28.0,14.0
25946,31.0,10.0,28.0,14.0
25947,31.0,10.0,31.0,10.0
25948,31.0,10.0,27.0,17.0
25949,31.0,10.0,26.0,12.0
25950,31.0,10.0,26.0,12.0
25951,31.0,10.0,30.0,13.0
25952,31.0,10.0,31.0,10.0
25953,31.0,10.0,31.0,11.0
25954,31.0,10.0,30.0,13.0
25955,31.0,10.0,31.0,10.0
25956,31.0,10.0,26.0,12.0
25957,31.0,10.0,30.0,13.0
25958,31.0,10.0,28.0,14.0
25959,31.0,10.0,28.0,14.0
25960,31.0,10.0,26.0,12.0
25961,31.0,10.0,31.0,11.0
25962,31.0,10.0,32.0,10.0
25963,31.0,10.0,30.0,13.0
25964,31.0,10.0,32.0,10.0
25965,31.0,10.0,28.0,14.0
25966,31.0,10.0,32.0,10.0
25967,31.0,10.0,28.0,14.0
25968,31.0,10.0,30.0,13.0
25969,31.0,10.0,31.0,10.0
25970,31.0,10.0,27.0,17.0
25971,31.0,10.0,30.0,13.0
25972,31.0,10.0,31.0,10.0
25973,31.0,10.0,31.0,10.0
25974,31.0,10.0,30.0,13.0
25975,31.0,10.0,32.0,10.0
25976,31.0,10.0,31.0,11.0
25977,31.0,10.0,32.0,10.0
25978,31.0,10.0,30.0,13.0
25979,31.0,10.0,27.0,17.0
25980,31.0,10.0,27.0,17.0
25981,31.0,10.0,27.0,17.0
25982,31.0,10.0,26.0,12.0
25983,31.0,10.0,27.0,17.0
25984,31.0,10.0,30.0,13.0
25985,31.0,10.0,27.0,17.0
25986,31.0,10.0,28.0,14.0
25987,31.0,10.0,27.0,17.0
25988,31.0,10.0,31.0,10.0
25989,31.0,10.0,27.0,17.0
25990,31.0,10.0,31.0,11.0
25991,31.0,10.0,31.0,10.0
25992,31.0,10.0,32.0,10.0
25993,31.0,10.0,30.0,13.0
25994,31.0,10.0,26.0,12.0
25995,31.0,10.0,31.0,10.0
25996,31.0,10.0,31.0,11.0
25997,31.0,10.0,31.0,11.0
25998,31.0,10.0,27.0,17.0
25999,31.0,10.0,32.0,10.0
26000,31.0,10.0,30.0,13.0
26001,31.0,10.0,31.0,10.0
26002,31.0,10.0,31.0,10.0
26003,31.0,10.0,32.0,10.0
26004,31.0,10.0,26.0,12.0
26005,31.0,10.0,28.0,14.0
26006,31.0,10.0,32.0,10.0
26007,31.0,10.0,27.0,17.0
26008,31.0,10.0,31.0,10.0
26009,31.0,10.0,28.0,14.0
26010,31.0,10.0,30.0,13.0
26011,31.0,10.0,30.0,13.0
26012,31.0,10.0,31.0,10.0
26013,31.0,10.0,26.0,12.0
26014,31.0,10.0,30.0,13.0
26015,31.0,10.0,31.0,10.0
26016,31.0,10.0,31.0,10.0
26017,31.0,10.0,26.0,12.0
26018,31.0,10.0,32.0,10.0
26019,31.0,10.0,26.0,12.0
26020,31.0,10.0,28.0,14.0
26021,31.0,10.0,32.0,10.0
26022,31.0,10.0,28.0,14.0
26023,31.0,10.0,26.0,12.0
26024,31.0,10.0,26.0,12.0
26025,31.0,10.0,31.0,11.0
26026,31.0,10.0,28.0,14.0
26027,31.0,10.0,31.0,10.0
26028,31.0,10.0,26.0,12.0
26029,31.0,10.0,28.0,14.0
26030,31.0,10.0,26.0,12.0
26031,31.0,10.0,26.0,12.0
26032,31.0,10.0,31.0,11.0
26033,31.0,10.0,32.0,10.0
26034,31.0,10.0,26.0,12.0
26035,31.0,10.0,31.0,10.0
26036,31.0,10.0,28.0,14.0
26037,31.0,10.0,26.0,12.0
26038,31.0,10.0,31.0,11.0
26039,31.0,10.0,27.0,17.0
26040,31.0,10.0,30.0,13.0
26041,31.0,10.0,28.0,14.0
26042,31.0,10.0,31.0,10.0
26043,31.0,10.0,31.0,10.0
26044,31.0,10.0,31.0,10.0
26045,31.0,10.0,31.0,10.0
26046,31.0,10.0,27.0,17.0
26047,31.0,10.0,28.0,14.0
26048,31.0,10.0,31.0,10.0
26049,31.0,10.0,26.0,12.0
26050,31.0,10.0,31.0,10.0
26051,31.0,10.0,30.0,13.0
26052,31.0,10.0,27.0,17.0
26053,31.0,10.0,27.0,17.0
26054,31.0,10.0,31.0,10.0
26055,31.0,10.0,26.0,12.0
26056,31.0,10.0,26.0,12.0
26057,31.0,10.0,28.0,14.0
26058,31.0,10.0,31.0,10.0
26059,31.0,10.0,27.0,17.0
26060,31.0,10.0,28.0,14.0
26061,31.0,10.0,31.0,10.0
26062,31.0,10.0,32.0,10.0
26063,31.0,10.0,31.0,10.0
26064,31.0,10.0,27.0,17.0
26065,31.0,10.0,32.0,10.0
26066,31.0,10.0,30.0,13.0
26067,31.0,10.0,30.0,13.0
26068,31.0,10.0,28.0,14.0
26069,31.0,10.0,31.0,11.0
26070,31.0,10.0,31.0,11.0
26071,31.0,10.0,27.0,17.0
26072,31.0,10.0,31.0,10.0
26073,31.0,10.0,28.0,14.0
26074,31.0,10.0,26.0,12.0
26075,31.0,10.0,32.0,10.0
26076,31.0,10.0,30.0,13.0
26077,31.0,10.0,27.0,17.0
26078,31.0,10.0,26.0,12.0
26079,31.0,10.0,31.0,11.0
26080,31.0,10.0,31.0,10.0
26081,31.0,10.0,32.0,10.0
26082,31.0,10.0,31.0,10.0
26083,31.0,10.0,28.0,14.0
26084,31.0,10.0,28.0,14.0
26085,31.0,10.0,27.0,17.0
26086,31.0,10.0,31.0,11.0
26087,31.0,10.0,30.0,13.0
26088,31.0,10.0,27.0,17.0
26089,31.0,10.0,32.0,10.0
26090,31.0,10.0,31.0,11.0
26091,31.0,10.0,27.0,17.0
26092,31.0,10.0,31.0,10.0
26093,31.0,10.0,28.0,14.0
26094,31.0,10.0,31.0,11.0
26095,31.0,10.0,32.0,10.0
26096,31.0,10.0,27.0,17.0
26097,31.0,10.0,27.0,17.0
26098,31.0,10.0,26.0,12.0
26099,31.0,10.0,28.0,14.0
26100,31.0,10.0,27.0,17.0
26101,31.0,10.0,31.0,10.0
26102,31.0,10.0,31.0,10.0
26103,31.0,10.0,26.0,12.0
26104,31.0,10.0,31.0,10.0
26105,31.0,10.0,31.0,10.0
26106,31.0,10.0,27.0,17.0
26107,31.0,10.0,28.0,14.0
26108,31.0,10.0,26.0,12.0
26109,31.0,10.0,31.0,10.0
26110,31.0,10.0,31.0,11.0
26111,31.0,10.0,26.0,12.0
26112,31.0,10.0,32.0,10.0
26113,31.0,10.0,28.0,14.0
26114,31.0,10.0,26.0,12.0
26115,31.0,10.0,30.0,13.0
26116,31.0,10.0,31.0,10.0
26117,31.0,10.0,26.0,12.0
26118,31.0,10.0,26.0,12.0
26119,31.0,10.0,31.0,10.0
26120,31.0,10.0,31.0,10.0
26121,31.0,10.0,30.0,13.0
26122,31.0,10.0,30.0,13.0
26123,31.0,10.0,30.0,13.0
26124,31.0,10.0,31.0,10.0
26125,31.0,10.0,30.0,13.0
26126,31.0,10.0,31.0,10.0
26127,31.0,10.0,31.0,11.0
26128,31.0,10.0,28.0,14.0
26129,31.0,10.0,26.0,12.0
26130,31.0,10.0,31.0,10.0
26131,31.0,10.0,26.0,12.0
26132,31.0,10.0,30.0,13.0
26133,31.0,10.0,30.0,13.0
26134,31.0,10.0,31.0,11.0
26135,31.0,10.0,28.0,14.0
26136,31.0,10.0,30.0,13.0
26137,31.0,10.0,30.0,13.0
26138,31.0,10.0,31.0,10.0
26139,31.0,10.0,30.0,13.0
26140,31.0,10.0,31.0,11.0
26141,31.0,10.0,31.0,10.0
26142,31.0,10.0,27.0,17.0
26143,31.0,10.0,26.0,12.0
26144,31.0,10.0,30.0,13.0
26145,31.0,10.0,26.0,12.0
26146,31.0,10.0,31.0,11.0
26147,31.0,10.0,27.0,17.0
26148,31.0,10.0,32.0,10.0
26149,31.0,10.0,31.0,11.0
26150,31.0,10.0,31.0,10.0
26151,31.0,10.0,27.0,17.0
26152,31.0,10.0,32.0,10.0
26153,31.0,10.0,31.0,11.0
26154,31.0,10.0,31.0,10.0
26155,31.0,10.0,28.0,14.0
26156,31.0,10.0,27.0,17.0
26157,31.0,10.0,28.0,14.0
26158,31.0,10.0,28.0,14.0
26159,31.0,10.0,26.0,12.0
26160,31.0,10.0,31.0,11.0
26161,31.0,10.0,32.0,10.0
26162,31.0,10.0,31.0,11.0
26163,31.0,10.0,28.0,14.0
26164,31.0,10.0,27.0,17.0
26165,31.0,10.0,31.0,10.0
26166,31.0,10.0,31.0,11.0
26167,31.0,10.0,32.0,10.0
26168,31.0,10.0,31.0,10.0
26169,31.0,10.0,31.0,10.0
26170,31.0,10.0,31.0,11.0
26171,31.0,10.0,26.0,12.0
26172,31.0,10.0,27.0,17.0
26173,31.0,10.0,28.0,14.0
26174,31.0,10.0,31.0,11.0
26175,31.0,10.0,27.0,17.0
26176,31.0,10.0,28.0,14.0
26177,31.0,10.0,32.0,10.0
26178,31.0,10.0,32.0,10.0
26179,31.0,10.0,30.0,13.0
26180,31.0,10.0,27.0,17.0
26181,31.0,10.0,28.0,14.0
26182,31.0,10.0,31.0,10.0
26183,31.0,10.0,30.0,13.0
26184,31.0,10.0,32.0,10.0
26185,31.0,10.0,31.0,10.0
26186,31.0,10.0,28.0,14.0
26187,31.0,10.0,31.0,10.0
26188,31.0,10.0,30.0,13.0
26189,31.0,10.0,30.0,13.0
26190,31.0,10.0,27.0,17.0
26191,31.0,10.0,28.0,14.0
26192,31.0,10.0,31.0,10.0
26193,31.0,10.0,31.0,10.0
26194,31.0,10.0,30.0,13.0
26195,31.0,10.0,26.0,12.0
26196,31.0,10.0,30.0,13.0
26197,31.0,10.0,27.0,17.0
26198,31.0,10.0,31.0,11.0
26199,31.0,10.0,27.0,17.0
26200,31.0,10.0,30.0,13.0
26201,31.0,10.0,31.0,10.0
26202,31.0,10.0,28.0,14.0
26203,31.0,10.0,31.0,10.0
26204,31.0,10.0,32.0,10.0
26205,31.0,10.0,28.0,14.0
26206,31.0,10.0,27.0,17.0
26207,31.0,10.0,32.0,10.0
26208,31.0,10.0,32.0,10.0
26209,31.0,10.0,28.0,14.0
26210,31.0,10.0,26.0,12.0
26211,31.0,10.0,31.0,10.0
26212,31.0,10.0,32.0,10.0
26213,31.0,10.0,27.0,17.0
26214,31.0,10.0,32.0,10.0
26215,31.0,10.0,28.0,14.0
26216,31.0,10.0,31.0,11.0
26217,31.0,10.0,31.0,10.0
26218,31.0,10.0,31.0,10.0
26219,31.0,10.0,31.0,10.0
26220,31.0,10.0,27.0,17.0
26221,31.0,10.0,31.0,10.0
26222,31.0,10.0,32.0,10.0
26223,31.0,10.0,26.0,12.0
26224,31.0,10.0,31.0,10.0
26225,31.0,10.0,27.0,17.0
26226,31.0,10.0,26.0,12.0
26227,31.0,10.0,31.0,11.0
26228,31.0,10.0,27.0,17.0
26229,31.0,10.0,26.0,12.0
26230,31.0,10.0,28.0,14.0
26231,31.0,10.0,27.0,17.0
26232,31.0,10.0,30.0,13.0
26233,31.0,10.0,30.0,13.0
26234,31.0,10.0,27.0,17.0
26235,31.0,10.0,27.0,17.0
26236,31.0,10.0,31.0,10.0
26237,31.0,10.0,28.0,14.0
26238,31.0,10.0,31.0,11.0
26239,31.0,10.0,28.0,14.0
26240,31.0,10.0,31.0,10.0
26241,31.0,10.0,30.0,13.0
26242,31.0,10.0,26.0,12.0
26243,31.0,10.0,26.0,12.0
26244,31.0,10.0,31.0,10.0
26245,31.0,10.0,28.0,14.0
26246,31.0,10.0,31.0,11.0
26247,31.0,10.0,32.0,10.0
26248,31.0,10.0,31.0,10.0
26249,31.0,10.0,31.0,11.0
26250,31.0,10.0,32.0,10.0
26251,31.0,10.0,30.0,13.0
26252,31.0,10.0,27.0,17.0
26253,31.0,10.0,31.0,10.0
26254,31.0,10.0,31.0,11.0
26255,31.0,10.0,31.0,10.0
26256,31.0,10.0,32.0,10.0
26257,31.0,10.0,31.0,10.0
26258,31.0,10.0,31.0,10.0
26259,31.0,10.0,31.0,11.0
26260,31.0,10.0,27.0,17.0
26261,31.0,10.0,31.0,11.0
26262,31.0,10.0,31.0,10.0
26263,31.0,10.0,31.0,10.0
26264,31.0,10.0,31.0,10.0
26265,31.0,10.0,32.0,10.0
26266,31.0,10.0,27.0,17.0
26267,31.0,10.0,27.0,17.0
26268,31.0,10.0,30.0,13.0
26269,31.0,10.0,26.0,12.0
26270,31.0,10.0,31.0,11.0
26271,31.0,10.0,32.0,10.0
26272,31.0,10.0,28.0,14.0
26273,31.0,10.0,27.0,17.0
26274,31.0,10.0,32.0,10.0
26275,31.0,10.0,31.0,11.0
26276,31.0,10.0,28.0,14.0
26277,31.0,10.0,31.0,10.0
26278,31.0,10.0,31.0,10.0
26279,31.0,10.0,27.0,17.0
26280,31.0,10.0,31.0,11.0
26281,31.0,10.0,31.0,10.0
26282,31.0,10.0,27.0,17.0
26283,31.0,10.0,26.0,12.0
26284,31.0,10.0,26.0,12.0
26285,31.0,10.0,30.0,13.0
26286,31.0,10.0,28.0,14.0
26287,31.0,10.0,32.0,10.0
26288,31.0,10.0,26.0,12.0
26289,31.0,10.0,30.0,13.0
26290,31.0,10.0,31.0,11.0
26291,31.0,10.0,27.0,17.0
26292,31.0,10.0,30.0,13.0
26293,31.0,10.0,27.0,17.0
26294,31.0,10.0,31.0,11.0
26295,31.0,10.0,31.0,10.0
26296,31.0,10.0,27.0,17.0
26297,31.0,10.0,31.0,10.0
26298,31.0,10.0,26.0,12.0
26299,31.0,10.0,31.0,11.0
26300,31.0,10.0,31.0,11.0
26301,31.0,10.0,32.0,10.0
26302,31.0,10.0,31.0,11.0
26303,31.0,10.0,31.0,10.0
26304,31.0,10.0,27.0,17.0
26305,31.0,10.0,31.0,10.0
26306,31.0,10.0,31.0,10.0
26307,31.0,10.0,30.0,13.0
26308,31.0,10.0,26.0,12.0
26309,31.0,10.0,31.0,10.0
26310,31.0,10.0,26.0,12.0
26311,31.0,10.0,31.0,11.0
26312,31.0,10.0,32.0,10.0
26313,31.0,10.0,31.0,10.0
26314,31.0,10.0,27.0,17.0
26315,31.0,10.0,31.0,10.0
26316,31.0,10.0,31.0,11.0
26317,31.0,10.0,32.0,10.0
26318,31.0,10.0,28.0,14.0
26319,31.0,10.0,30.0,13.0
26320,31.0,10.0,28.0,14.0
26321,31.0,10.0,31.0,11.0
26322,31.0,10.0,30.0,13.0
26323,31.0,10.0,32.0,10.0
26324,31.0,10.0,31.0,11.0
26325,31.0,10.0,26.0,12.0
26326,31.0,10.0,27.0,17.0
26327,31.0,10.0,31.0,10.0
26328,31.0,10.0,31.0,11.0
26329,31.0,10.0,26.0,12.0
26330,31.0,10.0,26.0,12.0
26331,31.0,10.0,27.0,17.0
26332,31.0,10.0,31.0,11.0
26333,31.0,10.0,31.0,10.0
26334,31.0,10.0,32.0,10.0
26335,31.0,10.0,27.0,17.0
26336,31.0,10.0,31.0,10.0
26337,31.0,10.0,27.0,17.0
26338,31.0,10.0,28.0,14.0
26339,31.0,10.0,32.0,10.0
26340,31.0,10.0,31.0,10.0
26341,31.0,10.0,30.0,13.0
26342,31.0,10.0,27.0,17.0
26343,31.0,10.0,31.0,10.0
26344,31.0,10.0,28.0,14.0
26345,31.0,10.0,28.0,14.0
26346,31.0,10.0,31.0,11.0
26347,31.0,10.0,31.0,10.0
26348,31.0,10.0,32.0,10.0
26349,31.0,10.0,32.0,10.0
26350,31.0,10.0,26.0,12.0
26351,31.0,10.0,28.0,14.0
26352,31.0,10.0,30.0,13.0
26353,31.0,10.0,26.0,12.0
26354,31.0,10.0,28.0,14.0
26355,31.0,10.0,31.0,11.0
26356,31.0,10.0,27.0,17.0
26357,31.0,10.0,32.0,10.0
26358,31.0,10.0,26.0,12.0
26359,31.0,10.0,32.0,10.0
26360,31.0,10.0,30.0,13.0
26361,31.0,10.0,26.0,12.0
26362,31.0,10.0,26.0,12.0
26363,31.0,10.0,26.0,12.0
26364,31.0,10.0,31.0,11.0
26365,31.0,10.0,28.0,14.0
26366,31.0,10.0,32.0,10.0
26367,31.0,10.0,31.0,10.0
26368,31.0,10.0,28.0,14.0
26369,31.0,10.0,30.0,13.0
26370,31.0,10.0,31.0,11.0
26371,31.0,10.0,26.0,12.0
26372,31.0,10.0,26.0,12.0
26373,31.0,10.0,28.0,14.0
26374,31.0,10.0,31.0,10.0
26375,31.0,10.0,26.0,12.0
26376,31.0,10.0,31.0,10.0
26377,31.0,10.0,26.0,12.0
26378,31.0,10.0,27.0,17.0
26379,31.0,10.0,31.0,10.0
26380,31.0,10.0,27.0,17.0
26381,31.0,10.0,31.0,10.0
26382,31.0,10.0,27.0,17.0
26383,31.0,10.0,26.0,12.0
26384,31.0,10.0,30.0,13.0
26385,31.0,10.0,31.0,10.0
26386,31.0,10.0,26.0,12.0
26387,31.0,10.0,32.0,10.0
26388,31.0,10.0,32.0,10.0
26389,31.0,10.0,31.0,10.0
26390,31.0,10.0,31.0,10.0
26391,31.0,10.0,32.0,10.0
26392,31.0,10.0,30.0,13.0
26393,31.0,10.0,32.0,10.0
26394,31.0,10.0,26.0,12.0
26395,31.0,10.0,26.0,12.0
26396,31.0,10.0,32.0,10.0
26397,31.0,10.0,27.0,17.0
26398,31.0,10.0,31.0,11.0
26399,31.0,10.0,31.0,10.0
26400,31.0,10.0,31.0,10.0
26401,31.0,10.0,28.0,14.0
26402,31.0,10.0,27.0,17.0
26403,31.0,10.0,31.0,10.0
26404,31.0,10.0,30.0,13.0
26405,31.0,10.0,27.0,17.0
26406,31.0,10.0,28.0,14.0
26407,31.0,10.0,32.0,10.0
26408,31.0,10.0,30.0,13.0
26409,31.0,10.0,31.0,11.0
26410,31.0,10.0,28.0,14.0
26411,31.0,10.0,31.0,11.0
26412,31.0,10.0,31.0,10.0
26413,31.0,10.0,27.0,17.0
26414,31.0,10.0,31.0,10.0
26415,31.0,10.0,31.0,10.0
26416,31.0,10.0,31.0,10.0
26417,31.0,10.0,31.0,11.0
26418,31.0,10.0,26.0,12.0
26419,31.0,10.0,31.0,10.0
26420,31.0,10.0,31.0,10.0
26421,31.0,10.0,28.0,14.0
26422,31.0,10.0,27.0,17.0
26423,31.0,10.0,30.0,13.0
26424,31.0,10.0,27.0,17.0
26425,31.0,10.0,31.0,10.0
26426,31.0,10.0,31.0,10.0
26427,31.0,10.0,31.0,10.0
26428,31.0,10.0,26.0,12.0
26429,31.0,10.0,30.0,13.0
26430,31.0,10.0,28.0,14.0
26431,31.0,10.0,28.0,14.0
26432,31.0,10.0,28.0,14.0
26433,31.0,10.0,27.0,17.0
26434,31.0,10.0,31.0,10.0
26435,31.0,10.0,31.0,11.0
26436,31.0,10.0,28.0,14.0
26437,31.0,10.0,26.0,12.0
26438,31.0,10.0,31.0,10.0
26439,31.0,10.0,26.0,12.0
26440,31.0,10.0,31.0,10.0
26441,31.0,10.0,32.0,10.0
26442,31.0,10.0,28.0,14.0
26443,31.0,10.0,28.0,14.0
26444,31.0,10.0,30.0,13.0
26445,31.0,10.0,26.0,12.0
26446,31.0,10.0,32.0,10.0
26447,31.0,10.0,26.0,12.0
26448,31.0,10.0,31.0,10.0
26449,31.0,10.0,31.0,11.0
26450,31.0,10.0,31.0,10.0
26451,31.0,10.0,26.0,12.0
26452,31.0,10.0,27.0,17.0
26453,31.0,10.0,26.0,12.0
26454,31.0,10.0,27.0,17.0
26455,31.0,10.0,28.0,14.0
26456,31.0,10.0,31.0,10.0
26457,31.0,10.0,31.0,10.0
26458,31.0,10.0,31.0,10.0
26459,31.0,10.0,31.0,11.0
26460,31.0,10.0,28.0,14.0
26461,31.0,10.0,28.0,14.0
26462,31.0,10.0,32.0,10.0
26463,31.0,10.0,26.0,12.0
26464,31.0,10.0,27.0,17.0
26465,31.0,10.0,28.0,14.0
26466,31.0,10.0,31.0,10.0
26467,31.0,10.0,32.0,10.0
26468,31.0,10.0,31.0,10.0
26469,31.0,10.0,28.0,14.0
26470,31.0,10.0,28.0,14.0
26471,31.0,10.0,31.0,10.0
26472,31.0,10.0,32.0,10.0
26473,31.0,10.0,27.0,17.0
26474,31.0,10.0,30.0,13.0
26475,31.0,10.0,30.0,13.0
26476,31.0,10.0,31.0,11.0
26477,31.0,10.0,28.0,14.0
26478,31.0,10.0,31.0,11.0
26479,31.0,10.0,26.0,12.0
26480,31.0,10.0,28.0,14.0
26481,31.0,10.0,26.0,12.0
26482,31.0,10.0,31.0,10.0
26483,31.0,10.0,31.0,10.0
26484,31.0,10.0,31.0,10.0
26485,31.0,10.0,31.0,10.0
26486,31.0,10.0,26.0,12.0
26487,31.0,10.0,31.0,10.0
26488,31.0,10.0,28.0,14.0
26489,31.0,10.0,31.0,10.0
26490,31.0,10.0,31.0,10.0
26491,31.0,10.0,30.0,13.0
26492,31.0,10.0,28.0,14.0
26493,31.0,10.0,31.0,10.0
26494,31.0,10.0,31.0,10.0
26495,31.0,10.0,32.0,10.0
26496,31.0,10.0,31.0,10.0
26497,31.0,10.0,31.0,10.0
26498,31.0,10.0,31.0,10.0
26499,31.0,10.0,26.0,12.0
26500,31.0,10.0,32.0,10.0
26501,31.0,10.0,26.0,12.0
26502,31.0,10.0,31.0,10.0
26503,31.0,10.0,31.0,10.0
26504,31.0,10.0,31.0,10.0
26505,31.0,10.0,28.0,14.0
26506,31.0,10.0,32.0,10.0
26507,31.0,10.0,31.0,11.0
26508,31.0,10.0,30.0,13.0
26509,31.0,10.0,26.0,12.0
26510,31.0,10.0,31.0,11.0
26511,31.0,10.0,31.0,10.0
26512,31.0,10.0,31.0,11.0
26513,31.0,10.0,32.0,10.0
26514,31.0,10.0,31.0,10.0
26515,31.0,10.0,27.0,17.0
26516,31.0,10.0,26.0,12.0
26517,31.0,10.0,31.0,11.0
26518,31.0,10.0,31.0,10.0
26519,31.0,10.0,31.0,10.0
26520,31.0,10.0,28.0,14.0
26521,31.0,10.0,26.0,12.0
26522,31.0,10.0,30.0,13.0
26523,31.0,10.0,28.0,14.0
26524,31.0,10.0,27.0,17.0
26525,31.0,10.0,31.0,11.0
26526,31.0,10.0,31.0,10.0
26527,31.0,10.0,26.0,12.0
26528,31.0,10.0,31.0,10.0
26529,31.0,10.0,26.0,12.0
26530,31.0,10.0,31.0,10.0
26531,31.0,10.0,32.0,10.0
26532,31.0,10.0,27.0,17.0
26533,31.0,10.0,31.0,10.0
26534,31.0,10.0,30.0,13.0
26535,31.0,10.0,28.0,14.0
26536,31.0,10.0,30.0,13.0
26537,31.0,10.0,31.0,11.0
26538,31.0,10.0,26.0,12.0
26539,31.0,10.0,31.0,10.0
26540,31.0,10.0,31.0,10.0
26541,31.0,10.0,26.0,12.0
26542,31.0,10.0,32.0,10.0
26543,31.0,10.0,30.0,13.0
26544,31.0,10.0,31.0,11.0
26545,31.0,10.0,31.0,10.0
26546,31.0,10.0,28.0,14.0
26547,31.0,10.0,26.0,12.0
26548,31.0,10.0,31.0,10.0
26549,31.0,10.0,26.0,12.0
26550,31.0,10.0,31.0,10.0
26551,31.0,10.0,30.0,13.0
26552,31.0,10.0,31.0,10.0
26553,31.0,10.0,27.0,17.0
26554,31.0,10.0,31.0,11.0
26555,31.0,10.0,26.0,12.0
26556,31.0,10.0,26.0,12.0
26557,31.0,10.0,31.0,10.0
26558,31.0,10.0,31.0,11.0
26559,31.0,10.0,26.0,12.0
26560,31.0,10.0,27.0,17.0
26561,31.0,10.0,28.0,14.0
26562,31.0,10.0,32.0,10.0
26563,31.0,10.0,31.0,10.0
26564,31.0,10.0,26.0,12.0
26565,31.0,10.0,28.0,14.0
26566,31.0,10.0,31.0,10.0
26567,31.0,10.0,28.0,14.0
26568,31.0,10.0,31.0,10.0
26569,31.0,10.0,27.0,17.0
26570,31.0,10.0,30.0,13.0
26571,31.0,10.0,26.0,12.0
26572,31.0,10.0,26.0,12.0
26573,31.0,10.0,31.0,10.0
26574,31.0,10.0,31.0,11.0
26575,31.0,10.0,26.0,12.0
26576,31.0,10.0,32.0,10.0
26577,31.0,10.0,31.0,10.0
26578,31.0,10.0,27.0,17.0
26579,31.0,10.0,32.0,10.0
26580,31.0,10.0,31.0,10.0
26581,31.0,10.0,31.0,10.0
26582,31.0,10.0,31.0,10.0
26583,31.0,10.0,31.0,10.0
26584,31.0,10.0,31.0,10.0
26585,31.0,10.0,32.0,10.0
26586,31.0,10.0,31.0,10.0
26587,31.0,10.0,31.0,10.0
26588,31.0,10.0,30.0,13.0
26589,31.0,10.0,30.0,13.0
26590,31.0,10.0,27.0,17.0
26591,31.0,10.0,31.0,10.0
26592,31.0,10.0,30.0,13.0
26593,31.0,10.0,28.0,14.0
26594,31.0,10.0,31.0,10.0
26595,31.0,10.0,31.0,11.0
26596,31.0,10.0,30.0,13.0
26597,31.0,10.0,27.0,17.0
26598,31.0,10.0,30.0,13.0
26599,31.0,10.0,31.0,10.0
26600,31.0,10.0,31.0,10.0
26601,31.0,10.0,31.0,11.0
26602,31.0,10.0,31.0,10.0
26603,31.0,10.0,31.0,10.0
26604,31.0,10.0,28.0,14.0
26605,31.0,10.0,32.0,10.0
26606,31.0,10.0,26.0,12.0
26607,31.0,10.0,31.0,11.0
26608,31.0,10.0,26.0,12.0
26609,31.0,10.0,27.0,17.0
26610,31.0,10.0,31.0,10.0
26611,31.0,10.0,31.0,10.0
26612,31.0,10.0,31.0,10.0
26613,31.0,10.0,26.0,12.0
26614,31.0,10.0,27.0,17.0
26615,31.0,10.0,31.0,10.0
26616,31.0,10.0,31.0,11.0
26617,31.0,10.0,31.0,11.0
26618,31.0,10.0,31.0,10.0
26619,31.0,10.0,27.0,17.0
26620,31.0,10.0,31.0,10.0
26621,31.0,10.0,32.0,10.0
26622,31.0,10.0,26.0,12.0
26623,31.0,10.0,32.0,10.0
26624,31.0,10.0,31.0,10.0
26625,31.0,10.0,27.0,17.0
26626,31.0,10.0,27.0,17.0
26627,31.0,10.0,28.0,14.0
26628,31.0,10.0,31.0,11.0
26629,31.0,10.0,31.0,10.0
26630,31.0,10.0,31.0,10.0
26631,31.0,10.0,26.0,12.0
26632,31.0,10.0,26.0,12.0
26633,31.0,10.0,31.0,10.0
26634,31.0,10.0,31.0,11.0
26635,31.0,10.0,31.0,11.0
26636,31.0,10.0,28.0,14.0
26637,31.0,10.0,28.0,14.0
26638,31.0,10.0,30.0,13.0
26639,31.0,10.0,31.0,10.0
26640,31.0,10.0,31.0,11.0
26641,31.0,10.0,30.0,13.0
26642,31.0,10.0,31.0,11.0
26643,31.0,10.0,26.0,12.0
26644,31.0,10.0,32.0,10.0
26645,31.0,10.0,31.0,10.0
26646,31.0,10.0,28.0,14.0
26647,31.0,10.0,28.0,14.0
26648,31.0,10.0,31.0,10.0
26649,31.0,10.0,30.0,13.0
26650,31.0,10.0,31.0,11.0
26651,31.0,10.0,28.0,14.0
26652,31.0,10.0,31.0,11.0
26653,31.0,10.0,32.0,10.0
26654,31.0,10.0,26.0,12.0
26655,31.0,10.0,28.0,14.0
26656,31.0,10.0,30.0,13.0
26657,31.0,10.0,28.0,14.0
26658,31.0,10.0,26.0,12.0
26659,31.0,10.0,31.0,10.0
26660,31.0,10.0,27.0,17.0
26661,31.0,10.0,31.0,10.0
26662,31.0,10.0,28.0,14.0
26663,31.0,10.0,30.0,13.0
26664,31.0,10.0,30.0,13.0
26665,31.0,10.0,31.0,11.0
26666,31.0,10.0,32.0,10.0
26667,31.0,10.0,27.0,17.0
26668,31.0,10.0,31.0,10.0
26669,31.0,10.0,30.0,13.0
26670,31.0,10.0,31.0,10.0
26671,31.0,10.0,31.0,10.0
26672,31.0,10.0,28.0,14.0
26673,31.0,10.0,28.0,14.0
26674,31.0,10.0,32.0,10.0
26675,31.0,10.0,31.0,10.0
26676,31.0,10.0,32.0,10.0
26677,31.0,10.0,32.0,10.0
26678,31.0,10.0,31.0,10.0
26679,31.0,10.0,32.0,10.0
26680,31.0,10.0,28.0,14.0
26681,31.0,10.0,26.0,12.0
26682,31.0,10.0,31.0,10.0
26683,31.0,10.0,32.0,10.0
26684,31.0,10.0,31.0,11.0
26685,31.0,10.0,31.0,10.0
26686,31.0,10.0,27.0,17.0
26687,31.0,10.0,28.0,14.0
26688,31.0,10.0,27.0,17.0
26689,31.0,10.0,31.0,10.0
26690,31.0,10.0,28.0,14.0
26691,31.0,10.0,27.0,17.0
26692,31.0,10.0,30.0,13.0
26693,31.0,10.0,31.0,10.0
26694,31.0,10.0,31.0,10.0
26695,31.0,10.0,32.0,10.0
26696,31.0,10.0,27.0,17.0
26697,31.0,10.0,31.0,11.0
26698,31.0,10.0,26.0,12.0
26699,31.0,10.0,32.0,10.0
26700,31.0,10.0,28.0,14.0
26701,31.0,10.0,30.0,13.0
26702,31.0,10.0,28.0,14.0
26703,31.0,10.0,26.0,12.0
26704,31.0,10.0,31.0,10.0
26705,31.0,10.0,31.0,10.0
26706,31.0,10.0,32.0,10.0
26707,31.0,10.0,26.0,12.0
26708,31.0,10.0,30.0,13.0
26709,31.0,10.0,26.0,12.0
26710,31.0,10.0,31.0,10.0
26711,31.0,10.0,26.0,12.0
26712,31.0,10.0,31.0,10.0
26713,31.0,10.0,32.0,10.0
26714,31.0,10.0,31.0,10.0
26715,31.0,10.0,27.0,17.0
26716,31.0,10.0,31.0,10.0
26717,31.0,10.0,32.0,10.0
26718,31.0,10.0,32.0,10.0
26719,31.0,10.0,27.0,17.0
26720,31.0,10.0,31.0,10.0
26721,31.0,10.0,26.0,12.0
26722,31.0,10.0,28.0,14.0
26723,31.0,10.0,28.0,14.0
26724,31.0,10.0,27.0,17.0
26725,31.0,10.0,31.0,10.0
26726,31.0,10.0,32.0,10.0
26727,31.0,10.0,31.0,11.0
26728,31.0,10.0,30.0,13.0
26729,31.0,10.0,26.0,12.0
26730,31.0,10.0,28.0,14.0
26731,31.0,10.0,32.0,10.0
26732,31.0,10.0,26.0,12.0
26733,31.0,10.0,30.0,13.0
26734,31.0,10.0,32.0,10.0
26735,31.0,10.0,31.0,11.0
26736,31.0,10.0,28.0,14.0
26737,31.0,10.0,31.0,10.0
26738,31.0,10.0,31.0,11.0
26739,31.0,10.0,27.0,17.0
26740,31.0,10.0,31.0,10.0
26741,31.0,10.0,28.0,14.0
26742,31.0,10.0,31.0,10.0
26743,31.0,10.0,30.0,13.0
26744,31.0,10.0,27.0,17.0
26745,31.0,10.0,31.0,10.0
26746,31.0,10.0,31.0,11.0
26747,31.0,10.0,26.0,12.0
26748,31.0,10.0,32.0,10.0
26749,31.0,10.0,30.0,13.0
26750,31.0,10.0,31.0,11.0
26751,31.0,10.0,32.0,10.0
26752,31.0,10.0,31.0,11.0
26753,31.0,10.0,31.0,11.0
26754,31.0,10.0,31.0,10.0
26755,31.0,10.0,30.0,13.0
26756,31.0,10.0,31.0,11.0
26757,31.0,10.0,28.0,14.0
26758,31.0,10.0,28.0,14.0
26759,31.0,10.0,26.0,12.0
26760,31.0,10.0,28.0,14.0
26761,31.0,10.0,32.0,10.0
26762,31.0,10.0,31.0,10.0
26763,31.0,10.0,31.0,10.0
26764,31.0,10.0,30.0,13.0
26765,31.0,10.0,32.0,10.0
26766,31.0,10.0,31.0,10.0
26767,31.0,10.0,30.0,13.0
26768,31.0,10.0,28.0,14.0
26769,31.0,10.0,31.0,11.0
26770,31.0,10.0,28.0,14.0
26771,31.0,10.0,31.0,10.0
26772,31.0,10.0,26.0,12.0
26773,31.0,10.0,28.0,14.0
26774,31.0,10.0,31.0,10.0
26775,31.0,10.0,26.0,12.0
26776,31.0,10.0,31.0,10.0
26777,31.0,10.0,31.0,11.0
26778,31.0,10.0,32.0,10.0
26779,31.0,10.0,31.0,11.0
26780,31.0,10.0,31.0,10.0
26781,31.0,10.0,31.0,10.0
26782,31.0,10.0,31.0,10.0
26783,31.0,10.0,31.0,10.0
26784,31.0,10.0,26.0,12.0
26785,31.0,10.0,31.0,10.0
26786,31.0,10.0,31.0,10.0
26787,31.0,10.0,30.0,13.0
26788,31.0,10.0,31.0,10.0
26789,31.0,10.0,26.0,12.0
26790,31.0,10.0,31.0,10.0
26791,31.0,10.0,28.0,14.0
26792,31.0,10.0,31.0,10.0
26793,31.0,10.0,31.0,11.0
26794,31.0,10.0,28.0,14.0
26795,31.0,10.0,28.0,14.0
26796,31.0,10.0,26.0,12.0
26797,31.0,10.0,32.0,10.0
26798,31.0,10.0,32.0,10.0
26799,31.0,10.0,31.0,10.0
26800,31.0,10.0,31.0,10.0
26801,31.0,10.0,31.0,10.0
26802,31.0,10.0,27.0,17.0
26803,31.0,10.0,31.0,10.0
26804,31.0,10.0,31.0,10.0
26805,31.0,10.0,28.0,14.0
26806,31.0,10.0,31.0,10.0
26807,31.0,10.0,26.0,12.0
26808,31.0,10.0,32.0,10.0
26809,31.0,10.0,28.0,14.0
26810,31.0,10.0,31.0,11.0
26811,31.0,10.0,27.0,17.0
26812,31.0,10.0,30.0,13.0
26813,31.0,10.0,28.0,14.0
26814,31.0,10.0,30.0,13.0
26815,31.0,10.0,27.0,17.0
26816,31.0,10.0,26.0,12.0
26817,31.0,10.0,31.0,11.0
26818,31.0,10.0,30.0,13.0
26819,31.0,10.0,27.0,17.0
26820,31.0,10.0,31.0,10.0
26821,31.0,10.0,28.0,14.0
26822,31.0,10.0,28.0,14.0
26823,31.0,10.0,28.0,14.0
26824,31.0,10.0,30.0,13.0
26825,31.0,10.0,32.0,10.0
26826,31.0,10.0,31.0,10.0
26827,31.0,10.0,27.0,17.0
26828,31.0,10.0,31.0,10.0
26829,31.0,10.0,31.0,11.0
26830,31.0,10.0,31.0,10.0
26831,31.0,10.0,31.0,10.0
26832,31.0,10.0,28.0,14.0
26833,31.0,10.0,27.0,17.0
26834,31.0,10.0,30.0,13.0
26835,31.0,10.0,27.0,17.0
26836,31.0,10.0,30.0,13.0
26837,31.0,10.0,31.0,10.0
26838,31.0,10.0,31.0,10.0
26839,31.0,10.0,31.0,10.0
26840,31.0,10.0,28.0,14.0
26841,31.0,10.0,32.0,10.0
26842,31.0,10.0,26.0,12.0
26843,31.0,10.0,28.0,14.0
26844,31.0,10.0,30.0,13.0
26845,31.0,10.0,31.0,11.0
26846,31.0,10.0,32.0,10.0
26847,31.0,10.0,32.0,10.0
26848,31.0,10.0,31.0,10.0
26849,31.0,10.0,26.0,12.0
26850,31.0,10.0,32.0,10.0
26851,31.0,10.0,26.0,12.0
26852,31.0,10.0,26.0,12.0
26853,31.0,10.0,26.0,12.0
26854,31.0,10.0,31.0,10.0
26855,31.0,10.0,27.0,17.0
26856,31.0,10.0,30.0,13.0
26857,31.0,10.0,28.0,14.0
26858,31.0,10.0,31.0,11.0
26859,31.0,10.0,30.0,13.0
26860,31.0,10.0,32.0,10.0
26861,31.0,10.0,27.0,17.0
26862,31.0,10.0,31.0,10.0
26863,31.0,10.0,27.0,17.0
26864,31.0,10.0,31.0,11.0
26865,31.0,10.0,28.0,14.0
26866,31.0,10.0,31.0,11.0
26867,31.0,10.0,28.0,14.0
26868,31.0,10.0,28.0,14.0
26869,31.0,10.0,31.0,10.0
26870,31.0,10.0,28.0,14.0
26871,31.0,10.0,31.0,10.0
26872,31.0,10.0,31.0,11.0
26873,31.0,10.0,26.0,12.0
26874,31.0,10.0,30.0,13.0
26875,31.0,10.0,26.0,12.0
26876,31.0,10.0,30.0,13.0
26877,31.0,10.0,30.0,13.0
26878,31.0,10.0,32.0,10.0
26879,31.0,10.0,27.0,17.0
26880,31.0,10.0,31.0,10.0
26881,31.0,10.0,28.0,14.0
26882,31.0,10.0,27.0,17.0
26883,31.0,10.0,31.0,10.0
26884,31.0,10.0,26.0,12.0
26885,31.0,10.0,26.0,12.0
26886,31.0,10.0,30.0,13.0
26887,31.0,10.0,31.0,10.0
26888,31.0,10.0,28.0,14.0
26889,31.0,10.0,31.0,11.0
26890,31.0,10.0,27.0,17.0
26891,31.0,10.0,31.0,10.0
26892,31.0,10.0,28.0,14.0
26893,31.0,10.0,30.0,13.0
26894,31.0,10.0,31.0,11.0
26895,31.0,10.0,31.0,10.0
26896,31.0,10.0,30.0,13.0
26897,31.0,10.0,27.0,17.0
26898,31.0,10.0,31.0,10.0
26899,31.0,10.0,28.0,14.0
26900,31.0,10.0,26.0,12.0
26901,31.0,10.0,32.0,10.0
26902,31.0,10.0,28.0,14.0
26903,31.0,10.0,31.0,10.0
26904,31.0,10.0,31.0,10.0
26905,31.0,10.0,31.0,11.0
26906,31.0,10.0,31.0,10.0
26907,31.0,10.0,27.0,17.0
26908,31.0,10.0,32.0,10.0
26909,31.0,10.0,31.0,10.0
26910,31.0,10.0,31.0,10.0
26911,31.0,10.0,28.0,14.0
26912,31.0,10.0,27.0,17.0
26913,31.0,10.0,26.0,12.0
26914,31.0,10.0,26.0,12.0
26915,31.0,10.0,31.0,10.0
26916,31.0,10.0,28.0,14.0
26917,31.0,10.0,28.0,14.0
26918,31.0,10.0,31.0,11.0
26919,31.0,10.0,28.0,14.0
26920,31.0,10.0,31.0,11.0
26921,31.0,10.0,31.0,10.0
26922,31.0,10.0,30.0,13.0
26923,31.0,10.0,32.0,10.0
26924,31.0,10.0,27.0,17.0
26925,31.0,10.0,31.0,11.0
26926,31.0,10.0,31.0,11.0
26927,31.0,10.0,28.0,14.0
26928,31.0,10.0,28.0,14.0
26929,31.0,10.0,28.0,14.0
26930,31.0,10.0,28.0,14.0
26931,31.0,10.0,31.0,10.0
26932,31.0,10.0,27.0,17.0
26933,31.0,10.0,27.0,17.0
26934,31.0,10.0,31.0,11.0
26935,31.0,10.0,27.0,17.0
26936,31.0,10.0,31.0,10.0
26937,31.0,10.0,30.0,13.0
26938,31.0,10.0,27.0,17.0
26939,31.0,10.0,31.0,11.0
26940,31.0,10.0,31.0,10.0
26941,31.0,10.0,31.0,10.0
26942,31.0,10.0,26.0,12.0
26943,31.0,10.0,31.0,11.0
26944,31.0,10.0,31.0,11.0
26945,31.0,10.0,28.0,14.0
26946,31.0,10.0,26.0,12.0
26947,31.0,10.0,31.0,10.0
26948,31.0,10.0,31.0,10.0
26949,31.0,10.0,30.0,13.0
26950,31.0,10.0,31.0,10.0
26951,31.0,10.0,27.0,17.0
26952,31.0,10.0,28.0,14.0
26953,31.0,10.0,32.0,10.0
26954,31.0,10.0,31.0,10.0
26955,31.0,10.0,31.0,10.0
26956,31.0,10.0,27.0,17.0
26957,31.0,10.0,31.0,11.0
26958,31.0,10.0,30.0,13.0
26959,31.0,10.0,26.0,12.0
26960,31.0,10.0,31.0,11.0
26961,31.0,10.0,31.0,10.0
26962,31.0,10.0,32.0,10.0
26963,31.0,10.0,32.0,10.0
26964,31.0,10.0,31.0,11.0
26965,31.0,10.0,31.0,10.0
26966,31.0,10.0,32.0,10.0
26967,31.0,10.0,32.0,10.0
26968,31.0,10.0,28.0,14.0
26969,31.0,10.0,31.0,11.0
26970,31.0,10.0,31.0,10.0
26971,31.0,10.0,27.0,17.0
26972,31.0,10.0,26.0,12.0
26973,31.0,10.0,28.0,14.0
26974,31.0,10.0,31.0,10.0
26975,31.0,10.0,26.0,12.0
26976,31.0,10.0,31.0,10.0
26977,31.0,10.0,31.0,10.0
26978,31.0,10.0,31.0,10.0
26979,31.0,10.0,31.0,10.0
26980,31.0,10.0,30.0,13.0
26981,31.0,10.0,30.0,13.0
26982,31.0,10.0,28.0,14.0
26983,31.0,10.0,27.0,17.0
26984,31.0,10.0,27.0,17.0
26985,31.0,10.0,28.0,14.0
26986,31.0,10.0,31.0,10.0
26987,31.0,10.0,28.0,14.0
26988,31.0,10.0,31.0,10.0
26989,31.0,10.0,28.0,14.0
26990,31.0,10.0,31.0,10.0
26991,31.0,10.0,31.0,10.0
26992,31.0,10.0,31.0,10.0
26993,31.0,10.0,30.0,13.0
26994,31.0,10.0,28.0,14.0
26995,31.0,10.0,31.0,10.0
26996,31.0,10.0,26.0,12.0
26997,31.0,10.0,32.0,10.0
26998,31.0,10.0,31.0,11.0
26999,31.0,10.0,28.0,14.0
27000,31.0,10.0,28.0,14.0
27001,31.0,10.0,27.0,17.0
27002,31.0,10.0,31.0,10.0
27003,31.0,10.0,31.0,10.0
27004,31.0,10.0,28.0,14.0
27005,31.0,10.0,31.0,10.0
27006,31.0,10.0,28.0,14.0
27007,31.0,10.0,27.0,17.0
27008,31.0,10.0,28.0,14.0
27009,31.0,10.0,31.0,10.0
27010,31.0,10.0,26.0,12.0
27011,31.0,10.0,31.0,11.0
27012,31.0,10.0,30.0,13.0
27013,31.0,10.0,28.0,14.0
27014,31.0,10.0,28.0,14.0
27015,31.0,10.0,28.0,14.0
27016,31.0,10.0,30.0,13.0
27017,31.0,10.0,26.0,12.0
27018,31.0,10.0,28.0,14.0
27019,31.0,10.0,31.0,10.0
27020,31.0,10.0,31.0,10.0
27021,31.0,10.0,31.0,10.0
27022,31.0,10.0,31.0,10.0
27023,31.0,10.0,27.0,17.0
27024,31.0,10.0,31.0,11.0
27025,31.0,10.0,28.0,14.0
27026,31.0,10.0,28.0,14.0
27027,31.0,10.0,30.0,13.0
27028,31.0,10.0,31.0,10.0
27029,31.0,10.0,32.0,10.0
27030,31.0,10.0,31.0,10.0
27031,31.0,10.0,32.0,10.0
27032,31.0,10.0,31.0,10.0
27033,31.0,10.0,26.0,12.0
27034,31.0,10.0,30.0,13.0
27035,31.0,10.0,27.0,17.0
27036,31.0,10.0,27.0,17.0
27037,31.0,10.0,30.0,13.0
27038,31.0,10.0,31.0,10.0
27039,31.0,10.0,32.0,10.0
27040,31.0,10.0,26.0,12.0
27041,31.0,10.0,30.0,13.0
27042,31.0,10.0,31.0,10.0
27043,31.0,10.0,32.0,10.0
27044,31.0,10.0,31.0,10.0
27045,31.0,10.0,30.0,13.0
27046,31.0,10.0,26.0,12.0
27047,31.0,10.0,31.0,10.0
27048,31.0,10.0,31.0,10.0
27049,31.0,10.0,28.0,14.0
27050,31.0,10.0,26.0,12.0
27051,31.0,10.0,26.0,12.0
27052,31.0,10.0,31.0,11.0
27053,31.0,10.0,30.0,13.0
27054,31.0,10.0,32.0,10.0
27055,31.0,10.0,31.0,10.0
27056,31.0,10.0,26.0,12.0
27057,31.0,10.0,27.0,17.0
27058,31.0,10.0,32.0,10.0
27059,31.0,10.0,28.0,14.0
27060,31.0,10.0,30.0,13.0
27061,31.0,10.0,31.0,10.0
27062,31.0,10.0,30.0,13.0
27063,31.0,10.0,27.0,17.0
27064,31.0,10.0,31.0,11.0
27065,31.0,10.0,31.0,10.0
27066,31.0,10.0,26.0,12.0
27067,31.0,10.0,31.0,11.0
27068,31.0,10.0,31.0,10.0
27069,31.0,10.0,27.0,17.0
27070,31.0,10.0,32.0,10.0
27071,31.0,10.0,31.0,10.0
27072,31.0,10.0,28.0,14.0
27073,31.0,10.0,31.0,10.0
27074,31.0,10.0,31.0,10.0
27075,31.0,10.0,27.0,17.0
27076,31.0,10.0,31.0,10.0
27077,31.0,10.0,26.0,12.0
27078,31.0,10.0,28.0,14.0
27079,31.0,10.0,31.0,10.0
27080,31.0,10.0,30.0,13.0
27081,31.0,10.0,30.0,13.0
27082,31.0,10.0,27.0,17.0
27083,31.0,10.0,28.0,14.0
27084,31.0,10.0,26.0,12.0
27085,31.0,10.0,31.0,11.0
27086,31.0,10.0,27.0,17.0
27087,31.0,10.0,32.0,10.0
27088,31.0,10.0,30.0,13.0
27089,31.0,10.0,30.0,13.0
27090,31.0,10.0,32.0,10.0
27091,31.0,10.0,32.0,10.0
27092,31.0,10.0,26.0,12.0
27093,31.0,10.0,32.0,10.0
27094,31.0,10.0,31.0,10.0
27095,31.0,10.0,31.0,11.0
27096,31.0,10.0,30.0,13.0
27097,31.0,10.0,28.0,14.0
27098,31.0,10.0,30.0,13.0
27099,31.0,10.0,31.0,10.0
27100,31.0,10.0,32.0,10.0
27101,31.0,10.0,27.0,17.0
27102,31.0,10.0,30.0,13.0
27103,31.0,10.0,28.0,14.0
27104,31.0,10.0,30.0,13.0
27105,31.0,10.0,31.0,10.0
27106,31.0,10.0,30.0,13.0
27107,31.0,10.0,28.0,14.0
27108,31.0,10.0,26.0,12.0
27109,31.0,10.0,26.0,12.0
27110,31.0,10.0,26.0,12.0
27111,31.0,10.0,31.0,10.0
27112,31.0,10.0,28.0,14.0
27113,31.0,10.0,31.0,10.0
27114,31.0,10.0,30.0,13.0
27115,31.0,10.0,32.0,10.0
27116,31.0,10.0,26.0,12.0
27117,31.0,10.0,31.0,11.0
27118,31.0,10.0,31.0,10.0
27119,31.0,10.0,30.0,13.0
27120,31.0,10.0,26.0,12.0
27121,31.0,10.0,31.0,10.0
27122,31.0,10.0,31.0,10.0
27123,31.0,10.0,26.0,12.0
27124,31.0,10.0,31.0,10.0
27125,31.0,10.0,26.0,12.0
27126,31.0,10.0,26.0,12.0
27127,31.0,10.0,30.0,13.0
27128,31.0,10.0,28.0,14.0
27129,31.0,10.0,31.0,11.0
27130,31.0,10.0,31.0,10.0
27131,31.0,10.0,31.0,11.0
27132,31.0,10.0,26.0,12.0
27133,31.0,10.0,31.0,10.0
27134,31.0,10.0,31.0,10.0
27135,31.0,10.0,31.0,10.0
27136,31.0,10.0,31.0,10.0
27137,31.0,10.0,31.0,10.0
27138,31.0,10.0,26.0,12.0
27139,31.0,10.0,26.0,12.0
27140,31.0,10.0,32.0,10.0
27141,31.0,10.0,28.0,14.0
27142,31.0,10.0,28.0,14.0
27143,31.0,10.0,32.0,10.0
27144,31.0,10.0,31.0,10.0
27145,31.0,10.0,31.0,10.0
27146,31.0,10.0,32.0,10.0
27147,31.0,10.0,30.0,13.0
27148,31.0,10.0,32.0,10.0
27149,31.0,10.0,27.0,17.0
27150,31.0,10.0,31.0,11.0
27151,31.0,10.0,28.0,14.0
27152,31.0,10.0,30.0,13.0
27153,31.0,10.0,31.0,10.0
27154,31.0,10.0,27.0,17.0
27155,31.0,10.0,30.0,13.0
27156,31.0,10.0,32.0,10.0
27157,31.0,10.0,30.0,13.0
27158,31.0,10.0,31.0,10.0
27159,31.0,10.0,30.0,13.0
27160,31.0,10.0,28.0,14.0
27161,31.0,10.0,28.0,14.0
27162,31.0,10.0,31.0,10.0
27163,31.0,10.0,31.0,11.0
27164,31.0,10.0,28.0,14.0
27165,31.0,10.0,32.0,10.0
27166,31.0,10.0,26.0,12.0
27167,31.0,10.0,28.0,14.0
27168,31.0,10.0,28.0,14.0
27169,31.0,10.0,31.0,10.0
27170,31.0,10.0,31.0,10.0
27171,31.0,10.0,30.0,13.0
27172,31.0,10.0,31.0,10.0
27173,31.0,10.0,32.0,10.0
27174,31.0,10.0,26.0,12.0
27175,31.0,10.0,31.0,11.0
27176,31.0,10.0,26.0,12.0
27177,31.0,10.0,31.0,10.0
27178,31.0,10.0,31.0,10.0
27179,31.0,10.0,31.0,10.0
27180,31.0,10.0,31.0,10.0
27181,31.0,10.0,32.0,10.0
27182,31.0,10.0,31.0,10.0
27183,31.0,10.0,31.0,11.0
27184,31.0,10.0,26.0,12.0
27185,31.0,10.0,26.0,12.0
27186,31.0,10.0,31.0,10.0
27187,31.0,10.0,31.0,10.0
27188,31.0,10.0,31.0,10.0
27189,31.0,10.0,30.0,13.0
27190,31.0,10.0,28.0,14.0
27191,31.0,10.0,28.0,14.0
27192,31.0,10.0,28.0,14.0
27193,31.0,10.0,31.0,10.0
27194,31.0,10.0,26.0,12.0
27195,31.0,10.0,26.0,12.0
27196,31.0,10.0,31.0,11.0
27197,31.0,10.0,31.0,10.0
27198,31.0,10.0,32.0,10.0
27199,31.0,10.0,30.0,13.0
27200,31.0,10.0,30.0,13.0
27201,31.0,10.0,30.0,13.0
27202,31.0,10.0,31.0,10.0
27203,31.0,10.0,27.0,17.0
27204,31.0,10.0,26.0,12.0
27205,31.0,10.0,26.0,12.0
27206,31.0,10.0,28.0,14.0
27207,31.0,10.0,28.0,14.0
27208,31.0,10.0,31.0,11.0
27209,31.0,10.0,31.0,10.0
27210,31.0,10.0,27.0,17.0
27211,31.0,10.0,27.0,17.0
27212,31.0,10.0,30.0,13.0
27213,31.0,10.0,26.0,12.0
27214,31.0,10.0,31.0,10.0
27215,31.0,10.0,31.0,10.0
27216,31.0,10.0,27.0,17.0
27217,31.0,10.0,28.0,14.0
27218,31.0,10.0,31.0,10.0
27219,31.0,10.0,31.0,10.0
27220,31.0,10.0,26.0,12.0
27221,31.0,10.0,31.0,10.0
27222,31.0,10.0,28.0,14.0
27223,31.0,10.0,31.0,10.0
27224,31.0,10.0,26.0,12.0
27225,31.0,10.0,31.0,11.0
27226,31.0,10.0,32.0,10.0
27227,31.0,10.0,31.0,11.0
27228,31.0,10.0,32.0,10.0
27229,31.0,10.0,26.0,12.0
27230,31.0,10.0,31.0,10.0
27231,31.0,10.0,32.0,10.0
27232,31.0,10.0,28.0,14.0
27233,31.0,10.0,31.0,10.0
27234,31.0,10.0,32.0,10.0
27235,31.0,10.0,26.0,12.0
27236,31.0,10.0,30.0,13.0
27237,31.0,10.0,31.0,10.0
27238,31.0,10.0,31.0,11.0
27239,31.0,10.0,26.0,12.0
27240,31.0,10.0,26.0,12.0
27241,31.0,10.0,32.0,10.0
27242,31.0,10.0,32.0,10.0
27243,31.0,10.0,31.0,11.0
27244,31.0,10.0,26.0,12.0
27245,31.0,10.0,26.0,12.0
27246,31.0,10.0,27.0,17.0
27247,31.0,10.0,31.0,10.0
27248,31.0,10.0,28.0,14.0
27249,31.0,10.0,28.0,14.0
27250,31.0,10.0,32.0,10.0
27251,31.0,10.0,32.0,10.0
27252,31.0,10.0,31.0,10.0
27253,31.0,10.0,28.0,14.0
27254,31.0,10.0,31.0,11.0
27255,31.0,10.0,31.0,10.0
27256,31.0,10.0,30.0,13.0
27257,31.0,10.0,27.0,17.0
27258,31.0,10.0,28.0,14.0
27259,31.0,10.0,30.0,13.0
27260,31.0,10.0,31.0,10.0
27261,31.0,10.0,27.0,17.0
27262,31.0,10.0,31.0,10.0
27263,31.0,10.0,32.0,10.0
27264,31.0,10.0,31.0,10.0
27265,31.0,10.0,28.0,14.0
27266,31.0,10.0,26.0,12.0
27267,31.0,10.0,32.0,10.0
27268,31.0,10.0,27.0,17.0
27269,31.0,10.0,28.0,14.0
27270,31.0,10.0,28.0,14.0
27271,31.0,10.0,31.0,11.0
27272,31.0,10.0,27.0,17.0
27273,31.0,10.0,31.0,10.0
27274,31.0,10.0,32.0,10.0
27275,31.0,10.0,31.0,10.0
27276,31.0,10.0,31.0,10.0
27277,31.0,10.0,31.0,10.0
27278,31.0,10.0,31.0,10.0
27279,31.0,10.0,27.0,17.0
27280,31.0,10.0,28.0,14.0
27281,31.0,10.0,30.0,13.0
27282,31.0,10.0,31.0,10.0
27283,31.0,10.0,26.0,12.0
27284,31.0,10.0,28.0,14.0
27285,31.0,10.0,30.0,13.0
27286,31.0,10.0,31.0,10.0
27287,31.0,10.0,32.0,10.0
27288,31.0,10.0,31.0,10.0
27289,31.0,10.0,31.0,11.0
27290,31.0,10.0,26.0,12.0
27291,31.0,10.0,31.0,11.0
27292,31.0,10.0,28.0,14.0
27293,31.0,10.0,28.0,14.0
27294,31.0,10.0,31.0,10.0
27295,31.0,10.0,31.0,10.0
27296,31.0,10.0,28.0,14.0
27297,31.0,10.0,31.0,11.0
27298,31.0,10.0,31.0,10.0
27299,31.0,10.0,32.0,10.0
27300,31.0,10.0,28.0,14.0
27301,31.0,10.0,31.0,10.0
27302,31.0,10.0,31.0,10.0
27303,31.0,10.0,31.0,10.0
27304,31.0,10.0,31.0,10.0
27305,31.0,10.0,27.0,17.0
27306,31.0,10.0,32.0,10.0
27307,31.0,10.0,31.0,10.0
27308,31.0,10.0,31.0,10.0
27309,31.0,10.0,27.0,17.0
27310,31.0,10.0,31.0,10.0
27311,31.0,10.0,32.0,10.0
27312,31.0,10.0,28.0,14.0
27313,31.0,10.0,31.0,10.0
27314,31.0,10.0,27.0,17.0
27315,31.0,10.0,31.0,10.0
27316,31.0,10.0,32.0,10.0
27317,31.0,10.0,30.0,13.0
27318,31.0,10.0,31.0,10.0
27319,31.0,10.0,27.0,17.0
27320,31.0,10.0,28.0,14.0
27321,31.0,10.0,28.0,14.0
27322,31.0,10.0,30.0,13.0
27323,31.0,10.0,31.0,10.0
27324,31.0,10.0,27.0,17.0
27325,31.0,10.0,26.0,12.0
27326,31.0,10.0,28.0,14.0
27327,31.0,10.0,31.0,10.0
27328,31.0,10.0,31.0,11.0
27329,31.0,10.0,28.0,14.0
27330,31.0,10.0,31.0,10.0
27331,31.0,10.0,31.0,10.0
27332,31.0,10.0,30.0,13.0
27333,31.0,10.0,28.0,14.0
27334,31.0,10.0,26.0,12.0
27335,31.0,10.0,30.0,13.0
27336,31.0,10.0,26.0,12.0
27337,31.0,10.0,32.0,10.0
27338,31.0,10.0,31.0,10.0
27339,31.0,10.0,31.0,10.0
27340,31.0,10.0,31.0,10.0
27341,31.0,10.0,31.0,10.0
27342,31.0,10.0,27.0,17.0
27343,31.0,10.0,31.0,10.0
27344,31.0,10.0,31.0,10.0
27345,31.0,10.0,31.0,10.0
27346,31.0,10.0,27.0,17.0
27347,31.0,10.0,28.0,14.0
27348,31.0,10.0,28.0,14.0
27349,31.0,10.0,31.0,11.0
27350,31.0,10.0,32.0,10.0
27351,31.0,10.0,31.0,10.0
27352,31.0,10.0,26.0,12.0
27353,31.0,10.0,28.0,14.0
27354,31.0,10.0,31.0,10.0
27355,31.0,10.0,26.0,12.0
27356,31.0,10.0,28.0,14.0
27357,31.0,10.0,32.0,10.0
27358,31.0,10.0,31.0,10.0
27359,31.0,10.0,31.0,10.0
27360,31.0,10.0,31.0,11.0
27361,31.0,10.0,27.0,17.0
27362,31.0,10.0,31.0,11.0
27363,31.0,10.0,32.0,10.0
27364,31.0,10.0,31.0,10.0
27365,31.0,10.0,28.0,14.0
27366,31.0,10.0,30.0,13.0
27367,31.0,10.0,27.0,17.0
27368,31.0,10.0,28.0,14.0
27369,31.0,10.0,28.0,14.0
27370,31.0,10.0,31.0,10.0
27371,31.0,10.0,31.0,10.0
27372,31.0,10.0,31.0,11.0
27373,31.0,10.0,31.0,10.0
27374,31.0,10.0,26.0,12.0
27375,31.0,10.0,31.0,10.0
27376,31.0,10.0,28.0,14.0
27377,31.0,10.0,31.0,10.0
27378,31.0,10.0,31.0,11.0
27379,31.0,10.0,32.0,10.0
27380,31.0,10.0,31.0,11.0
27381,31.0,10.0,31.0,11.0
27382,31.0,10.0,31.0,10.0
27383,31.0,10.0,31.0,10.0
27384,31.0,10.0,27.0,17.0
27385,31.0,10.0,30.0,13.0
27386,31.0,10.0,31.0,10.0
27387,31.0,10.0,32.0,10.0
27388,31.0,10.0,31.0,10.0
27389,31.0,10.0,27.0,17.0
27390,31.0,10.0,31.0,11.0
27391,31.0,10.0,31.0,10.0
27392,31.0,10.0,28.0,14.0
27393,31.0,10.0,31.0,10.0
27394,31.0,10.0,27.0,17.0
27395,31.0,10.0,28.0,14.0
27396,31.0,10.0,26.0,12.0
27397,31.0,10.0,31.0,10.0
27398,31.0,10.0,27.0,17.0
27399,31.0,10.0,32.0,10.0
27400,31.0,10.0,30.0,13.0
27401,31.0,10.0,26.0,12.0
27402,31.0,10.0,27.0,17.0
27403,31.0,10.0,32.0,10.0
27404,31.0,10.0,32.0,10.0
27405,31.0,10.0,31.0,10.0
27406,31.0,10.0,26.0,12.0
27407,31.0,10.0,26.0,12.0
27408,31.0,10.0,31.0,10.0
27409,31.0,10.0,32.0,10.0
27410,31.0,10.0,30.0,13.0
27411,31.0,10.0,32.0,10.0
27412,31.0,10.0,31.0,11.0
27413,31.0,10.0,31.0,10.0
27414,31.0,10.0,31.0,10.0
27415,31.0,10.0,27.0,17.0
27416,31.0,10.0,26.0,12.0
27417,31.0,10.0,30.0,13.0
27418,31.0,10.0,30.0,13.0
27419,31.0,10.0,27.0,17.0
27420,31.0,10.0,27.0,17.0
27421,31.0,10.0,32.0,10.0
27422,31.0,10.0,26.0,12.0
27423,31.0,10.0,31.0,10.0
27424,31.0,10.0,30.0,13.0
27425,31.0,10.0,31.0,10.0
27426,31.0,10.0,32.0,10.0
27427,31.0,10.0,26.0,12.0
27428,31.0,10.0,28.0,14.0
27429,31.0,10.0,31.0,10.0
27430,31.0,10.0,30.0,13.0
27431,31.0,10.0,31.0,11.0
27432,31.0,10.0,26.0,12.0
27433,31.0,10.0,32.0,10.0
27434,31.0,10.0,31.0,11.0
27435,31.0,10.0,27.0,17.0
27436,31.0,10.0,26.0,12.0
27437,31.0,10.0,28.0,14.0
27438,31.0,10.0,31.0,10.0
27439,31.0,10.0,31.0,10.0
27440,31.0,10.0,28.0,14.0
27441,31.0,10.0,27.0,17.0
27442,31.0,10.0,30.0,13.0
27443,31.0,10.0,31.0,10.0
27444,31.0,10.0,31.0,11.0
27445,31.0,10.0,31.0,10.0
27446,31.0,10.0,31.0,10.0
27447,31.0,10.0,32.0,10.0
27448,31.0,10.0,27.0,17.0
27449,31.0,10.0,26.0,12.0
27450,31.0,10.0,31.0,10.0
27451,31.0,10.0,30.0,13.0
27452,31.0,10.0,26.0,12.0
27453,31.0,10.0,26.0,12.0
27454,31.0,10.0,27.0,17.0
27455,31.0,10.0,27.0,17.0
27456,31.0,10.0,26.0,12.0
27457,31.0,10.0,26.0,12.0
27458,31.0,10.0,27.0,17.0
27459,31.0,10.0,28.0,14.0
27460,31.0,10.0,31.0,10.0
27461,31.0,10.0,27.0,17.0
27462,31.0,10.0,27.0,17.0
27463,31.0,10.0,31.0,10.0
27464,31.0,10.0,26.0,12.0
27465,31.0,10.0,28.0,14.0
27466,31.0,10.0,31.0,11.0
27467,31.0,10.0,28.0,14.0
27468,31.0,10.0,31.0,10.0
27469,31.0,10.0,32.0,10.0
27470,31.0,10.0,31.0,10.0
27471,31.0,10.0,32.0,10.0
27472,31.0,10.0,26.0,12.0
27473,31.0,10.0,31.0,10.0
27474,31.0,10.0,31.0,10.0
27475,31.0,10.0,31.0,10.0
27476,31.0,10.0,31.0,10.0
27477,31.0,10.0,32.0,10.0
27478,31.0,10.0,31.0,10.0
27479,31.0,10.0,31.0,10.0
27480,31.0,10.0,31.0,10.0
27481,31.0,10.0,32.0,10.0
27482,31.0,10.0,32.0,10.0
27483,31.0,10.0,31.0,11.0
27484,31.0,10.0,31.0,11.0
27485,31.0,10.0,31.0,10.0
27486,31.0,10.0,31.0,10.0
27487,31.0,10.0,32.0,10.0
27488,31.0,10.0,32.0,10.0
27489,31.0,10.0,31.0,10.0
27490,31.0,10.0,28.0,14.0
27491,31.0,10.0,31.0,11.0
27492,31.0,10.0,27.0,17.0
27493,31.0,10.0,26.0,12.0
27494,31.0,10.0,30.0,13.0
27495,31.0,10.0,30.0,13.0
27496,31.0,10.0,31.0,10.0
27497,31.0,10.0,26.0,12.0
27498,31.0,10.0,31.0,10.0
27499,31.0,10.0,31.0,10.0
27500,31.0,10.0,28.0,14.0
27501,31.0,10.0,31.0,10.0
27502,31.0,10.0,28.0,14.0
27503,31.0,10.0,26.0,12.0
27504,31.0,10.0,28.0,14.0
27505,31.0,10.0,31.0,10.0
27506,31.0,10.0,32.0,10.0
27507,31.0,10.0,26.0,12.0
27508,31.0,10.0,31.0,10.0
27509,31.0,10.0,26.0,12.0
27510,31.0,10.0,27.0,17.0
27511,31.0,10.0,31.0,10.0
27512,31.0,10.0,27.0,17.0
27513,31.0,10.0,30.0,13.0
27514,31.0,10.0,28.0,14.0
27515,31.0,10.0,30.0,13.0
27516,31.0,10.0,28.0,14.0
27517,31.0,10.0,31.0,10.0
27518,31.0,10.0,28.0,14.0
27519,31.0,10.0,32.0,10.0
27520,31.0,10.0,31.0,11.0
27521,31.0,10.0,30.0,13.0
27522,31.0,10.0,26.0,12.0
27523,31.0,10.0,31.0,10.0
27524,31.0,10.0,30.0,13.0
27525,31.0,10.0,32.0,10.0
27526,31.0,10.0,31.0,10.0
27527,31.0,10.0,31.0,10.0
27528,31.0,10.0,28.0,14.0
27529,31.0,10.0,26.0,12.0
27530,31.0,10.0,32.0,10.0
27531,31.0,10.0,26.0,12.0
27532,31.0,10.0,31.0,10.0
27533,31.0,10.0,27.0,17.0
27534,31.0,10.0,30.0,13.0
27535,31.0,10.0,30.0,13.0
27536,31.0,10.0,28.0,14.0
27537,31.0,10.0,31.0,10.0
27538,31.0,10.0,27.0,17.0
27539,31.0,10.0,32.0,10.0
27540,31.0,10.0,27.0,17.0
27541,31.0,10.0,28.0,14.0
27542,31.0,10.0,27.0,17.0
27543,31.0,10.0,32.0,10.0
27544,31.0,10.0,28.0,14.0
27545,31.0,10.0,31.0,10.0
27546,31.0,10.0,31.0,10.0
27547,31.0,10.0,31.0,10.0
27548,31.0,10.0,28.0,14.0
27549,31.0,10.0,31.0,11.0
27550,31.0,10.0,27.0,17.0
27551,31.0,10.0,31.0,11.0
27552,31.0,10.0,26.0,12.0
27553,31.0,10.0,27.0,17.0
27554,31.0,10.0,31.0,10.0
27555,31.0,10.0,30.0,13.0
27556,31.0,10.0,31.0,11.0
27557,31.0,10.0,26.0,12.0
27558,31.0,10.0,31.0,10.0
27559,31.0,10.0,31.0,10.0
27560,31.0,10.0,27.0,17.0
27561,31.0,10.0,28.0,14.0
27562,31.0,10.0,31.0,10.0
27563,31.0,10.0,27.0,17.0
27564,31.0,10.0,31.0,10.0
27565,31.0,10.0,31.0,10.0
27566,31.0,10.0,30.0,13.0
27567,31.0,10.0,32.0,10.0
27568,31.0,10.0,32.0,10.0
27569,31.0,10.0,28.0,14.0
27570,31.0,10.0,30.0,13.0
27571,31.0,10.0,32.0,10.0
27572,31.0,10.0,32.0,10.0
27573,31.0,10.0,31.0,10.0
27574,31.0,10.0,31.0,10.0
27575,31.0,10.0,27.0,17.0
27576,31.0,10.0,32.0,10.0
27577,31.0,10.0,26.0,12.0
27578,31.0,10.0,31.0,10.0
27579,31.0,10.0,31.0,10.0
27580,31.0,10.0,30.0,13.0
27581,31.0,10.0,28.0,14.0
27582,31.0,10.0,27.0,17.0
27583,31.0,10.0,31.0,10.0
27584,31.0,10.0,30.0,13.0
27585,31.0,10.0,27.0,17.0
27586,31.0,10.0,31.0,11.0
27587,31.0,10.0,30.0,13.0
27588,31.0,10.0,26.0,12.0
27589,31.0,10.0,27.0,17.0
27590,31.0,10.0,31.0,10.0
27591,31.0,10.0,31.0,10.0
27592,31.0,10.0,31.0,11.0
27593,31.0,10.0,31.0,10.0
27594,31.0,10.0,31.0,10.0
27595,31.0,10.0,26.0,12.0
27596,31.0,10.0,31.0,10.0
27597,31.0,10.0,32.0,10.0
27598,31.0,10.0,31.0,10.0
27599,31.0,10.0,32.0,10.0
27600,31.0,10.0,28.0,14.0
27601,31.0,10.0,30.0,13.0
27602,31.0,10.0,31.0,10.0
27603,31.0,10.0,26.0,12.0
27604,31.0,10.0,27.0,17.0
27605,31.0,10.0,31.0,10.0
27606,31.0,10.0,31.0,11.0
27607,31.0,10.0,31.0,11.0
27608,31.0,10.0,30.0,13.0
27609,31.0,10.0,28.0,14.0
27610,31.0,10.0,31.0,10.0
27611,31.0,10.0,31.0,11.0
27612,31.0,10.0,27.0,17.0
27613,31.0,10.0,28.0,14.0
27614,31.0,10.0,28.0,14.0
27615,31.0,10.0,31.0,10.0
27616,31.0,10.0,28.0,14.0
27617,31.0,10.0,31.0,10.0
27618,31.0,10.0,31.0,10.0
27619,31.0,10.0,31.0,10.0
27620,31.0,10.0,31.0,11.0
27621,31.0,10.0,26.0,12.0
27622,31.0,10.0,31.0,10.0
27623,31.0,10.0,32.0,10.0
27624,31.0,10.0,31.0,10.0
27625,31.0,10.0,28.0,14.0
27626,31.0,10.0,30.0,13.0
27627,31.0,10.0,26.0,12.0
27628,31.0,10.0,26.0,12.0
27629,31.0,10.0,31.0,10.0
27630,31.0,10.0,30.0,13.0
27631,31.0,10.0,28.0,14.0
27632,31.0,10.0,31.0,10.0
27633,31.0,10.0,28.0,14.0
27634,31.0,10.0,27.0,17.0
27635,31.0,10.0,31.0,11.0
27636,31.0,10.0,32.0,10.0
27637,31.0,10.0,27.0,17.0
27638,31.0,10.0,26.0,12.0
27639,31.0,10.0,31.0,11.0
27640,31.0,10.0,32.0,10.0
27641,31.0,10.0,31.0,11.0
27642,31.0,10.0,31.0,11.0
27643,31.0,10.0,32.0,10.0
27644,31.0,10.0,31.0,10.0
27645,31.0,10.0,32.0,10.0
27646,31.0,10.0,28.0,14.0
27647,31.0,10.0,27.0,17.0
27648,31.0,10.0,31.0,10.0
27649,31.0,10.0,32.0,10.0
27650,31.0,10.0,31.0,10.0
27651,31.0,10.0,27.0,17.0
27652,31.0,10.0,31.0,10.0
27653,31.0,10.0,30.0,13.0
27654,31.0,10.0,32.0,10.0
27655,31.0,10.0,28.0,14.0
27656,31.0,10.0,32.0,10.0
27657,31.0,10.0,26.0,12.0
27658,31.0,10.0,28.0,14.0
27659,31.0,10.0,31.0,10.0
27660,31.0,10.0,31.0,10.0
27661,31.0,10.0,28.0,14.0
27662,31.0,10.0,28.0,14.0
27663,31.0,10.0,32.0,10.0
27664,31.0,10.0,31.0,10.0
27665,31.0,10.0,27.0,17.0
27666,31.0,10.0,31.0,10.0
27667,31.0,10.0,27.0,17.0
27668,31.0,10.0,26.0,12.0
27669,31.0,10.0,32.0,10.0
27670,31.0,10.0,31.0,11.0
27671,31.0,10.0,27.0,17.0
27672,31.0,10.0,32.0,10.0
27673,31.0,10.0,31.0,10.0
27674,31.0,10.0,31.0,11.0
27675,31.0,10.0,28.0,14.0
27676,31.0,10.0,27.0,17.0
27677,31.0,10.0,30.0,13.0
27678,31.0,10.0,26.0,12.0
27679,31.0,10.0,32.0,10.0
27680,31.0,10.0,28.0,14.0
27681,31.0,10.0,31.0,10.0
27682,31.0,10.0,28.0,14.0
27683,31.0,10.0,26.0,12.0
27684,31.0,10.0,31.0,10.0
27685,31.0,10.0,31.0,10.0
27686,31.0,10.0,30.0,13.0
27687,31.0,10.0,32.0,10.0
27688,31.0,10.0,28.0,14.0
27689,31.0,10.0,31.0,10.0
27690,31.0,10.0,31.0,10.0
27691,31.0,10.0,31.0,11.0
27692,31.0,10.0,31.0,10.0
27693,31.0,10.0,27.0,17.0
27694,31.0,10.0,31.0,10.0
27695,31.0,10.0,31.0,10.0
27696,31.0,10.0,28.0,14.0
27697,31.0,10.0,27.0,17.0
27698,31.0,10.0,28.0,14.0
27699,31.0,10.0,26.0,12.0
27700,31.0,10.0,31.0,10.0
27701,31.0,10.0,32.0,10.0
27702,31.0,10.0,26.0,12.0
27703,31.0,10.0,27.0,17.0
27704,31.0,10.0,32.0,10.0
27705,31.0,10.0,26.0,12.0
27706,31.0,10.0,31.0,10.0
27707,31.0,10.0,30.0,13.0
27708,31.0,10.0,31.0,10.0
27709,31.0,10.0,26.0,12.0
27710,31.0,10.0,31.0,10.0
27711,31.0,10.0,27.0,17.0
27712,31.0,10.0,28.0,14.0
27713,31.0,10.0,26.0,12.0
27714,31.0,10.0,31.0,10.0
27715,31.0,10.0,27.0,17.0
27716,31.0,10.0,31.0,10.0
27717,31.0,10.0,32.0,10.0
27718,31.0,10.0,26.0,12.0
27719,31.0,10.0,31.0,11.0
27720,31.0,10.0,26.0,12.0
27721,31.0,10.0,32.0,10.0
27722,31.0,10.0,31.0,11.0
27723,31.0,10.0,27.0,17.0
27724,31.0,10.0,32.0,10.0
27725,31.0,10.0,31.0,10.0
27726,31.0,10.0,31.0,10.0
27727,31.0,10.0,31.0,11.0
27728,31.0,10.0,31.0,10.0
27729,31.0,10.0,26.0,12.0
27730,31.0,10.0,31.0,11.0
27731,31.0,10.0,28.0,14.0
27732,31.0,10.0,31.0,10.0
27733,31.0,10.0,27.0,17.0
27734,31.0,10.0,26.0,12.0
27735,31.0,10.0,27.0,17.0
27736,31.0,10.0,31.0,11.0
27737,31.0,10.0,31.0,10.0
27738,31.0,10.0,31.0,10.0
27739,31.0,10.0,28.0,14.0
27740,31.0,10.0,31.0,11.0
27741,31.0,10.0,31.0,11.0
27742,31.0,10.0,26.0,12.0
27743,31.0,10.0,28.0,14.0
27744,31.0,10.0,27.0,17.0
27745,31.0,10.0,31.0,10.0
27746,31.0,10.0,32.0,10.0
27747,31.0,10.0,27.0,17.0
27748,31.0,10.0,32.0,10.0
27749,31.0,10.0,31.0,10.0
27750,31.0,10.0,31.0,10.0
27751,31.0,10.0,31.0,11.0
27752,31.0,10.0,26.0,12.0
27753,31.0,10.0,28.0,14.0
27754,31.0,10.0,31.0,10.0
27755,31.0,10.0,26.0,12.0
27756,31.0,10.0,32.0,10.0
27757,31.0,10.0,32.0,10.0
27758,31.0,10.0,27.0,17.0
27759,31.0,10.0,32.0,10.0
27760,31.0,10.0,26.0,12.0
27761,31.0,10.0,28.0,14.0
27762,31.0,10.0,30.0,13.0
27763,31.0,10.0,31.0,10.0
27764,31.0,10.0,27.0,17.0
27765,31.0,10.0,31.0,10.0
27766,31.0,10.0,31.0,10.0
27767,31.0,10.0,31.0,10.0
27768,31.0,10.0,27.0,17.0
27769,31.0,10.0,26.0,12.0
27770,31.0,10.0,31.0,11.0
27771,31.0,10.0,31.0,10.0
27772,31.0,10.0,30.0,13.0
27773,31.0,10.0,26.0,12.0
27774,31.0,10.0,28.0,14.0
27775,31.0,10.0,27.0,17.0
27776,31.0,10.0,31.0,10.0
27777,31.0,10.0,28.0,14.0
27778,31.0,10.0,26.0,12.0
27779,31.0,10.0,31.0,10.0
27780,31.0,10.0,31.0,10.0
27781,31.0,10.0,28.0,14.0
27782,31.0,10.0,30.0,13.0
27783,31.0,10.0,32.0,10.0
27784,31.0,10.0,31.0,10.0
27785,31.0,10.0,31.0,11.0
27786,31.0,10.0,31.0,10.0
27787,31.0,10.0,31.0,10.0
27788,31.0,10.0,28.0,14.0
27789,31.0,10.0,31.0,11.0
27790,31.0,10.0,31.0,10.0
27791,31.0,10.0,28.0,14.0
27792,31.0,10.0,31.0,11.0
27793,31.0,10.0,28.0,14.0
27794,31.0,10.0,26.0,12.0
27795,31.0,10.0,28.0,14.0
27796,31.0,10.0,31.0,10.0
27797,31.0,10.0,27.0,17.0
27798,31.0,10.0,30.0,13.0
27799,31.0,10.0,31.0,10.0
27800,31.0,10.0,27.0,17.0
27801,31.0,10.0,28.0,14.0
27802,31.0,10.0,31.0,11.0
27803,31.0,10.0,31.0,10.0
27804,31.0,10.0,31.0,10.0
27805,31.0,10.0,28.0,14.0
27806,31.0,10.0,32.0,10.0
27807,31.0,10.0,31.0,10.0
27808,31.0,10.0,26.0,12.0
27809,31.0,10.0,27.0,17.0
27810,31.0,10.0,31.0,11.0
27811,31.0,10.0,31.0,11.0
27812,31.0,10.0,31.0,11.0
27813,31.0,10.0,31.0,11.0
27814,31.0,10.0,32.0,10.0
27815,31.0,10.0,31.0,10.0
27816,31.0,10.0,30.0,13.0
27817,31.0,10.0,31.0,10.0
27818,31.0,10.0,28.0,14.0
27819,31.0,10.0,31.0,11.0
27820,31.0,10.0,28.0,14.0
27821,31.0,10.0,31.0,11.0
27822,31.0,10.0,31.0,10.0
27823,31.0,10.0,32.0,10.0
27824,31.0,10.0,28.0,14.0
27825,31.0,10.0,26.0,12.0
27826,31.0,10.0,26.0,12.0
27827,31.0,10.0,27.0,17.0
27828,31.0,10.0,31.0,11.0
27829,31.0,10.0,27.0,17.0
27830,31.0,10.0,28.0,14.0
27831,31.0,10.0,31.0,11.0
27832,31.0,10.0,30.0,13.0
27833,31.0,10.0,31.0,11.0
27834,31.0,10.0,28.0,14.0
27835,31.0,10.0,28.0,14.0
27836,31.0,10.0,27.0,17.0
27837,31.0,10.0,26.0,12.0
27838,31.0,10.0,27.0,17.0
27839,31.0,10.0,31.0,10.0
27840,31.0,10.0,31.0,10.0
27841,31.0,10.0,28.0,14.0
27842,31.0,10.0,27.0,17.0
27843,31.0,10.0,31.0,10.0
27844,31.0,10.0,28.0,14.0
27845,31.0,10.0,32.0,10.0
27846,31.0,10.0,31.0,10.0
27847,31.0,10.0,28.0,14.0
27848,31.0,10.0,28.0,14.0
27849,31.0,10.0,32.0,10.0
27850,31.0,10.0,31.0,10.0
27851,31.0,10.0,31.0,10.0
27852,31.0,10.0,28.0,14.0
27853,31.0,10.0,30.0,13.0
27854,31.0,10.0,31.0,10.0
27855,31.0,10.0,27.0,17.0
27856,31.0,10.0,31.0,10.0
27857,31.0,10.0,28.0,14.0
27858,31.0,10.0,32.0,10.0
27859,31.0,10.0,31.0,10.0
27860,31.0,10.0,31.0,10.0
27861,31.0,10.0,30.0,13.0
27862,31.0,10.0,31.0,10.0
27863,31.0,10.0,30.0,13.0
27864,31.0,10.0,31.0,10.0
27865,31.0,10.0,31.0,11.0
27866,31.0,10.0,27.0,17.0
27867,31.0,10.0,30.0,13.0
27868,31.0,10.0,27.0,17.0
27869,31.0,10.0,26.0,12.0
27870,31.0,10.0,30.0,13.0
27871,31.0,10.0,31.0,11.0
27872,31.0,10.0,31.0,10.0
27873,31.0,10.0,28.0,14.0
27874,31.0,10.0,26.0,12.0
27875,31.0,10.0,31.0,10.0
27876,31.0,10.0,28.0,14.0
27877,31.0,10.0,28.0,14.0
27878,31.0,10.0,32.0,10.0
27879,31.0,10.0,26.0,12.0
27880,31.0,10.0,26.0,12.0
27881,31.0,10.0,30.0,13.0
27882,31.0,10.0,26.0,12.0
27883,31.0,10.0,28.0,14.0
27884,31.0,10.0,28.0,14.0
27885,31.0,10.0,30.0,13.0
27886,31.0,10.0,27.0,17.0
27887,31.0,10.0,26.0,12.0
27888,31.0,10.0,26.0,12.0
27889,31.0,10.0,31.0,11.0
27890,31.0,10.0,27.0,17.0
27891,31.0,10.0,31.0,10.0
27892,31.0,10.0,31.0,10.0
27893,31.0,10.0,31.0,10.0
27894,31.0,10.0,31.0,10.0
27895,31.0,10.0,31.0,10.0
27896,31.0,10.0,31.0,10.0
27897,31.0,10.0,31.0,10.0
27898,31.0,10.0,28.0,14.0
27899,31.0,10.0,32.0,10.0
27900,31.0,10.0,31.0,11.0
27901,31.0,10.0,27.0,17.0
27902,31.0,10.0,26.0,12.0
27903,31.0,10.0,31.0,10.0
27904,31.0,10.0,32.0,10.0
27905,31.0,10.0,26.0,12.0
27906,31.0,10.0,27.0,17.0
27907,31.0,10.0,27.0,17.0
27908,31.0,10.0,28.0,14.0
27909,31.0,10.0,27.0,17.0
27910,31.0,10.0,31.0,11.0
27911,31.0,10.0,30.0,13.0
27912,31.0,10.0,31.0,10.0
27913,31.0,10.0,27.0,17.0
27914,31.0,10.0,27.0,17.0
27915,31.0,10.0,26.0,12.0
27916,31.0,10.0,28.0,14.0
27917,31.0,10.0,31.0,10.0
27918,31.0,10.0,26.0,12.0
27919,31.0,10.0,30.0,13.0
27920,31.0,10.0,31.0,10.0
27921,31.0,10.0,32.0,10.0
27922,31.0,10.0,26.0,12.0
27923,31.0,10.0,31.0,10.0
27924,31.0,10.0,28.0,14.0
27925,31.0,10.0,31.0,10.0
27926,31.0,10.0,26.0,12.0
27927,31.0,10.0,32.0,10.0
27928,31.0,10.0,31.0,10.0
27929,31.0,10.0,31.0,10.0
27930,31.0,10.0,31.0,10.0
27931,31.0,10.0,27.0,17.0
27932,31.0,10.0,31.0,10.0
27933,31.0,10.0,26.0,12.0
27934,31.0,10.0,26.0,12.0
27935,31.0,10.0,31.0,10.0
27936,31.0,10.0,31.0,11.0
27937,31.0,10.0,31.0,11.0
27938,31.0,10.0,31.0,10.0
27939,31.0,10.0,31.0,10.0
27940,31.0,10.0,31.0,11.0
27941,31.0,10.0,30.0,13.0
27942,31.0,10.0,32.0,10.0
27943,31.0,10.0,26.0,12.0
27944,31.0,10.0,27.0,17.0
27945,31.0,10.0,32.0,10.0
27946,31.0,10.0,26.0,12.0
27947,31.0,10.0,32.0,10.0
27948,31.0,10.0,31.0,11.0
27949,31.0,10.0,28.0,14.0
27950,31.0,10.0,28.0,14.0
27951,31.0,10.0,31.0,10.0
27952,31.0,10.0,32.0,10.0
27953,31.0,10.0,28.0,14.0
27954,31.0,10.0,31.0,11.0
27955,31.0,10.0,31.0,10.0
27956,31.0,10.0,26.0,12.0
27957,31.0,10.0,31.0,10.0
27958,31.0,10.0,26.0,12.0
27959,31.0,10.0,32.0,10.0
27960,31.0,10.0,30.0,13.0
27961,31.0,10.0,32.0,10.0
27962,31.0,10.0,28.0,14.0
27963,31.0,10.0,26.0,12.0
27964,31.0,10.0,31.0,11.0
27965,31.0,10.0,31.0,10.0
27966,31.0,10.0,28.0,14.0
27967,31.0,10.0,28.0,14.0
27968,31.0,10.0,27.0,17.0
27969,31.0,10.0,31.0,10.0
27970,31.0,10.0,32.0,10.0
27971,31.0,10.0,30.0,13.0
27972,31.0,10.0,31.0,10.0
27973,31.0,10.0,31.0,10.0
27974,31.0,10.0,26.0,12.0
27975,31.0,10.0,32.0,10.0
27976,31.0,10.0,26.0,12.0
27977,31.0,10.0,30.0,13.0
27978,31.0,10.0,32.0,10.0
27979,31.0,10.0,32.0,10.0
27980,31.0,10.0,31.0,10.0
27981,31.0,10.0,28.0,14.0
27982,31.0,10.0,31.0,11.0
27983,31.0,10.0,28.0,14.0
27984,31.0,10.0,31.0,10.0
27985,31.0,10.0,26.0,12.0
27986,31.0,10.0,26.0,12.0
27987,31.0,10.0,31.0,10.0
27988,31.0,10.0,27.0,17.0
27989,31.0,10.0,27.0,17.0
27990,31.0,10.0,31.0,10.0
27991,31.0,10.0,31.0,11.0
27992,31.0,10.0,31.0,10.0
27993,31.0,10.0,31.0,11.0
27994,31.0,10.0,31.0,10.0
27995,31.0,10.0,31.0,10.0
27996,31.0,10.0,31.0,10.0
27997,31.0,10.0,31.0,10.0
27998,31.0,10.0,28.0,14.0
27999,31.0,10.0,27.0,17.0
28000,31.0,10.0,26.0,12.0
28001,31.0,10.0,28.0,14.0
28002,31.0,10.0,30.0,13.0
28003,31.0,10.0,26.0,12.0
28004,31.0,10.0,28.0,14.0
28005,31.0,10.0,27.0,17.0
28006,31.0,10.0,31.0,10.0
28007,31.0,10.0,27.0,17.0
28008,31.0,10.0,26.0,12.0
28009,31.0,10.0,28.0,14.0
28010,31.0,10.0,27.0,17.0
28011,31.0,10.0,31.0,10.0
28012,31.0,10.0,27.0,17.0
28013,31.0,10.0,31.0,10.0
28014,31.0,10.0,26.0,12.0
28015,31.0,10.0,28.0,14.0
28016,31.0,10.0,32.0,10.0
28017,31.0,10.0,31.0,10.0
28018,31.0,10.0,31.0,11.0
28019,31.0,10.0,31.0,11.0
28020,31.0,10.0,30.0,13.0
28021,31.0,10.0,31.0,10.0
28022,31.0,10.0,30.0,13.0
28023,31.0,10.0,30.0,13.0
28024,31.0,10.0,31.0,10.0
28025,31.0,10.0,28.0,14.0
28026,31.0,10.0,28.0,14.0
28027,31.0,10.0,26.0,12.0
28028,31.0,10.0,32.0,10.0
28029,31.0,10.0,31.0,10.0
28030,31.0,10.0,30.0,13.0
28031,31.0,10.0,32.0,10.0
28032,31.0,10.0,26.0,12.0
28033,31.0,10.0,31.0,10.0
28034,31.0,10.0,31.0,10.0
28035,31.0,10.0,31.0,11.0
28036,31.0,10.0,27.0,17.0
28037,31.0,10.0,32.0,10.0
28038,31.0,10.0,32.0,10.0
28039,31.0,10.0,31.0,10.0
28040,31.0,10.0,31.0,10.0
28041,31.0,10.0,32.0,10.0
28042,31.0,10.0,31.0,10.0
28043,31.0,10.0,32.0,10.0
28044,31.0,10.0,31.0,10.0
28045,31.0,10.0,31.0,10.0
28046,31.0,10.0,28.0,14.0
28047,31.0,10.0,31.0,10.0
28048,31.0,10.0,27.0,17.0
28049,31.0,10.0,26.0,12.0
28050,31.0,10.0,26.0,12.0
28051,31.0,10.0,31.0,11.0
28052,31.0,10.0,32.0,10.0
28053,31.0,10.0,31.0,11.0
28054,31.0,10.0,31.0,10.0
28055,31.0,10.0,28.0,14.0
28056,31.0,10.0,32.0,10.0
28057,31.0,10.0,30.0,13.0
28058,31.0,10.0,31.0,10.0
28059,31.0,10.0,31.0,10.0
28060,31.0,10.0,31.0,10.0
28061,31.0,10.0,32.0,10.0
28062,31.0,10.0,31.0,10.0
28063,31.0,10.0,28.0,14.0
28064,31.0,10.0,31.0,10.0
28065,31.0,10.0,28.0,14.0
28066,31.0,10.0,31.0,10.0
28067,31.0,10.0,31.0,10.0
28068,31.0,10.0,31.0,11.0
28069,31.0,10.0,31.0,10.0
28070,31.0,10.0,31.0,11.0
28071,31.0,10.0,31.0,11.0
28072,31.0,10.0,27.0,17.0
28073,31.0,10.0,28.0,14.0
28074,31.0,10.0,27.0,17.0
28075,31.0,10.0,28.0,14.0
28076,31.0,10.0,30.0,13.0
28077,31.0,10.0,31.0,11.0
28078,31.0,10.0,31.0,10.0
28079,31.0,10.0,31.0,10.0
28080,31.0,10.0,28.0,14.0
28081,31.0,10.0,26.0,12.0
28082,31.0,10.0,30.0,13.0
28083,31.0,10.0,31.0,10.0
28084,31.0,10.0,26.0,12.0
28085,31.0,10.0,30.0,13.0
28086,31.0,10.0,26.0,12.0
28087,31.0,10.0,27.0,17.0
28088,31.0,10.0,28.0,14.0
28089,31.0,10.0,28.0,14.0
28090,31.0,10.0,28.0,14.0
28091,31.0,10.0,32.0,10.0
28092,31.0,10.0,31.0,11.0
28093,31.0,10.0,26.0,12.0
28094,31.0,10.0,31.0,10.0
28095,31.0,10.0,28.0,14.0
28096,31.0,10.0,31.0,11.0
28097,31.0,10.0,26.0,12.0
28098,31.0,10.0,28.0,14.0
28099,31.0,10.0,32.0,10.0
28100,31.0,10.0,31.0,11.0
28101,31.0,10.0,31.0,10.0
28102,31.0,10.0,31.0,11.0
28103,31.0,10.0,30.0,13.0
28104,31.0,10.0,26.0,12.0
28105,31.0,10.0,27.0,17.0
28106,31.0,10.0,30.0,13.0
28107,31.0,10.0,31.0,10.0
28108,31.0,10.0,31.0,10.0
28109,31.0,10.0,31.0,10.0
28110,31.0,10.0,32.0,10.0
28111,31.0,10.0,28.0,14.0
28112,31.0,10.0,28.0,14.0
28113,31.0,10.0,31.0,11.0
28114,31.0,10.0,27.0,17.0
28115,31.0,10.0,28.0,14.0
28116,31.0,10.0,27.0,17.0
28117,31.0,10.0,26.0,12.0
28118,31.0,10.0,27.0,17.0
28119,31.0,10.0,28.0,14.0
28120,31.0,10.0,31.0,10.0
28121,31.0,10.0,31.0,10.0
28122,31.0,10.0,31.0,10.0
28123,31.0,10.0,32.0,10.0
28124,31.0,10.0,32.0,10.0
28125,31.0,10.0,30.0,13.0
28126,31.0,10.0,31.0,11.0
28127,31.0,10.0,31.0,10.0
28128,31.0,10.0,31.0,10.0
28129,31.0,10.0,31.0,11.0
28130,31.0,10.0,31.0,11.0
28131,31.0,10.0,32.0,10.0
28132,31.0,10.0,32.0,10.0
28133,31.0,10.0,30.0,13.0
28134,31.0,10.0,26.0,12.0
28135,31.0,10.0,31.0,10.0
28136,31.0,10.0,31.0,10.0
28137,31.0,10.0,31.0,11.0
28138,31.0,10.0,26.0,12.0
28139,31.0,10.0,32.0,10.0
28140,31.0,10.0,27.0,17.0
28141,31.0,10.0,26.0,12.0
28142,31.0,10.0,31.0,10.0
28143,31.0,10.0,28.0,14.0
28144,31.0,10.0,31.0,10.0
28145,31.0,10.0,31.0,10.0
28146,31.0,10.0,30.0,13.0
28147,31.0,10.0,31.0,10.0
28148,31.0,10.0,27.0,17.0
28149,31.0,10.0,26.0,12.0
28150,31.0,10.0,28.0,14.0
28151,31.0,10.0,31.0,11.0
28152,31.0,10.0,28.0,14.0
28153,31.0,10.0,31.0,10.0
28154,31.0,10.0,31.0,11.0
28155,31.0,10.0,27.0,17.0
28156,31.0,10.0,31.0,10.0
28157,31.0,10.0,32.0,10.0
28158,31.0,10.0,30.0,13.0
28159,31.0,10.0,30.0,13.0
28160,31.0,10.0,31.0,10.0
28161,31.0,10.0,31.0,10.0
28162,31.0,10.0,31.0,10.0
28163,31.0,10.0,31.0,11.0
28164,31.0,10.0,31.0,11.0
28165,31.0,10.0,31.0,10.0
28166,31.0,10.0,31.0,10.0
28167,31.0,10.0,31.0,10.0
28168,31.0,10.0,27.0,17.0
28169,31.0,10.0,31.0,10.0
28170,31.0,10.0,31.0,11.0
28171,31.0,10.0,32.0,10.0
28172,31.0,10.0,28.0,14.0
28173,31.0,10.0,30.0,13.0
28174,31.0,10.0,31.0,10.0
28175,31.0,10.0,26.0,12.0
28176,31.0,10.0,31.0,10.0
28177,31.0,10.0,32.0,10.0
28178,31.0,10.0,31.0,10.0
28179,31.0,10.0,30.0,13.0
28180,31.0,10.0,26.0,12.0
28181,31.0,10.0,31.0,10.0
28182,31.0,10.0,32.0,10.0
28183,31.0,10.0,31.0,11.0
28184,31.0,10.0,28.0,14.0
28185,31.0,10.0,31.0,10.0
28186,31.0,10.0,28.0,14.0
28187,31.0,10.0,31.0,11.0
28188,31.0,10.0,30.0,13.0
28189,31.0,10.0,32.0,10.0
28190,31.0,10.0,32.0,10.0
28191,31.0,10.0,31.0,10.0
28192,31.0,10.0,32.0,10.0
28193,31.0,10.0,31.0,10.0
28194,31.0,10.0,31.0,10.0
28195,31.0,10.0,26.0,12.0
28196,31.0,10.0,28.0,14.0
28197,31.0,10.0,31.0,10.0
28198,31.0,10.0,30.0,13.0
28199,31.0,10.0,27.0,17.0
28200,31.0,10.0,28.0,14.0
28201,31.0,10.0,31.0,10.0
28202,31.0,10.0,31.0,11.0
28203,31.0,10.0,28.0,14.0
28204,31.0,10.0,28.0,14.0
28205,31.0,10.0,28.0,14.0
28206,31.0,10.0,31.0,10.0
28207,31.0,10.0,31.0,10.0
28208,31.0,10.0,31.0,10.0
28209,31.0,10.0,30.0,13.0
28210,31.0,10.0,31.0,10.0
28211,31.0,10.0,30.0,13.0
28212,31.0,10.0,31.0,11.0
28213,31.0,10.0,26.0,12.0
28214,31.0,10.0,27.0,17.0
28215,31.0,10.0,30.0,13.0
28216,31.0,10.0,30.0,13.0
28217,31.0,10.0,27.0,17.0
28218,31.0,10.0,27.0,17.0
28219,31.0,10.0,28.0,14.0
28220,31.0,10.0,32.0,10.0
28221,31.0,10.0,26.0,12.0
28222,31.0,10.0,30.0,13.0
28223,31.0,10.0,26.0,12.0
28224,31.0,10.0,26.0,12.0
28225,31.0,10.0,32.0,10.0
28226,31.0,10.0,28.0,14.0
28227,31.0,10.0,30.0,13.0
28228,31.0,10.0,31.0,10.0
28229,31.0,10.0,28.0,14.0
28230,31.0,10.0,31.0,10.0
28231,31.0,10.0,26.0,12.0
28232,31.0,10.0,32.0,10.0
28233,31.0,10.0,30.0,13.0
28234,31.0,10.0,28.0,14.0
28235,31.0,10.0,28.0,14.0
28236,31.0,10.0,27.0,17.0
28237,31.0,10.0,31.0,10.0
28238,31.0,10.0,31.0,11.0
28239,31.0,10.0,27.0,17.0
28240,31.0,10.0,32.0,10.0
28241,31.0,10.0,26.0,12.0
28242,31.0,10.0,28.0,14.0
28243,31.0,10.0,31.0,11.0
28244,31.0,10.0,31.0,10.0
28245,31.0,10.0,30.0,13.0
28246,31.0,10.0,30.0,13.0
28247,31.0,10.0,31.0,11.0
28248,31.0,10.0,31.0,10.0
28249,31.0,10.0,27.0,17.0
28250,31.0,10.0,31.0,10.0
28251,31.0,10.0,28.0,14.0
28252,31.0,10.0,27.0,17.0
28253,31.0,10.0,26.0,12.0
28254,31.0,10.0,31.0,10.0
28255,31.0,10.0,27.0,17.0
28256,31.0,10.0,28.0,14.0
28257,31.0,10.0,28.0,14.0
28258,31.0,10.0,31.0,10.0
28259,31.0,10.0,31.0,10.0
28260,31.0,10.0,30.0,13.0
28261,31.0,10.0,32.0,10.0
28262,31.0,10.0,31.0,11.0
28263,31.0,10.0,26.0,12.0
28264,31.0,10.0,31.0,10.0
28265,31.0,10.0,31.0,10.0
28266,31.0,10.0,31.0,11.0
28267,31.0,10.0,28.0,14.0
28268,31.0,10.0,28.0,14.0
28269,31.0,10.0,28.0,14.0
28270,31.0,10.0,28.0,14.0
28271,31.0,10.0,28.0,14.0
28272,31.0,10.0,26.0,12.0
28273,31.0,10.0,28.0,14.0
28274,31.0,10.0,27.0,17.0
28275,31.0,10.0,31.0,10.0
28276,31.0,10.0,28.0,14.0
28277,31.0,10.0,26.0,12.0
28278,31.0,10.0,32.0,10.0
28279,31.0,10.0,28.0,14.0
28280,31.0,10.0,27.0,17.0
28281,31.0,10.0,30.0,13.0
28282,31.0,10.0,26.0,12.0
28283,31.0,10.0,31.0,10.0
28284,31.0,10.0,31.0,11.0
28285,31.0,10.0,27.0,17.0
28286,31.0,10.0,31.0,11.0
28287,31.0,10.0,31.0,10.0
28288,31.0,10.0,27.0,17.0
28289,31.0,10.0,28.0,14.0
28290,31.0,10.0,31.0,11.0
28291,31.0,10.0,26.0,12.0
28292,31.0,10.0,31.0,10.0
28293,31.0,10.0,31.0,11.0
28294,31.0,10.0,27.0,17.0
28295,31.0,10.0,31.0,10.0
28296,31.0,10.0,31.0,11.0
28297,31.0,10.0,32.0,10.0
28298,31.0,10.0,31.0,11.0
28299,31.0,10.0,31.0,10.0
28300,31.0,10.0,31.0,11.0
28301,31.0,10.0,31.0,10.0
28302,31.0,10.0,31.0,10.0
28303,31.0,10.0,30.0,13.0
28304,31.0,10.0,31.0,10.0
28305,31.0,10.0,30.0,13.0
28306,31.0,10.0,28.0,14.0
28307,31.0,10.0,26.0,12.0
28308,31.0,10.0,31.0,10.0
28309,31.0,10.0,31.0,10.0
28310,31.0,10.0,32.0,10.0
28311,31.0,10.0,30.0,13.0
28312,31.0,10.0,26.0,12.0
28313,31.0,10.0,27.0,17.0
28314,31.0,10.0,31.0,10.0
28315,31.0,10.0,32.0,10.0
28316,31.0,10.0,28.0,14.0
28317,31.0,10.0,31.0,11.0
28318,31.0,10.0,28.0,14.0
28319,31.0,10.0,28.0,14.0
28320,31.0,10.0,28.0,14.0
28321,31.0,10.0,26.0,12.0
28322,31.0,10.0,31.0,10.0
28323,31.0,10.0,31.0,10.0
28324,31.0,10.0,27.0,17.0
28325,31.0,10.0,28.0,14.0
28326,31.0,10.0,27.0,17.0
28327,31.0,10.0,28.0,14.0
28328,31.0,10.0,32.0,10.0
28329,31.0,10.0,28.0,14.0
28330,31.0,10.0,31.0,11.0
28331,31.0,10.0,27.0,17.0
28332,31.0,10.0,31.0,10.0
28333,31.0,10.0,32.0,10.0
28334,31.0,10.0,32.0,10.0
28335,31.0,10.0,31.0,11.0
28336,31.0,10.0,28.0,14.0
28337,31.0,10.0,31.0,10.0
28338,31.0,10.0,32.0,10.0
28339,31.0,10.0,32.0,10.0
28340,31.0,10.0,28.0,14.0
28341,31.0,10.0,31.0,11.0
28342,31.0,10.0,31.0,10.0
28343,31.0,10.0,31.0,10.0
28344,31.0,10.0,31.0,10.0
28345,31.0,10.0,31.0,11.0
28346,31.0,10.0,32.0,10.0
28347,31.0,10.0,32.0,10.0
28348,31.0,10.0,27.0,17.0
28349,31.0,10.0,32.0,10.0
28350,31.0,10.0,31.0,10.0
28351,31.0,10.0,31.0,10.0
28352,31.0,10.0,30.0,13.0
28353,31.0,10.0,30.0,13.0
28354,31.0,10.0,31.0,10.0
28355,31.0,10.0,30.0,13.0
28356,31.0,10.0,32.0,10.0
28357,31.0,10.0,31.0,10.0
28358,31.0,10.0,27.0,17.0
28359,31.0,10.0,31.0,10.0
28360,31.0,10.0,28.0,14.0
28361,31.0,10.0,31.0,10.0
28362,31.0,10.0,26.0,12.0
28363,31.0,10.0,32.0,10.0
28364,31.0,10.0,31.0,10.0
28365,31.0,10.0,31.0,10.0
28366,31.0,10.0,27.0,17.0
28367,31.0,10.0,31.0,10.0
28368,31.0,10.0,31.0,10.0
28369,31.0,10.0,30.0,13.0
28370,31.0,10.0,27.0,17.0
28371,31.0,10.0,30.0,13.0
28372,31.0,10.0,31.0,10.0
28373,31.0,10.0,27.0,17.0
28374,31.0,10.0,28.0,14.0
28375,31.0,10.0,31.0,10.0
28376,31.0,10.0,26.0,12.0
28377,31.0,10.0,30.0,13.0
28378,31.0,10.0,32.0,10.0
28379,31.0,10.0,30.0,13.0
28380,31.0,10.0,27.0,17.0
28381,31.0,10.0,31.0,10.0
28382,31.0,10.0,31.0,10.0
28383,31.0,10.0,26.0,12.0
28384,31.0,10.0,31.0,10.0
28385,31.0,10.0,31.0,11.0
28386,31.0,10.0,31.0,10.0
28387,31.0,10.0,30.0,13.0
28388,31.0,10.0,31.0,10.0
28389,31.0,10.0,31.0,10.0
28390,31.0,10.0,27.0,17.0
28391,31.0,10.0,32.0,10.0
28392,31.0,10.0,28.0,14.0
28393,31.0,10.0,26.0,12.0
28394,31.0,10.0,31.0,10.0
28395,31.0,10.0,32.0,10.0
28396,31.0,10.0,31.0,10.0
28397,31.0,10.0,28.0,14.0
28398,31.0,10.0,31.0,11.0
28399,31.0,10.0,27.0,17.0
28400,31.0,10.0,27.0,17.0
28401,31.0,10.0,28.0,14.0
28402,31.0,10.0,31.0,10.0
28403,31.0,10.0,31.0,10.0
28404,31.0,10.0,28.0,14.0
28405,31.0,10.0,27.0,17.0
28406,31.0,10.0,31.0,10.0
28407,31.0,10.0,28.0,14.0
28408,31.0,10.0,28.0,14.0
28409,31.0,10.0,31.0,10.0
28410,31.0,10.0,26.0,12.0
28411,31.0,10.0,30.0,13.0
28412,31.0,10.0,31.0,10.0
28413,31.0,10.0,31.0,10.0
28414,31.0,10.0,30.0,13.0
28415,31.0,10.0,31.0,10.0
28416,31.0,10.0,28.0,14.0
28417,31.0,10.0,32.0,10.0
28418,31.0,10.0,32.0,10.0
28419,31.0,10.0,28.0,14.0
28420,31.0,10.0,27.0,17.0
28421,31.0,10.0,32.0,10.0
28422,31.0,10.0,27.0,17.0
28423,31.0,10.0,31.0,11.0
28424,31.0,10.0,31.0,10.0
28425,31.0,10.0,27.0,17.0
28426,31.0,10.0,30.0,13.0
28427,31.0,10.0,30.0,13.0
28428,31.0,10.0,30.0,13.0
28429,31.0,10.0,31.0,10.0
28430,31.0,10.0,27.0,17.0
28431,31.0,10.0,26.0,12.0
28432,31.0,10.0,27.0,17.0
28433,31.0,10.0,32.0,10.0
28434,31.0,10.0,31.0,11.0
28435,31.0,10.0,28.0,14.0
28436,31.0,10.0,31.0,11.0
28437,31.0,10.0,31.0,10.0
28438,31.0,10.0,27.0,17.0
28439,31.0,10.0,31.0,10.0
28440,31.0,10.0,30.0,13.0
28441,31.0,10.0,31.0,10.0
28442,31.0,10.0,31.0,10.0
28443,31.0,10.0,31.0,10.0
28444,31.0,10.0,30.0,13.0
28445,31.0,10.0,31.0,10.0
28446,31.0,10.0,30.0,13.0
28447,31.0,10.0,28.0,14.0
28448,31.0,10.0,28.0,14.0
28449,31.0,10.0,31.0,10.0
28450,31.0,10.0,26.0,12.0
28451,31.0,10.0,31.0,10.0
28452,31.0,10.0,31.0,10.0
28453,31.0,10.0,30.0,13.0
28454,31.0,10.0,31.0,10.0
28455,31.0,10.0,32.0,10.0
28456,31.0,10.0,31.0,11.0
28457,31.0,10.0,30.0,13.0
28458,31.0,10.0,31.0,10.0
28459,31.0,10.0,30.0,13.0
28460,31.0,10.0,31.0,11.0
28461,31.0,10.0,27.0,17.0
28462,31.0,10.0,26.0,12.0
28463,31.0,10.0,28.0,14.0
28464,31.0,10.0,27.0,17.0
28465,31.0,10.0,30.0,13.0
28466,31.0,10.0,28.0,14.0
28467,31.0,10.0,26.0,12.0
28468,31.0,10.0,31.0,10.0
28469,31.0,10.0,32.0,10.0
28470,31.0,10.0,26.0,12.0
28471,31.0,10.0,31.0,10.0
28472,31.0,10.0,32.0,10.0
28473,31.0,10.0,26.0,12.0
28474,31.0,10.0,31.0,10.0
28475,31.0,10.0,28.0,14.0
28476,31.0,10.0,30.0,13.0
28477,31.0,10.0,26.0,12.0
28478,31.0,10.0,28.0,14.0
28479,31.0,10.0,28.0,14.0
28480,31.0,10.0,32.0,10.0
28481,31.0,10.0,27.0,17.0
28482,31.0,10.0,31.0,11.0
28483,31.0,10.0,31.0,11.0
28484,31.0,10.0,31.0,11.0
28485,31.0,10.0,28.0,14.0
28486,31.0,10.0,31.0,10.0
28487,31.0,10.0,30.0,13.0
28488,31.0,10.0,31.0,11.0
28489,31.0,10.0,27.0,17.0
28490,31.0,10.0,31.0,10.0
28491,31.0,10.0,32.0,10.0
28492,31.0,10.0,31.0,10.0
28493,31.0,10.0,32.0,10.0
28494,31.0,10.0,31.0,11.0
28495,31.0,10.0,32.0,10.0
28496,31.0,10.0,31.0,11.0
28497,31.0,10.0,31.0,11.0
28498,31.0,10.0,28.0,14.0
28499,31.0,10.0,27.0,17.0
28500,31.0,10.0,32.0,10.0
28501,31.0,10.0,28.0,14.0
28502,31.0,10.0,31.0,10.0
28503,31.0,10.0,30.0,13.0
28504,31.0,10.0,31.0,11.0
28505,31.0,10.0,31.0,11.0
28506,31.0,10.0,31.0,11.0
28507,31.0,10.0,28.0,14.0
28508,31.0,10.0,31.0,10.0
28509,31.0,10.0,30.0,13.0
28510,31.0,10.0,31.0,11.0
28511,31.0,10.0,31.0,10.0
28512,31.0,10.0,27.0,17.0
28513,31.0,10.0,31.0,11.0
28514,31.0,10.0,27.0,17.0
28515,31.0,10.0,28.0,14.0
28516,31.0,10.0,26.0,12.0
28517,31.0,10.0,31.0,10.0
28518,31.0,10.0,31.0,11.0
28519,31.0,10.0,31.0,10.0
28520,31.0,10.0,32.0,10.0
28521,31.0,10.0,31.0,10.0
28522,31.0,10.0,27.0,17.0
28523,31.0,10.0,32.0,10.0
28524,31.0,10.0,28.0,14.0
28525,31.0,10.0,30.0,13.0
28526,31.0,10.0,27.0,17.0
28527,31.0,10.0,31.0,10.0
28528,31.0,10.0,28.0,14.0
28529,31.0,10.0,31.0,10.0
28530,31.0,10.0,26.0,12.0
28531,31.0,10.0,31.0,11.0
28532,31.0,10.0,31.0,10.0
28533,31.0,10.0,31.0,10.0
28534,31.0,10.0,31.0,10.0
28535,31.0,10.0,31.0,10.0
28536,31.0,10.0,31.0,11.0
28537,31.0,10.0,30.0,13.0
28538,31.0,10.0,31.0,11.0
28539,31.0,10.0,28.0,14.0
28540,31.0,10.0,31.0,10.0
28541,31.0,10.0,31.0,10.0
28542,31.0,10.0,31.0,11.0
28543,31.0,10.0,31.0,10.0
28544,31.0,10.0,31.0,11.0
28545,31.0,10.0,26.0,12.0
28546,31.0,10.0,31.0,11.0
28547,31.0,10.0,31.0,10.0
28548,31.0,10.0,26.0,12.0
28549,31.0,10.0,31.0,10.0
28550,31.0,10.0,28.0,14.0
28551,31.0,10.0,31.0,10.0
28552,31.0,10.0,27.0,17.0
28553,31.0,10.0,31.0,10.0
28554,31.0,10.0,31.0,11.0
28555,31.0,10.0,28.0,14.0
28556,31.0,10.0,31.0,10.0
28557,31.0,10.0,31.0,11.0
28558,31.0,10.0,28.0,14.0
28559,31.0,10.0,31.0,10.0
28560,31.0,10.0,31.0,10.0
28561,31.0,10.0,26.0,12.0
28562,31.0,10.0,31.0,11.0
28563,31.0,10.0,31.0,10.0
28564,31.0,10.0,26.0,12.0
28565,31.0,10.0,30.0,13.0
28566,31.0,10.0,30.0,13.0
28567,31.0,10.0,26.0,12.0
28568,31.0,10.0,31.0,10.0
28569,31.0,10.0,30.0,13.0
28570,31.0,10.0,31.0,10.0
28571,31.0,10.0,32.0,10.0
28572,31.0,10.0,28.0,14.0
28573,31.0,10.0,31.0,10.0
28574,31.0,10.0,28.0,14.0
28575,31.0,10.0,26.0,12.0
28576,31.0,10.0,32.0,10.0
28577,31.0,10.0,31.0,10.0
28578,31.0,10.0,28.0,14.0
28579,31.0,10.0,27.0,17.0
28580,31.0,10.0,31.0,11.0
28581,31.0,10.0,28.0,14.0
28582,31.0,10.0,32.0,10.0
28583,31.0,10.0,27.0,17.0
28584,31.0,10.0,30.0,13.0
28585,31.0,10.0,27.0,17.0
28586,31.0,10.0,28.0,14.0
28587,31.0,10.0,30.0,13.0
28588,31.0,10.0,31.0,10.0
28589,31.0,10.0,28.0,14.0
28590,31.0,10.0,31.0,10.0
28591,31.0,10.0,30.0,13.0
28592,31.0,10.0,30.0,13.0
28593,31.0,10.0,31.0,11.0
28594,31.0,10.0,27.0,17.0
28595,31.0,10.0,27.0,17.0
28596,31.0,10.0,31.0,10.0
28597,31.0,10.0,32.0,10.0
28598,31.0,10.0,30.0,13.0
28599,31.0,10.0,30.0,13.0
28600,31.0,10.0,26.0,12.0
28601,31.0,10.0,31.0,10.0
28602,31.0,10.0,30.0,13.0
28603,31.0,10.0,31.0,10.0
28604,31.0,10.0,31.0,10.0
28605,31.0,10.0,32.0,10.0
28606,31.0,10.0,26.0,12.0
28607,31.0,10.0,31.0,10.0
28608,31.0,10.0,27.0,17.0
28609,31.0,10.0,31.0,10.0
28610,31.0,10.0,27.0,17.0
28611,31.0,10.0,31.0,10.0
28612,31.0,10.0,31.0,10.0
28613,31.0,10.0,27.0,17.0
28614,31.0,10.0,31.0,10.0
28615,31.0,10.0,31.0,10.0
28616,31.0,10.0,26.0,12.0
28617,31.0,10.0,26.0,12.0
28618,31.0,10.0,32.0,10.0
28619,31.0,10.0,27.0,17.0
28620,31.0,10.0,31.0,10.0
28621,31.0,10.0,31.0,10.0
28622,31.0,10.0,27.0,17.0
28623,31.0,10.0,31.0,10.0
28624,31.0,10.0,30.0,13.0
28625,31.0,10.0,31.0,10.0
28626,31.0,10.0,26.0,12.0
28627,31.0,10.0,27.0,17.0
28628,31.0,10.0,31.0,10.0
28629,31.0,10.0,26.0,12.0
28630,31.0,10.0,26.0,12.0
28631,31.0,10.0,32.0,10.0
28632,31.0,10.0,26.0,12.0
28633,31.0,10.0,31.0,11.0
28634,31.0,10.0,28.0,14.0
28635,31.0,10.0,31.0,10.0
28636,31.0,10.0,31.0,10.0
28637,31.0,10.0,31.0,10.0
28638,31.0,10.0,28.0,14.0
28639,31.0,10.0,28.0,14.0
28640,31.0,10.0,26.0,12.0
28641,31.0,10.0,31.0,10.0
28642,31.0,10.0,31.0,10.0
28643,31.0,10.0,28.0,14.0
28644,31.0,10.0,31.0,10.0
28645,31.0,10.0,28.0,14.0
28646,31.0,10.0,31.0,10.0
28647,31.0,10.0,27.0,17.0
28648,31.0,10.0,30.0,13.0
28649,31.0,10.0,31.0,10.0
28650,31.0,10.0,31.0,10.0
28651,31.0,10.0,31.0,10.0
28652,31.0,10.0,26.0,12.0
28653,31.0,10.0,27.0,17.0
28654,31.0,10.0,28.0,14.0
28655,31.0,10.0,30.0,13.0
28656,31.0,10.0,31.0,10.0
28657,31.0,10.0,26.0,12.0
28658,31.0,10.0,32.0,10.0
28659,31.0,10.0,31.0,10.0
28660,31.0,10.0,27.0,17.0
28661,31.0,10.0,32.0,10.0
28662,31.0,10.0,27.0,17.0
28663,31.0,10.0,28.0,14.0
28664,31.0,10.0,28.0,14.0
28665,31.0,10.0,31.0,11.0
28666,31.0,10.0,26.0,12.0
28667,31.0,10.0,31.0,10.0
28668,31.0,10.0,28.0,14.0
28669,31.0,10.0,28.0,14.0
28670,31.0,10.0,27.0,17.0
28671,31.0,10.0,32.0,10.0
28672,31.0,10.0,31.0,11.0
28673,31.0,10.0,31.0,10.0
28674,31.0,10.0,31.0,10.0
28675,31.0,10.0,28.0,14.0
28676,31.0,10.0,32.0,10.0
28677,31.0,10.0,26.0,12.0
28678,31.0,10.0,26.0,12.0
28679,31.0,10.0,31.0,10.0
28680,31.0,10.0,31.0,10.0
28681,31.0,10.0,31.0,10.0
28682,31.0,10.0,27.0,17.0
28683,31.0,10.0,31.0,10.0
28684,31.0,10.0,31.0,10.0
28685,31.0,10.0,28.0,14.0
28686,31.0,10.0,26.0,12.0
28687,31.0,10.0,26.0,12.0
28688,31.0,10.0,31.0,10.0
28689,31.0,10.0,32.0,10.0
28690,31.0,10.0,31.0,10.0
28691,31.0,10.0,28.0,14.0
28692,31.0,10.0,31.0,10.0
28693,31.0,10.0,27.0,17.0
28694,31.0,10.0,30.0,13.0
28695,31.0,10.0,30.0,13.0
28696,31.0,10.0,31.0,11.0
28697,31.0,10.0,31.0,10.0
28698,31.0,10.0,31.0,11.0
28699,31.0,10.0,31.0,10.0
28700,31.0,10.0,27.0,17.0
28701,31.0,10.0,28.0,14.0
28702,31.0,10.0,28.0,14.0
28703,31.0,10.0,31.0,10.0
28704,31.0,10.0,28.0,14.0
28705,31.0,10.0,30.0,13.0
28706,31.0,10.0,26.0,12.0
28707,31.0,10.0,31.0,11.0
28708,31.0,10.0,31.0,10.0
28709,31.0,10.0,31.0,10.0
28710,31.0,10.0,26.0,12.0
28711,31.0,10.0,31.0,11.0
28712,31.0,10.0,28.0,14.0
28713,31.0,10.0,27.0,17.0
28714,31.0,10.0,30.0,13.0
28715,31.0,10.0,31.0,10.0
28716,31.0,10.0,32.0,10.0
28717,31.0,10.0,26.0,12.0
28718,31.0,10.0,26.0,12.0
28719,31.0,10.0,26.0,12.0
28720,31.0,10.0,31.0,10.0
28721,31.0,10.0,32.0,10.0
28722,31.0,10.0,27.0,17.0
28723,31.0,10.0,31.0,10.0
28724,31.0,10.0,31.0,10.0
28725,31.0,10.0,28.0,14.0
28726,31.0,10.0,31.0,11.0
28727,31.0,10.0,32.0,10.0
28728,31.0,10.0,31.0,10.0
28729,31.0,10.0,31.0,10.0
28730,31.0,10.0,27.0,17.0
28731,31.0,10.0,28.0,14.0
28732,31.0,10.0,26.0,12.0
28733,31.0,10.0,30.0,13.0
28734,31.0,10.0,28.0,14.0
28735,31.0,10.0,32.0,10.0
28736,31.0,10.0,31.0,10.0
28737,31.0,10.0,28.0,14.0
28738,31.0,10.0,28.0,14.0
28739,31.0,10.0,31.0,10.0
28740,31.0,10.0,26.0,12.0
28741,31.0,10.0,27.0,17.0
28742,31.0,10.0,26.0,12.0
28743,31.0,10.0,31.0,10.0
28744,31.0,10.0,31.0,10.0
28745,31.0,10.0,28.0,14.0
28746,31.0,10.0,28.0,14.0
28747,31.0,10.0,30.0,13.0
28748,31.0,10.0,27.0,17.0
28749,31.0,10.0,32.0,10.0
28750,31.0,10.0,31.0,10.0
28751,31.0,10.0,31.0,10.0
28752,31.0,10.0,31.0,10.0
28753,31.0,10.0,31.0,10.0
28754,31.0,10.0,31.0,10.0
28755,31.0,10.0,27.0,17.0
28756,31.0,10.0,27.0,17.0
28757,31.0,10.0,28.0,14.0
28758,31.0,10.0,31.0,11.0
28759,31.0,10.0,31.0,11.0
28760,31.0,10.0,26.0,12.0
28761,31.0,10.0,32.0,10.0
28762,31.0,10.0,30.0,13.0
28763,31.0,10.0,31.0,10.0
28764,31.0,10.0,31.0,11.0
28765,31.0,10.0,28.0,14.0
28766,31.0,10.0,32.0,10.0
28767,31.0,10.0,32.0,10.0
28768,31.0,10.0,28.0,14.0
28769,31.0,10.0,27.0,17.0
28770,31.0,10.0,27.0,17.0
28771,31.0,10.0,27.0,17.0
28772,31.0,10.0,32.0,10.0
28773,31.0,10.0,31.0,10.0
28774,31.0,10.0,28.0,14.0
28775,31.0,10.0,30.0,13.0
28776,31.0,10.0,27.0,17.0
28777,31.0,10.0,30.0,13.0
28778,31.0,10.0,26.0,12.0
28779,31.0,10.0,31.0,10.0
28780,31.0,10.0,31.0,10.0
28781,31.0,10.0,28.0,14.0
28782,31.0,10.0,27.0,17.0
28783,31.0,10.0,31.0,11.0
28784,31.0,10.0,30.0,13.0
28785,31.0,10.0,31.0,10.0
28786,31.0,10.0,26.0,12.0
28787,31.0,10.0,28.0,14.0
28788,31.0,10.0,26.0,12.0
28789,31.0,10.0,30.0,13.0
28790,31.0,10.0,31.0,10.0
28791,31.0,10.0,30.0,13.0
28792,31.0,10.0,31.0,10.0
28793,31.0,10.0,28.0,14.0
28794,31.0,10.0,31.0,11.0
28795,31.0,10.0,31.0,10.0
28796,31.0,10.0,28.0,14.0
28797,31.0,10.0,30.0,13.0
28798,31.0,10.0,31.0,11.0
28799,31.0,10.0,31.0,11.0
28800,31.0,10.0,28.0,14.0
28801,31.0,10.0,28.0,14.0
28802,31.0,10.0,31.0,10.0
28803,31.0,10.0,31.0,10.0
28804,31.0,10.0,30.0,13.0
28805,31.0,10.0,31.0,11.0
28806,31.0,10.0,31.0,10.0
28807,31.0,10.0,31.0,10.0
28808,31.0,10.0,30.0,13.0
28809,31.0,10.0,30.0,13.0
28810,31.0,10.0,32.0,10.0
28811,31.0,10.0,30.0,13.0
28812,31.0,10.0,31.0,10.0
28813,31.0,10.0,31.0,10.0
28814,31.0,10.0,31.0,10.0
28815,31.0,10.0,32.0,10.0
28816,31.0,10.0,31.0,11.0
28817,31.0,10.0,31.0,10.0
28818,31.0,10.0,31.0,11.0
28819,31.0,10.0,32.0,10.0
28820,31.0,10.0,26.0,12.0
28821,31.0,10.0,31.0,10.0
28822,31.0,10.0,31.0,10.0
28823,31.0,10.0,28.0,14.0
28824,31.0,10.0,26.0,12.0
28825,31.0,10.0,31.0,10.0
28826,31.0,10.0,28.0,14.0
28827,31.0,10.0,31.0,11.0
28828,31.0,10.0,28.0,14.0
28829,31.0,10.0,31.0,10.0
28830,31.0,10.0,27.0,17.0
28831,31.0,10.0,28.0,14.0
28832,31.0,10.0,31.0,11.0
28833,31.0,10.0,27.0,17.0
28834,31.0,10.0,26.0,12.0
28835,31.0,10.0,30.0,13.0
28836,31.0,10.0,26.0,12.0
28837,31.0,10.0,28.0,14.0
28838,31.0,10.0,32.0,10.0
28839,31.0,10.0,31.0,11.0
28840,31.0,10.0,31.0,10.0
28841,31.0,10.0,28.0,14.0
28842,31.0,10.0,31.0,11.0
28843,31.0,10.0,26.0,12.0
28844,31.0,10.0,27.0,17.0
28845,31.0,10.0,28.0,14.0
28846,31.0,10.0,31.0,10.0
28847,31.0,10.0,31.0,10.0
28848,31.0,10.0,28.0,14.0
28849,31.0,10.0,31.0,10.0
28850,31.0,10.0,27.0,17.0
28851,31.0,10.0,28.0,14.0
28852,31.0,10.0,30.0,13.0
28853,31.0,10.0,28.0,14.0
28854,31.0,10.0,30.0,13.0
28855,31.0,10.0,32.0,10.0
28856,31.0,10.0,31.0,10.0
28857,31.0,10.0,31.0,11.0
28858,31.0,10.0,30.0,13.0
28859,31.0,10.0,31.0,10.0
28860,31.0,10.0,27.0,17.0
28861,31.0,10.0,28.0,14.0
28862,31.0,10.0,26.0,12.0
28863,31.0,10.0,31.0,10.0
28864,31.0,10.0,30.0,13.0
28865,31.0,10.0,26.0,12.0
28866,31.0,10.0,28.0,14.0
28867,31.0,10.0,31.0,11.0
28868,31.0,10.0,28.0,14.0
28869,31.0,10.0,28.0,14.0
28870,31.0,10.0,31.0,10.0
28871,31.0,10.0,26.0,12.0
28872,31.0,10.0,26.0,12.0
28873,31.0,10.0,32.0,10.0
28874,31.0,10.0,30.0,13.0
28875,31.0,10.0,28.0,14.0
28876,31.0,10.0,27.0,17.0
28877,31.0,10.0,27.0,17.0
28878,31.0,10.0,31.0,10.0
28879,31.0,10.0,32.0,10.0
28880,31.0,10.0,31.0,10.0
28881,31.0,10.0,32.0,10.0
28882,31.0,10.0,26.0,12.0
28883,31.0,10.0,32.0,10.0
28884,31.0,10.0,26.0,12.0
28885,31.0,10.0,31.0,10.0
28886,31.0,10.0,31.0,10.0
28887,31.0,10.0,26.0,12.0
28888,31.0,10.0,32.0,10.0
28889,31.0,10.0,31.0,11.0
28890,31.0,10.0,31.0,10.0
28891,31.0,10.0,30.0,13.0
28892,31.0,10.0,31.0,10.0
28893,31.0,10.0,26.0,12.0
28894,31.0,10.0,31.0,11.0
28895,31.0,10.0,32.0,10.0
28896,31.0,10.0,27.0,17.0
28897,31.0,10.0,32.0,10.0
28898,31.0,10.0,31.0,11.0
28899,31.0,10.0,32.0,10.0
28900,31.0,10.0,32.0,10.0
28901,31.0,10.0,27.0,17.0
28902,31.0,10.0,31.0,10.0
28903,31.0,10.0,32.0,10.0
28904,31.0,10.0,31.0,10.0
28905,31.0,10.0,32.0,10.0
28906,31.0,10.0,31.0,10.0
28907,31.0,10.0,26.0,12.0
28908,31.0,10.0,26.0,12.0
28909,31.0,10.0,32.0,10.0
28910,31.0,10.0,28.0,14.0
28911,31.0,10.0,32.0,10.0
28912,31.0,10.0,31.0,10.0
28913,31.0,10.0,28.0,14.0
28914,31.0,10.0,26.0,12.0
28915,31.0,10.0,31.0,10.0
28916,31.0,10.0,30.0,13.0
28917,31.0,10.0,32.0,10.0
28918,31.0,10.0,32.0,10.0
28919,31.0,10.0,31.0,11.0
28920,31.0,10.0,30.0,13.0
28921,31.0,10.0,26.0,12.0
28922,31.0,10.0,31.0,10.0
28923,31.0,10.0,31.0,11.0
28924,31.0,10.0,31.0,10.0
28925,31.0,10.0,31.0,11.0
28926,31.0,10.0,31.0,11.0
28927,31.0,10.0,28.0,14.0
28928,31.0,10.0,28.0,14.0
28929,31.0,10.0,31.0,10.0
28930,31.0,10.0,31.0,11.0
28931,31.0,10.0,28.0,14.0
28932,31.0,10.0,28.0,14.0
28933,31.0,10.0,31.0,11.0
28934,31.0,10.0,28.0,14.0
28935,31.0,10.0,31.0,11.0
28936,31.0,10.0,28.0,14.0
28937,31.0,10.0,32.0,10.0
28938,31.0,10.0,27.0,17.0
28939,31.0,10.0,26.0,12.0
28940,31.0,10.0,31.0,10.0
28941,31.0,10.0,31.0,10.0
28942,31.0,10.0,30.0,13.0
28943,31.0,10.0,30.0,13.0
28944,31.0,10.0,31.0,10.0
28945,31.0,10.0,31.0,11.0
28946,31.0,10.0,31.0,10.0
28947,31.0,10.0,31.0,10.0
28948,31.0,10.0,26.0,12.0
28949,31.0,10.0,31.0,10.0
28950,31.0,10.0,27.0,17.0
28951,31.0,10.0,31.0,10.0
28952,31.0,10.0,31.0,11.0
28953,31.0,10.0,32.0,10.0
28954,31.0,10.0,28.0,14.0
28955,31.0,10.0,31.0,10.0
28956,31.0,10.0,31.0,11.0
28957,31.0,10.0,26.0,12.0
28958,31.0,10.0,26.0,12.0
28959,31.0,10.0,28.0,14.0
28960,31.0,10.0,31.0,11.0
28961,31.0,10.0,31.0,11.0
28962,31.0,10.0,27.0,17.0
28963,31.0,10.0,28.0,14.0
28964,31.0,10.0,31.0,10.0
28965,31.0,10.0,31.0,10.0
28966,31.0,10.0,30.0,13.0
28967,31.0,10.0,27.0,17.0
28968,31.0,10.0,30.0,13.0
28969,31.0,10.0,32.0,10.0
28970,31.0,10.0,32.0,10.0
28971,31.0,10.0,31.0,10.0
28972,31.0,10.0,28.0,14.0
28973,31.0,10.0,30.0,13.0
28974,31.0,10.0,26.0,12.0
28975,31.0,10.0,31.0,11.0
28976,31.0,10.0,31.0,10.0
28977,31.0,10.0,31.0,11.0
28978,31.0,10.0,31.0,10.0
28979,31.0,10.0,27.0,17.0
28980,31.0,10.0,31.0,10.0
28981,31.0,10.0,28.0,14.0
28982,31.0,10.0,26.0,12.0
28983,31.0,10.0,26.0,12.0
28984,31.0,10.0,31.0,11.0
28985,31.0,10.0,31.0,10.0
28986,31.0,10.0,26.0,12.0
28987,31.0,10.0,26.0,12.0
28988,31.0,10.0,28.0,14.0
28989,31.0,10.0,28.0,14.0
28990,31.0,10.0,31.0,11.0
28991,31.0,10.0,31.0,11.0
28992,31.0,10.0,31.0,11.0
28993,31.0,10.0,28.0,14.0
28994,31.0,10.0,31.0,10.0
28995,31.0,10.0,28.0,14.0
28996,31.0,10.0,27.0,17.0
28997,31.0,10.0,28.0,14.0
28998,31.0,10.0,31.0,10.0
28999,31.0,10.0,30.0,13.0
29000,31.0,10.0,32.0,10.0
29001,31.0,10.0,28.0,14.0
29002,31.0,10.0,30.0,13.0
29003,31.0,10.0,31.0,10.0
29004,31.0,10.0,31.0,10.0
29005,31.0,10.0,28.0,14.0
29006,31.0,10.0,31.0,10.0
29007,31.0,10.0,32.0,10.0
29008,31.0,10.0,32.0,10.0
29009,31.0,10.0,31.0,10.0
29010,31.0,10.0,28.0,14.0
29011,31.0,10.0,31.0,11.0
29012,31.0,10.0,31.0,10.0
29013,31.0,10.0,31.0,10.0
29014,31.0,10.0,30.0,13.0
29015,31.0,10.0,27.0,17.0
29016,31.0,10.0,31.0,11.0
29017,31.0,10.0,26.0,12.0
29018,31.0,10.0,32.0,10.0
29019,31.0,10.0,26.0,12.0
29020,31.0,10.0,32.0,10.0
29021,31.0,10.0,28.0,14.0
29022,31.0,10.0,26.0,12.0
29023,31.0,10.0,30.0,13.0
29024,31.0,10.0,26.0,12.0
29025,31.0,10.0,31.0,10.0
29026,31.0,10.0,30.0,13.0
29027,31.0,10.0,32.0,10.0
29028,31.0,10.0,32.0,10.0
29029,31.0,10.0,26.0,12.0
29030,31.0,10.0,31.0,10.0
29031,31.0,10.0,26.0,12.0
29032,31.0,10.0,31.0,10.0
29033,31.0,10.0,31.0,11.0
29034,31.0,10.0,26.0,12.0
29035,31.0,10.0,31.0,11.0
29036,31.0,10.0,28.0,14.0
29037,31.0,10.0,32.0,10.0
29038,31.0,10.0,27.0,17.0
29039,31.0,10.0,27.0,17.0
29040,31.0,10.0,26.0,12.0
29041,31.0,10.0,31.0,10.0
29042,31.0,10.0,28.0,14.0
29043,31.0,10.0,28.0,14.0
29044,31.0,10.0,28.0,14.0
29045,31.0,10.0,26.0,12.0
29046,31.0,10.0,31.0,10.0
29047,31.0,10.0,28.0,14.0
29048,31.0,10.0,31.0,10.0
29049,31.0,10.0,31.0,10.0
29050,31.0,10.0,26.0,12.0
29051,31.0,10.0,32.0,10.0
29052,31.0,10.0,26.0,12.0
29053,31.0,10.0,27.0,17.0
29054,31.0,10.0,26.0,12.0
29055,31.0,10.0,28.0,14.0
29056,31.0,10.0,27.0,17.0
29057,31.0,10.0,32.0,10.0
29058,31.0,10.0,26.0,12.0
29059,31.0,10.0,31.0,11.0
29060,31.0,10.0,27.0,17.0
29061,31.0,10.0,31.0,10.0
29062,31.0,10.0,32.0,10.0
29063,31.0,10.0,31.0,11.0
29064,31.0,10.0,26.0,12.0
29065,31.0,10.0,31.0,10.0
29066,31.0,10.0,31.0,11.0
29067,31.0,10.0,27.0,17.0
29068,31.0,10.0,28.0,14.0
29069,31.0,10.0,28.0,14.0
29070,31.0,10.0,27.0,17.0
29071,31.0,10.0,32.0,10.0
29072,31.0,10.0,28.0,14.0
29073,31.0,10.0,28.0,14.0
29074,31.0,10.0,32.0,10.0
29075,31.0,10.0,27.0,17.0
29076,31.0,10.0,26.0,12.0
29077,31.0,10.0,30.0,13.0
29078,31.0,10.0,28.0,14.0
29079,31.0,10.0,28.0,14.0
29080,31.0,10.0,31.0,10.0
29081,31.0,10.0,31.0,10.0
29082,31.0,10.0,31.0,10.0
29083,31.0,10.0,28.0,14.0
29084,31.0,10.0,31.0,10.0
29085,31.0,10.0,27.0,17.0
29086,31.0,10.0,31.0,10.0
29087,31.0,10.0,30.0,13.0
29088,31.0,10.0,31.0,10.0
29089,31.0,10.0,28.0,14.0
29090,31.0,10.0,27.0,17.0
29091,31.0,10.0,31.0,11.0
29092,31.0,10.0,31.0,10.0
29093,31.0,10.0,28.0,14.0
29094,31.0,10.0,28.0,14.0
29095,31.0,10.0,31.0,10.0
29096,31.0,10.0,26.0,12.0
29097,31.0,10.0,26.0,12.0
29098,31.0,10.0,32.0,10.0
29099,31.0,10.0,31.0,10.0
29100,31.0,10.0,31.0,10.0
29101,31.0,10.0,26.0,12.0
29102,31.0,10.0,28.0,14.0
29103,31.0,10.0,31.0,10.0
29104,31.0,10.0,26.0,12.0
29105,31.0,10.0,26.0,12.0
29106,31.0,10.0,31.0,10.0
29107,31.0,10.0,27.0,17.0
29108,31.0,10.0,27.0,17.0
29109,31.0,10.0,28.0,14.0
29110,31.0,10.0,31.0,10.0
29111,31.0,10.0,30.0,13.0
29112,31.0,10.0,28.0,14.0
29113,31.0,10.0,31.0,10.0
29114,31.0,10.0,31.0,11.0
29115,31.0,10.0,26.0,12.0
29116,31.0,10.0,28.0,14.0
29117,31.0,10.0,32.0,10.0
29118,31.0,10.0,30.0,13.0
29119,31.0,10.0,26.0,12.0
29120,31.0,10.0,31.0,11.0
29121,31.0,10.0,31.0,10.0
29122,31.0,10.0,27.0,17.0
29123,31.0,10.0,27.0,17.0
29124,31.0,10.0,31.0,10.0
29125,31.0,10.0,26.0,12.0
29126,31.0,10.0,26.0,12.0
29127,31.0,10.0,26.0,12.0
29128,31.0,10.0,28.0,14.0
29129,31.0,10.0,26.0,12.0
29130,31.0,10.0,27.0,17.0
29131,31.0,10.0,27.0,17.0
29132,31.0,10.0,31.0,10.0
29133,31.0,10.0,31.0,11.0
29134,31.0,10.0,31.0,10.0
29135,31.0,10.0,31.0,10.0
29136,31.0,10.0,32.0,10.0
29137,31.0,10.0,31.0,10.0
29138,31.0,10.0,31.0,10.0
29139,31.0,10.0,31.0,10.0
29140,31.0,10.0,28.0,14.0
29141,31.0,10.0,28.0,14.0
29142,31.0,10.0,28.0,14.0
29143,31.0,10.0,31.0,10.0
29144,31.0,10.0,28.0,14.0
29145,31.0,10.0,31.0,10.0
29146,31.0,10.0,28.0,14.0
29147,31.0,10.0,31.0,10.0
29148,31.0,10.0,28.0,14.0
29149,31.0,10.0,31.0,10.0
29150,31.0,10.0,27.0,17.0
29151,31.0,10.0,32.0,10.0
29152,31.0,10.0,31.0,10.0
29153,31.0,10.0,30.0,13.0
29154,31.0,10.0,28.0,14.0
29155,31.0,10.0,31.0,11.0
29156,31.0,10.0,26.0,12.0
29157,31.0,10.0,26.0,12.0
29158,31.0,10.0,32.0,10.0
29159,31.0,10.0,32.0,10.0
29160,31.0,10.0,28.0,14.0
29161,31.0,10.0,30.0,13.0
29162,31.0,10.0,30.0,13.0
29163,31.0,10.0,26.0,12.0
29164,31.0,10.0,30.0,13.0
29165,31.0,10.0,32.0,10.0
29166,31.0,10.0,27.0,17.0
29167,31.0,10.0,31.0,10.0
29168,31.0,10.0,30.0,13.0
29169,31.0,10.0,26.0,12.0
29170,31.0,10.0,26.0,12.0
29171,31.0,10.0,30.0,13.0
29172,31.0,10.0,28.0,14.0
29173,31.0,10.0,28.0,14.0
29174,31.0,10.0,31.0,10.0
29175,31.0,10.0,26.0,12.0
29176,31.0,10.0,31.0,10.0
29177,31.0,10.0,31.0,10.0
29178,31.0,10.0,30.0,13.0
29179,31.0,10.0,31.0,10.0
29180,31.0,10.0,32.0,10.0
29181,31.0,10.0,27.0,17.0
29182,31.0,10.0,31.0,11.0
29183,31.0,10.0,31.0,10.0
29184,31.0,10.0,26.0,12.0
29185,31.0,10.0,28.0,14.0
29186,31.0,10.0,32.0,10.0
29187,31.0,10.0,31.0,10.0
29188,31.0,10.0,27.0,17.0
29189,31.0,10.0,31.0,11.0
29190,31.0,10.0,26.0,12.0
29191,31.0,10.0,26.0,12.0
29192,31.0,10.0,26.0,12.0
29193,31.0,10.0,30.0,13.0
29194,31.0,10.0,26.0,12.0
29195,31.0,10.0,26.0,12.0
29196,31.0,10.0,31.0,10.0
29197,31.0,10.0,30.0,13.0
29198,31.0,10.0,27.0,17.0
29199,31.0,10.0,27.0,17.0
29200,31.0,10.0,31.0,10.0
29201,31.0,10.0,31.0,10.0
29202,31.0,10.0,28.0,14.0
29203,31.0,10.0,31.0,10.0
29204,31.0,10.0,31.0,10.0
29205,31.0,10.0,31.0,10.0
29206,31.0,10.0,26.0,12.0
29207,31.0,10.0,31.0,10.0
29208,31.0,10.0,31.0,10.0
29209,31.0,10.0,26.0,12.0
29210,31.0,10.0,31.0,10.0
29211,31.0,10.0,31.0,10.0
29212,31.0,10.0,27.0,17.0
29213,31.0,10.0,27.0,17.0
29214,31.0,10.0,31.0,11.0
29215,31.0,10.0,31.0,11.0
29216,31.0,10.0,31.0,10.0
29217,31.0,10.0,31.0,11.0
29218,31.0,10.0,28.0,14.0
29219,31.0,10.0,31.0,11.0
29220,31.0,10.0,31.0,11.0
29221,31.0,10.0,31.0,10.0
29222,31.0,10.0,27.0,17.0
29223,31.0,10.0,28.0,14.0
29224,31.0,10.0,28.0,14.0
29225,31.0,10.0,31.0,10.0
29226,31.0,10.0,30.0,13.0
29227,31.0,10.0,26.0,12.0
29228,31.0,10.0,26.0,12.0
29229,31.0,10.0,31.0,11.0
29230,31.0,10.0,28.0,14.0
29231,31.0,10.0,30.0,13.0
29232,31.0,10.0,31.0,11.0
29233,31.0,10.0,28.0,14.0
29234,31.0,10.0,26.0,12.0
29235,31.0,10.0,32.0,10.0
29236,31.0,10.0,31.0,10.0
29237,31.0,10.0,31.0,11.0
29238,31.0,10.0,28.0,14.0
29239,31.0,10.0,26.0,12.0
29240,31.0,10.0,26.0,12.0
29241,31.0,10.0,28.0,14.0
29242,31.0,10.0,31.0,11.0
29243,31.0,10.0,31.0,10.0
29244,31.0,10.0,27.0,17.0
29245,31.0,10.0,32.0,10.0
29246,31.0,10.0,31.0,10.0
29247,31.0,10.0,26.0,12.0
29248,31.0,10.0,27.0,17.0
29249,31.0,10.0,31.0,11.0
29250,31.0,10.0,32.0,10.0
29251,31.0,10.0,28.0,14.0
29252,31.0,10.0,32.0,10.0
29253,31.0,10.0,30.0,13.0
29254,31.0,10.0,30.0,13.0
29255,31.0,10.0,26.0,12.0
29256,31.0,10.0,30.0,13.0
29257,31.0,10.0,28.0,14.0
29258,31.0,10.0,31.0,10.0
29259,31.0,10.0,26.0,12.0
29260,31.0,10.0,26.0,12.0
29261,31.0,10.0,32.0,10.0
29262,31.0,10.0,31.0,10.0
29263,31.0,10.0,31.0,11.0
29264,31.0,10.0,26.0,12.0
29265,31.0,10.0,31.0,10.0
29266,31.0,10.0,28.0,14.0
29267,31.0,10.0,31.0,10.0
29268,31.0,10.0,26.0,12.0
29269,31.0,10.0,31.0,10.0
29270,31.0,10.0,26.0,12.0
29271,31.0,10.0,31.0,10.0
29272,31.0,10.0,32.0,10.0
29273,31.0,10.0,28.0,14.0
29274,31.0,10.0,31.0,10.0
29275,31.0,10.0,28.0,14.0
29276,31.0,10.0,27.0,17.0
29277,31.0,10.0,27.0,17.0
29278,31.0,10.0,30.0,13.0
29279,31.0,10.0,26.0,12.0
29280,31.0,10.0,27.0,17.0
29281,31.0,10.0,31.0,11.0
29282,31.0,10.0,30.0,13.0
29283,31.0,10.0,27.0,17.0
29284,31.0,10.0,26.0,12.0
29285,31.0,10.0,28.0,14.0
29286,31.0,10.0,31.0,10.0
29287,31.0,10.0,28.0,14.0
29288,31.0,10.0,31.0,11.0
29289,31.0,10.0,27.0,17.0
29290,31.0,10.0,26.0,12.0
29291,31.0,10.0,27.0,17.0
29292,31.0,10.0,31.0,10.0
29293,31.0,10.0,26.0,12.0
29294,31.0,10.0,31.0,10.0
29295,31.0,10.0,30.0,13.0
29296,31.0,10.0,31.0,10.0
29297,31.0,10.0,28.0,14.0
29298,31.0,10.0,31.0,10.0
29299,31.0,10.0,26.0,12.0
29300,31.0,10.0,31.0,10.0
29301,31.0,10.0,31.0,10.0
29302,31.0,10.0,28.0,14.0
29303,31.0,10.0,31.0,11.0
29304,31.0,10.0,30.0,13.0
29305,31.0,10.0,30.0,13.0
29306,31.0,10.0,28.0,14.0
29307,31.0,10.0,26.0,12.0
29308,31.0,10.0,30.0,13.0
29309,31.0,10.0,26.0,12.0
29310,31.0,10.0,31.0,10.0
29311,31.0,10.0,31.0,10.0
29312,31.0,10.0,32.0,10.0
29313,31.0,10.0,28.0,14.0
29314,31.0,10.0,31.0,10.0
29315,31.0,10.0,30.0,13.0
29316,31.0,10.0,30.0,13.0
29317,31.0,10.0,31.0,10.0
29318,31.0,10.0,31.0,11.0
29319,31.0,10.0,31.0,10.0
29320,31.0,10.0,32.0,10.0
29321,31.0,10.0,31.0,11.0
29322,31.0,10.0,27.0,17.0
29323,31.0,10.0,31.0,10.0
29324,31.0,10.0,30.0,13.0
29325,31.0,10.0,31.0,10.0
29326,31.0,10.0,30.0,13.0
29327,31.0,10.0,31.0,10.0
29328,31.0,10.0,31.0,11.0
29329,31.0,10.0,31.0,10.0
29330,31.0,10.0,31.0,10.0
29331,31.0,10.0,28.0,14.0
29332,31.0,10.0,31.0,11.0
29333,31.0,10.0,26.0,12.0
29334,31.0,10.0,31.0,10.0
29335,31.0,10.0,26.0,12.0
29336,31.0,10.0,28.0,14.0
29337,31.0,10.0,31.0,10.0
29338,31.0,10.0,31.0,10.0
29339,31.0,10.0,31.0,10.0
29340,31.0,10.0,30.0,13.0
29341,31.0,10.0,30.0,13.0
29342,31.0,10.0,28.0,14.0
29343,31.0,10.0,26.0,12.0
29344,31.0,10.0,26.0,12.0
29345,31.0,10.0,28.0,14.0
29346,31.0,10.0,32.0,10.0
29347,31.0,10.0,32.0,10.0
29348,31.0,10.0,30.0,13.0
29349,31.0,10.0,27.0,17.0
29350,31.0,10.0,28.0,14.0
29351,31.0,10.0,27.0,17.0
29352,31.0,10.0,28.0,14.0
29353,31.0,10.0,31.0,11.0
29354,31.0,10.0,31.0,10.0
29355,31.0,10.0,31.0,10.0
29356,31.0,10.0,28.0,14.0
29357,31.0,10.0,26.0,12.0
29358,31.0,10.0,28.0,14.0
29359,31.0,10.0,31.0,11.0
29360,31.0,10.0,28.0,14.0
29361,31.0,10.0,26.0,12.0
29362,31.0,10.0,30.0,13.0
29363,31.0,10.0,27.0,17.0
29364,31.0,10.0,27.0,17.0
29365,31.0,10.0,32.0,10.0
29366,31.0,10.0,30.0,13.0
29367,31.0,10.0,31.0,10.0
29368,31.0,10.0,30.0,13.0
29369,31.0,10.0,28.0,14.0
29370,31.0,10.0,28.0,14.0
29371,31.0,10.0,30.0,13.0
29372,31.0,10.0,28.0,14.0
29373,31.0,10.0,31.0,10.0
29374,31.0,10.0,32.0,10.0
29375,31.0,10.0,31.0,10.0
29376,31.0,10.0,27.0,17.0
29377,31.0,10.0,31.0,11.0
29378,31.0,10.0,27.0,17.0
29379,31.0,10.0,31.0,10.0
29380,31.0,10.0,31.0,11.0
29381,31.0,10.0,31.0,10.0
29382,31.0,10.0,26.0,12.0
29383,31.0,10.0,32.0,10.0
29384,31.0,10.0,27.0,17.0
29385,31.0,10.0,31.0,10.0
29386,31.0,10.0,31.0,10.0
29387,31.0,10.0,31.0,11.0
29388,31.0,10.0,26.0,12.0
29389,31.0,10.0,32.0,10.0
29390,31.0,10.0,27.0,17.0
29391,31.0,10.0,28.0,14.0
29392,31.0,10.0,31.0,10.0
29393,31.0,10.0,27.0,17.0
29394,31.0,10.0,28.0,14.0
29395,31.0,10.0,32.0,10.0
29396,31.0,10.0,30.0,13.0
29397,31.0,10.0,28.0,14.0
29398,31.0,10.0,30.0,13.0
29399,31.0,10.0,31.0,11.0
29400,31.0,10.0,28.0,14.0
29401,31.0,10.0,28.0,14.0
29402,31.0,10.0,31.0,10.0
29403,31.0,10.0,28.0,14.0
29404,31.0,10.0,30.0,13.0
29405,31.0,10.0,26.0,12.0
29406,31.0,10.0,27.0,17.0
29407,31.0,10.0,31.0,10.0
29408,31.0,10.0,31.0,10.0
29409,31.0,10.0,27.0,17.0
29410,31.0,10.0,30.0,13.0
29411,31.0,10.0,31.0,11.0
29412,31.0,10.0,32.0,10.0
29413,31.0,10.0,31.0,11.0
29414,31.0,10.0,32.0,10.0
29415,31.0,10.0,31.0,11.0
29416,31.0,10.0,27.0,17.0
29417,31.0,10.0,30.0,13.0
29418,31.0,10.0,31.0,11.0
29419,31.0,10.0,31.0,10.0
29420,31.0,10.0,30.0,13.0
29421,31.0,10.0,30.0,13.0
29422,31.0,10.0,32.0,10.0
29423,31.0,10.0,31.0,10.0
29424,31.0,10.0,28.0,14.0
29425,31.0,10.0,30.0,13.0
29426,31.0,10.0,32.0,10.0
29427,31.0,10.0,30.0,13.0
29428,31.0,10.0,32.0,10.0
29429,31.0,10.0,26.0,12.0
29430,31.0,10.0,31.0,10.0
29431,31.0,10.0,28.0,14.0
29432,31.0,10.0,28.0,14.0
29433,31.0,10.0,31.0,10.0
29434,31.0,10.0,28.0,14.0
29435,31.0,10.0,31.0,10.0
29436,31.0,10.0,31.0,11.0
29437,31.0,10.0,31.0,10.0
29438,31.0,10.0,31.0,10.0
29439,31.0,10.0,31.0,10.0
29440,31.0,10.0,31.0,10.0
29441,31.0,10.0,31.0,10.0
29442,31.0,10.0,30.0,13.0
29443,31.0,10.0,32.0,10.0
29444,31.0,10.0,32.0,10.0
29445,31.0,10.0,26.0,12.0
29446,31.0,10.0,26.0,12.0
29447,31.0,10.0,28.0,14.0
29448,31.0,10.0,27.0,17.0
29449,31.0,10.0,27.0,17.0
29450,31.0,10.0,31.0,10.0
29451,31.0,10.0,31.0,10.0
29452,31.0,10.0,31.0,10.0
29453,31.0,10.0,28.0,14.0
29454,31.0,10.0,31.0,10.0
29455,31.0,10.0,27.0,17.0
29456,31.0,10.0,31.0,10.0
29457,31.0,10.0,28.0,14.0
29458,31.0,10.0,27.0,17.0
29459,31.0,10.0,31.0,11.0
29460,31.0,10.0,30.0,13.0
29461,31.0,10.0,31.0,10.0
29462,31.0,10.0,31.0,10.0
29463,31.0,10.0,32.0,10.0
29464,31.0,10.0,28.0,14.0
29465,31.0,10.0,28.0,14.0
29466,31.0,10.0,30.0,13.0
29467,31.0,10.0,32.0,10.0
29468,31.0,10.0,32.0,10.0
29469,31.0,10.0,30.0,13.0
29470,31.0,10.0,30.0,13.0
29471,31.0,10.0,31.0,10.0
29472,31.0,10.0,31.0,10.0
29473,31.0,10.0,31.0,10.0
29474,31.0,10.0,28.0,14.0
29475,31.0,10.0,31.0,11.0
29476,31.0,10.0,31.0,10.0
29477,31.0,10.0,27.0,17.0
29478,31.0,10.0,31.0,10.0
29479,31.0,10.0,27.0,17.0
29480,31.0,10.0,26.0,12.0
29481,31.0,10.0,30.0,13.0
29482,31.0,10.0,32.0,10.0
29483,31.0,10.0,32.0,10.0
29484,31.0,10.0,31.0,10.0
29485,31.0,10.0,31.0,10.0
29486,31.0,10.0,28.0,14.0
29487,31.0,10.0,31.0,10.0
29488,31.0,10.0,31.0,11.0
29489,31.0,10.0,32.0,10.0
29490,31.0,10.0,27.0,17.0
29491,31.0,10.0,30.0,13.0
29492,31.0,10.0,28.0,14.0
29493,31.0,10.0,31.0,10.0
29494,31.0,10.0,31.0,10.0
29495,31.0,10.0,26.0,12.0
29496,31.0,10.0,31.0,10.0
29497,31.0,10.0,28.0,14.0
29498,31.0,10.0,31.0,10.0
29499,31.0,10.0,31.0,11.0
29500,31.0,10.0,30.0,13.0
29501,31.0,10.0,28.0,14.0
29502,31.0,10.0,31.0,11.0
29503,31.0,10.0,28.0,14.0
29504,31.0,10.0,28.0,14.0
29505,31.0,10.0,32.0,10.0
29506,31.0,10.0,26.0,12.0
29507,31.0,10.0,27.0,17.0
29508,31.0,10.0,26.0,12.0
29509,31.0,10.0,31.0,10.0
29510,31.0,10.0,26.0,12.0
29511,31.0,10.0,31.0,10.0
29512,31.0,10.0,30.0,13.0
29513,31.0,10.0,31.0,11.0
29514,31.0,10.0,31.0,10.0
29515,31.0,10.0,28.0,14.0
29516,31.0,10.0,31.0,10.0
29517,31.0,10.0,31.0,10.0
29518,31.0,10.0,31.0,10.0
29519,31.0,10.0,30.0,13.0
29520,31.0,10.0,30.0,13.0
29521,31.0,10.0,32.0,10.0
29522,31.0,10.0,26.0,12.0
29523,31.0,10.0,26.0,12.0
29524,31.0,10.0,27.0,17.0
29525,31.0,10.0,30.0,13.0
29526,31.0,10.0,31.0,10.0
29527,31.0,10.0,28.0,14.0
29528,31.0,10.0,27.0,17.0
29529,31.0,10.0,28.0,14.0
29530,31.0,10.0,26.0,12.0
29531,31.0,10.0,28.0,14.0
29532,31.0,10.0,31.0,11.0
29533,31.0,10.0,27.0,17.0
29534,31.0,10.0,32.0,10.0
29535,31.0,10.0,28.0,14.0
29536,31.0,10.0,28.0,14.0
29537,31.0,10.0,27.0,17.0
29538,31.0,10.0,26.0,12.0
29539,31.0,10.0,26.0,12.0
29540,31.0,10.0,31.0,11.0
29541,31.0,10.0,31.0,10.0
29542,31.0,10.0,31.0,11.0
29543,31.0,10.0,26.0,12.0
29544,31.0,10.0,30.0,13.0
29545,31.0,10.0,32.0,10.0
29546,31.0,10.0,31.0,11.0
29547,31.0,10.0,27.0,17.0
29548,31.0,10.0,31.0,10.0
29549,31.0,10.0,27.0,17.0
29550,31.0,10.0,31.0,10.0
29551,31.0,10.0,31.0,10.0
29552,31.0,10.0,26.0,12.0
29553,31.0,10.0,28.0,14.0
29554,31.0,10.0,31.0,10.0
29555,31.0,10.0,26.0,12.0
29556,31.0,10.0,26.0,12.0
29557,31.0,10.0,31.0,11.0
29558,31.0,10.0,26.0,12.0
29559,31.0,10.0,28.0,14.0
29560,31.0,10.0,27.0,17.0
29561,31.0,10.0,26.0,12.0
29562,31.0,10.0,31.0,10.0
29563,31.0,10.0,27.0,17.0
29564,31.0,10.0,30.0,13.0
29565,31.0,10.0,31.0,10.0
29566,31.0,10.0,26.0,12.0
29567,31.0,10.0,31.0,10.0
29568,31.0,10.0,31.0,10.0
29569,31.0,10.0,30.0,13.0
29570,31.0,10.0,30.0,13.0
29571,31.0,10.0,26.0,12.0
29572,31.0,10.0,31.0,11.0
29573,31.0,10.0,26.0,12.0
29574,31.0,10.0,26.0,12.0
29575,31.0,10.0,32.0,10.0
29576,31.0,10.0,26.0,12.0
29577,31.0,10.0,31.0,10.0
29578,31.0,10.0,31.0,10.0
29579,31.0,10.0,31.0,10.0
29580,31.0,10.0,27.0,17.0
29581,31.0,10.0,28.0,14.0
29582,31.0,10.0,31.0,10.0
29583,31.0,10.0,27.0,17.0
29584,31.0,10.0,27.0,17.0
29585,31.0,10.0,26.0,12.0
29586,31.0,10.0,31.0,11.0
29587,31.0,10.0,32.0,10.0
29588,31.0,10.0,28.0,14.0
29589,31.0,10.0,32.0,10.0
29590,31.0,10.0,27.0,17.0
29591,31.0,10.0,31.0,10.0
29592,31.0,10.0,31.0,10.0
29593,31.0,10.0,28.0,14.0
29594,31.0,10.0,27.0,17.0
29595,31.0,10.0,30.0,13.0
29596,31.0,10.0,26.0,12.0
29597,31.0,10.0,31.0,10.0
29598,31.0,10.0,26.0,12.0
29599,31.0,10.0,27.0,17.0
29600,31.0,10.0,27.0,17.0
29601,31.0,10.0,26.0,12.0
29602,31.0,10.0,27.0,17.0
29603,31.0,10.0,30.0,13.0
29604,31.0,10.0,26.0,12.0
29605,31.0,10.0,26.0,12.0
29606,31.0,10.0,30.0,13.0
29607,31.0,10.0,31.0,11.0
29608,31.0,10.0,28.0,14.0
29609,31.0,10.0,31.0,11.0
29610,31.0,10.0,31.0,10.0
29611,31.0,10.0,31.0,10.0
29612,31.0,10.0,30.0,13.0
29613,31.0,10.0,27.0,17.0
29614,31.0,10.0,32.0,10.0
29615,31.0,10.0,30.0,13.0
29616,31.0,10.0,31.0,10.0
29617,31.0,10.0,27.0,17.0
29618,31.0,10.0,31.0,11.0
29619,31.0,10.0,31.0,11.0
29620,31.0,10.0,26.0,12.0
29621,31.0,10.0,32.0,10.0
29622,31.0,10.0,27.0,17.0
29623,31.0,10.0,30.0,13.0
29624,31.0,10.0,27.0,17.0
29625,31.0,10.0,28.0,14.0
29626,31.0,10.0,32.0,10.0
29627,31.0,10.0,26.0,12.0
29628,31.0,10.0,26.0,12.0
29629,31.0,10.0,31.0,10.0
29630,31.0,10.0,27.0,17.0
29631,31.0,10.0,32.0,10.0
29632,31.0,10.0,30.0,13.0
29633,31.0,10.0,31.0,11.0
29634,31.0,10.0,31.0,11.0
29635,31.0,10.0,28.0,14.0
29636,31.0,10.0,28.0,14.0
29637,31.0,10.0,27.0,17.0
29638,31.0,10.0,26.0,12.0
29639,31.0,10.0,31.0,10.0
29640,31.0,10.0,31.0,10.0
29641,31.0,10.0,31.0,10.0
29642,31.0,10.0,28.0,14.0
29643,31.0,10.0,31.0,10.0
29644,31.0,10.0,32.0,10.0
29645,31.0,10.0,32.0,10.0
29646,31.0,10.0,26.0,12.0
29647,31.0,10.0,27.0,17.0
29648,31.0,10.0,31.0,10.0
29649,31.0,10.0,32.0,10.0
29650,31.0,10.0,31.0,10.0
29651,31.0,10.0,31.0,10.0
29652,31.0,10.0,32.0,10.0
29653,31.0,10.0,31.0,11.0
29654,31.0,10.0,32.0,10.0
29655,31.0,10.0,31.0,10.0
29656,31.0,10.0,31.0,10.0
29657,31.0,10.0,31.0,10.0
29658,31.0,10.0,28.0,14.0
29659,31.0,10.0,31.0,11.0
29660,31.0,10.0,32.0,10.0
29661,31.0,10.0,27.0,17.0
29662,31.0,10.0,27.0,17.0
29663,31.0,10.0,31.0,10.0
29664,31.0,10.0,28.0,14.0
29665,31.0,10.0,31.0,10.0
29666,31.0,10.0,30.0,13.0
29667,31.0,10.0,28.0,14.0
29668,31.0,10.0,31.0,10.0
29669,31.0,10.0,27.0,17.0
29670,31.0,10.0,26.0,12.0
29671,31.0,10.0,30.0,13.0
29672,31.0,10.0,27.0,17.0
29673,31.0,10.0,31.0,10.0
29674,31.0,10.0,31.0,10.0
29675,31.0,10.0,31.0,10.0
29676,31.0,10.0,31.0,10.0
29677,31.0,10.0,30.0,13.0
29678,31.0,10.0,26.0,12.0
29679,31.0,10.0,32.0,10.0
29680,31.0,10.0,27.0,17.0
29681,31.0,10.0,28.0,14.0
29682,31.0,10.0,30.0,13.0
29683,31.0,10.0,27.0,17.0
29684,31.0,10.0,31.0,10.0
29685,31.0,10.0,28.0,14.0
29686,31.0,10.0,32.0,10.0
29687,31.0,10.0,31.0,11.0
29688,31.0,10.0,26.0,12.0
29689,31.0,10.0,31.0,10.0
29690,31.0,10.0,31.0,10.0
29691,31.0,10.0,28.0,14.0
29692,31.0,10.0,30.0,13.0
29693,31.0,10.0,27.0,17.0
29694,31.0,10.0,31.0,10.0
29695,31.0,10.0,31.0,10.0
29696,31.0,10.0,30.0,13.0
29697,31.0,10.0,28.0,14.0
29698,31.0,10.0,31.0,10.0
29699,31.0,10.0,31.0,11.0
29700,31.0,10.0,28.0,14.0
29701,31.0,10.0,31.0,10.0
29702,31.0,10.0,31.0,10.0
29703,31.0,10.0,31.0,10.0
29704,31.0,10.0,28.0,14.0
29705,31.0,10.0,31.0,11.0
29706,31.0,10.0,31.0,10.0
29707,31.0,10.0,30.0,13.0
29708,31.0,10.0,28.0,14.0
29709,31.0,10.0,32.0,10.0
29710,31.0,10.0,30.0,13.0
29711,31.0,10.0,26.0,12.0
29712,31.0,10.0,32.0,10.0
29713,31.0,10.0,27.0,17.0
29714,31.0,10.0,31.0,10.0
29715,31.0,10.0,31.0,10.0
29716,31.0,10.0,27.0,17.0
29717,31.0,10.0,31.0,10.0
29718,31.0,10.0,32.0,10.0
29719,31.0,10.0,31.0,10.0
29720,31.0,10.0,31.0,11.0
29721,31.0,10.0,32.0,10.0
29722,31.0,10.0,31.0,10.0
29723,31.0,10.0,32.0,10.0
29724,31.0,10.0,31.0,10.0
29725,31.0,10.0,26.0,12.0
29726,31.0,10.0,31.0,10.0
29727,31.0,10.0,26.0,12.0
29728,31.0,10.0,31.0,10.0
29729,31.0,10.0,26.0,12.0
29730,31.0,10.0,31.0,10.0
29731,31.0,10.0,31.0,11.0
29732,31.0,10.0,31.0,10.0
29733,31.0,10.0,27.0,17.0
29734,31.0,10.0,32.0,10.0
29735,31.0,10.0,30.0,13.0
29736,31.0,10.0,31.0,10.0
29737,31.0,10.0,27.0,17.0
29738,31.0,10.0,27.0,17.0
29739,31.0,10.0,30.0,13.0
29740,31.0,10.0,31.0,10.0
29741,31.0,10.0,30.0,13.0
29742,31.0,10.0,26.0,12.0
29743,31.0,10.0,30.0,13.0
29744,31.0,10.0,30.0,13.0
29745,31.0,10.0,31.0,10.0
29746,31.0,10.0,26.0,12.0
29747,31.0,10.0,30.0,13.0
29748,31.0,10.0,31.0,10.0
29749,31.0,10.0,32.0,10.0
29750,31.0,10.0,30.0,13.0
29751,31.0,10.0,30.0,13.0
29752,31.0,10.0,31.0,10.0
29753,31.0,10.0,30.0,13.0
29754,31.0,10.0,32.0,10.0
29755,31.0,10.0,31.0,10.0
29756,31.0,10.0,27.0,17.0
29757,31.0,10.0,31.0,11.0
29758,31.0,10.0,31.0,11.0
29759,31.0,10.0,30.0,13.0
29760,31.0,10.0,28.0,14.0
29761,31.0,10.0,27.0,17.0
29762,31.0,10.0,31.0,10.0
29763,31.0,10.0,27.0,17.0
29764,31.0,10.0,32.0,10.0
29765,31.0,10.0,31.0,10.0
29766,31.0,10.0,32.0,10.0
29767,31.0,10.0,26.0,12.0
29768,31.0,10.0,28.0,14.0
29769,31.0,10.0,28.0,14.0
29770,31.0,10.0,30.0,13.0
29771,31.0,10.0,32.0,10.0
29772,31.0,10.0,32.0,10.0
29773,31.0,10.0,32.0,10.0
29774,31.0,10.0,26.0,12.0
29775,31.0,10.0,27.0,17.0
29776,31.0,10.0,31.0,10.0
29777,31.0,10.0,31.0,10.0
29778,31.0,10.0,31.0,10.0
29779,31.0,10.0,31.0,10.0
29780,31.0,10.0,32.0,10.0
29781,31.0,10.0,28.0,14.0
29782,31.0,10.0,31.0,10.0
29783,31.0,10.0,26.0,12.0
29784,31.0,10.0,27.0,17.0
29785,31.0,10.0,26.0,12.0
29786,31.0,10.0,31.0,10.0
29787,31.0,10.0,28.0,14.0
29788,31.0,10.0,31.0,10.0
29789,31.0,10.0,32.0,10.0
29790,31.0,10.0,26.0,12.0
29791,31.0,10.0,31.0,10.0
29792,31.0,10.0,31.0,11.0
29793,31.0,10.0,31.0,10.0
29794,31.0,10.0,32.0,10.0
29795,31.0,10.0,31.0,10.0
29796,31.0,10.0,31.0,10.0
29797,31.0,10.0,27.0,17.0
29798,31.0,10.0,27.0,17.0
29799,31.0,10.0,31.0,11.0
29800,31.0,10.0,32.0,10.0
29801,31.0,10.0,28.0,14.0
29802,31.0,10.0,31.0,10.0
29803,31.0,10.0,31.0,11.0
29804,31.0,10.0,31.0,10.0
29805,31.0,10.0,28.0,14.0
29806,31.0,10.0,27.0,17.0
29807,31.0,10.0,31.0,10.0
29808,31.0,10.0,31.0,10.0
29809,31.0,10.0,26.0,12.0
29810,31.0,10.0,32.0,10.0
29811,31.0,10.0,31.0,10.0
29812,31.0,10.0,31.0,11.0
29813,31.0,10.0,28.0,14.0
29814,31.0,10.0,31.0,10.0
29815,31.0,10.0,28.0,14.0
29816,31.0,10.0,31.0,11.0
29817,31.0,10.0,31.0,10.0
29818,31.0,10.0,27.0,17.0
29819,31.0,10.0,31.0,11.0
29820,31.0,10.0,31.0,10.0
29821,31.0,10.0,31.0,11.0
29822,31.0,10.0,28.0,14.0
29823,31.0,10.0,28.0,14.0
29824,31.0,10.0,27.0,17.0
29825,31.0,10.0,31.0,10.0
29826,31.0,10.0,26.0,12.0
29827,31.0,10.0,30.0,13.0
29828,31.0,10.0,31.0,10.0
29829,31.0,10.0,31.0,11.0
29830,31.0,10.0,32.0,10.0
29831,31.0,10.0,31.0,10.0
29832,31.0,10.0,31.0,11.0
29833,31.0,10.0,31.0,10.0
29834,31.0,10.0,31.0,10.0
29835,31.0,10.0,30.0,13.0
29836,31.0,10.0,30.0,13.0
29837,31.0,10.0,31.0,10.0
29838,31.0,10.0,28.0,14.0
29839,31.0,10.0,31.0,10.0
29840,31.0,10.0,28.0,14.0
29841,31.0,10.0,28.0,14.0
29842,31.0,10.0,26.0,12.0
29843,31.0,10.0,32.0,10.0
29844,31.0,10.0,30.0,13.0
29845,31.0,10.0,31.0,11.0
29846,31.0,10.0,31.0,10.0
29847,31.0,10.0,31.0,10.0
29848,31.0,10.0,31.0,10.0
29849,31.0,10.0,26.0,12.0
29850,31.0,10.0,32.0,10.0
29851,31.0,10.0,32.0,10.0
29852,31.0,10.0,31.0,11.0
29853,31.0,10.0,31.0,11.0
29854,31.0,10.0,32.0,10.0
29855,31.0,10.0,28.0,14.0
29856,31.0,10.0,26.0,12.0
29857,31.0,10.0,30.0,13.0
29858,31.0,10.0,32.0,10.0
29859,31.0,10.0,27.0,17.0
29860,31.0,10.0,30.0,13.0
29861,31.0,10.0,31.0,10.0
29862,31.0,10.0,31.0,10.0
29863,31.0,10.0,32.0,10.0
29864,31.0,10.0,27.0,17.0
29865,31.0,10.0,31.0,10.0
29866,31.0,10.0,28.0,14.0
29867,31.0,10.0,31.0,10.0
29868,31.0,10.0,27.0,17.0
29869,31.0,10.0,28.0,14.0
29870,31.0,10.0,31.0,10.0
29871,31.0,10.0,26.0,12.0
29872,31.0,10.0,28.0,14.0
29873,31.0,10.0,30.0,13.0
29874,31.0,10.0,31.0,10.0
29875,31.0,10.0,31.0,10.0
29876,31.0,10.0,28.0,14.0
29877,31.0,10.0,32.0,10.0
29878,31.0,10.0,31.0,10.0
29879,31.0,10.0,31.0,10.0
29880,31.0,10.0,28.0,14.0
29881,31.0,10.0,31.0,10.0
29882,31.0,10.0,31.0,10.0
29883,31.0,10.0,27.0,17.0
29884,31.0,10.0,32.0,10.0
29885,31.0,10.0,31.0,10.0
29886,31.0,10.0,31.0,11.0
29887,31.0,10.0,31.0,10.0
29888,31.0,10.0,31.0,10.0
29889,31.0,10.0,26.0,12.0
29890,31.0,10.0,28.0,14.0
29891,31.0,10.0,26.0,12.0
29892,31.0,10.0,31.0,10.0
29893,31.0,10.0,27.0,17.0
29894,31.0,10.0,26.0,12.0
29895,31.0,10.0,31.0,10.0
29896,31.0,10.0,31.0,11.0
29897,31.0,10.0,27.0,17.0
29898,31.0,10.0,31.0,11.0
29899,31.0,10.0,30.0,13.0
29900,31.0,10.0,28.0,14.0
29901,31.0,10.0,27.0,17.0
29902,31.0,10.0,28.0,14.0
29903,31.0,10.0,28.0,14.0
29904,31.0,10.0,28.0,14.0
29905,31.0,10.0,27.0,17.0
29906,31.0,10.0,31.0,10.0
29907,31.0,10.0,26.0,12.0
29908,31.0,10.0,28.0,14.0
29909,31.0,10.0,31.0,10.0
29910,31.0,10.0,31.0,10.0
29911,31.0,10.0,28.0,14.0
29912,31.0,10.0,31.0,10.0
29913,31.0,10.0,32.0,10.0
29914,31.0,10.0,28.0,14.0
29915,31.0,10.0,28.0,14.0
29916,31.0,10.0,31.0,10.0
29917,31.0,10.0,30.0,13.0
29918,31.0,10.0,26.0,12.0
29919,31.0,10.0,31.0,11.0
29920,31.0,10.0,28.0,14.0
29921,31.0,10.0,31.0,11.0
29922,31.0,10.0,31.0,10.0
29923,31.0,10.0,27.0,17.0
29924,31.0,10.0,30.0,13.0
29925,31.0,10.0,27.0,17.0
29926,31.0,10.0,31.0,10.0
29927,31.0,10.0,27.0,17.0
29928,31.0,10.0,32.0,10.0
29929,31.0,10.0,28.0,14.0
29930,31.0,10.0,27.0,17.0
29931,31.0,10.0,27.0,17.0
29932,31.0,10.0,31.0,11.0
29933,31.0,10.0,32.0,10.0
29934,31.0,10.0,31.0,10.0
29935,31.0,10.0,31.0,10.0
29936,31.0,10.0,26.0,12.0
29937,31.0,10.0,31.0,10.0
29938,31.0,10.0,31.0,10.0
29939,31.0,10.0,28.0,14.0
29940,31.0,10.0,31.0,10.0
29941,31.0,10.0,31.0,10.0
29942,31.0,10.0,32.0,10.0
29943,31.0,10.0,26.0,12.0
29944,31.0,10.0,31.0,10.0
29945,31.0,10.0,31.0,10.0
29946,31.0,10.0,27.0,17.0
29947,31.0,10.0,32.0,10.0
29948,31.0,10.0,31.0,10.0
29949,31.0,10.0,28.0,14.0
29950,31.0,10.0,31.0,10.0
29951,31.0,10.0,31.0,11.0
29952,31.0,10.0,31.0,10.0
29953,31.0,10.0,31.0,11.0
29954,31.0,10.0,31.0,10.0
29955,31.0,10.0,31.0,10.0
29956,31.0,10.0,31.0,10.0
29957,31.0,10.0,30.0,13.0
29958,31.0,10.0,27.0,17.0
29959,31.0,10.0,27.0,17.0
29960,31.0,10.0,26.0,12.0
29961,31.0,10.0,28.0,14.0
29962,31.0,10.0,30.0,13.0
29963,31.0,10.0,31.0,10.0
29964,31.0,10.0,31.0,10.0
29965,31.0,10.0,27.0,17.0
29966,31.0,10.0,26.0,12.0
29967,31.0,10.0,30.0,13.0
29968,31.0,10.0,31.0,10.0
29969,31.0,10.0,26.0,12.0
29970,31.0,10.0,32.0,10.0
29971,31.0,10.0,28.0,14.0
29972,31.0,10.0,31.0,10.0
29973,31.0,10.0,31.0,11.0
29974,31.0,10.0,31.0,10.0
29975,31.0,10.0,31.0,10.0
29976,31.0,10.0,31.0,10.0
29977,31.0,10.0,31.0,11.0
29978,31.0,10.0,26.0,12.0
29979,31.0,10.0,31.0,10.0
29980,31.0,10.0,28.0,14.0
29981,31.0,10.0,30.0,13.0
29982,31.0,10.0,28.0,14.0
29983,31.0,10.0,32.0,10.0
29984,31.0,10.0,28.0,14.0
29985,31.0,10.0,28.0,14.0
29986,31.0,10.0,28.0,14.0
29987,31.0,10.0,28.0,14.0
29988,31.0,10.0,28.0,14.0
29989,31.0,10.0,31.0,10.0
29990,31.0,10.0,28.0,14.0
29991,31.0,10.0,26.0,12.0
29992,31.0,10.0,31.0,11.0
29993,31.0,10.0,31.0,11.0
29994,31.0,10.0,31.0,11.0
29995,31.0,10.0,27.0,17.0
29996,31.0,10.0,27.0,17.0
29997,31.0,10.0,31.0,10.0
29998,31.0,10.0,30.0,13.0
29999,31.0,10.0,26.0,12.0
30000,31.0,10.0,31.0,11.0
30001,31.0,10.0,28.0,14.0
30002,31.0,10.0,28.0,14.0
30003,31.0,10.0,28.0,14.0
30004,31.0,10.0,28.0,14.0
30005,31.0,10.0,26.0,12.0
30006,31.0,10.0,31.0,10.0
30007,31.0,10.0,26.0,12.0
30008,31.0,10.0,32.0,10.0
30009,31.0,10.0,26.0,12.0
30010,31.0,10.0,31.0,10.0
30011,31.0,10.0,27.0,17.0
30012,31.0,10.0,28.0,14.0
30013,31.0,10.0,30.0,13.0
30014,31.0,10.0,28.0,14.0
30015,31.0,10.0,31.0,11.0
30016,31.0,10.0,28.0,14.0
30017,31.0,10.0,30.0,13.0
30018,31.0,10.0,32.0,10.0
30019,31.0,10.0,31.0,10.0
30020,31.0,10.0,27.0,17.0
30021,31.0,10.0,31.0,10.0
30022,31.0,10.0,31.0,11.0
30023,31.0,10.0,31.0,11.0
30024,31.0,10.0,27.0,17.0
30025,31.0,10.0,31.0,11.0
30026,31.0,10.0,31.0,10.0
30027,31.0,10.0,28.0,14.0
30028,31.0,10.0,28.0,14.0
30029,31.0,10.0,30.0,13.0
30030,31.0,10.0,32.0,10.0
30031,31.0,10.0,30.0,13.0
30032,31.0,10.0,31.0,10.0
30033,31.0,10.0,30.0,13.0
30034,31.0,10.0,31.0,11.0
30035,31.0,10.0,27.0,17.0
30036,31.0,10.0,31.0,10.0
30037,31.0,10.0,26.0,12.0
30038,31.0,10.0,31.0,10.0
30039,31.0,10.0,31.0,10.0
30040,31.0,10.0,31.0,11.0
30041,31.0,10.0,32.0,10.0
30042,31.0,10.0,31.0,11.0
30043,31.0,10.0,27.0,17.0
30044,31.0,10.0,27.0,17.0
30045,31.0,10.0,31.0,10.0
30046,31.0,10.0,31.0,10.0
30047,31.0,10.0,31.0,10.0
30048,31.0,10.0,32.0,10.0
30049,31.0,10.0,31.0,11.0
30050,31.0,10.0,31.0,11.0
30051,31.0,10.0,31.0,10.0
30052,31.0,10.0,27.0,17.0
30053,31.0,10.0,31.0,10.0
30054,31.0,10.0,28.0,14.0
30055,31.0,10.0,31.0,11.0
30056,31.0,10.0,31.0,11.0
30057,31.0,10.0,31.0,10.0
30058,31.0,10.0,31.0,10.0
30059,31.0,10.0,31.0,10.0
30060,31.0,10.0,28.0,14.0
30061,31.0,10.0,31.0,11.0
30062,31.0,10.0,30.0,13.0
30063,31.0,10.0,26.0,12.0
30064,31.0,10.0,31.0,10.0
30065,31.0,10.0,26.0,12.0
30066,31.0,10.0,31.0,10.0
30067,31.0,10.0,26.0,12.0
30068,31.0,10.0,28.0,14.0
30069,31.0,10.0,30.0,13.0
30070,31.0,10.0,26.0,12.0
30071,31.0,10.0,32.0,10.0
30072,31.0,10.0,27.0,17.0
30073,31.0,10.0,31.0,10.0
30074,31.0,10.0,31.0,10.0
30075,31.0,10.0,31.0,10.0
30076,31.0,10.0,31.0,10.0
30077,31.0,10.0,31.0,10.0
30078,31.0,10.0,31.0,10.0
30079,31.0,10.0,27.0,17.0
30080,31.0,10.0,31.0,10.0
30081,31.0,10.0,31.0,10.0
30082,31.0,10.0,31.0,10.0
30083,31.0,10.0,31.0,10.0
30084,31.0,10.0,30.0,13.0
30085,31.0,10.0,31.0,10.0
30086,31.0,10.0,31.0,10.0
30087,31.0,10.0,31.0,10.0
30088,31.0,10.0,31.0,10.0
30089,31.0,10.0,26.0,12.0
30090,31.0,10.0,31.0,10.0
30091,31.0,10.0,31.0,10.0
30092,31.0,10.0,31.0,10.0
30093,31.0,10.0,27.0,17.0
30094,31.0,10.0,31.0,11.0
30095,31.0,10.0,30.0,13.0
30096,31.0,10.0,32.0,10.0
30097,31.0,10.0,31.0,11.0
30098,31.0,10.0,31.0,10.0
30099,31.0,10.0,31.0,11.0
30100,31.0,10.0,26.0,12.0
30101,31.0,10.0,31.0,10.0
30102,31.0,10.0,31.0,10.0
30103,31.0,10.0,32.0,10.0
30104,31.0,10.0,32.0,10.0
30105,31.0,10.0,27.0,17.0
30106,31.0,10.0,27.0,17.0
30107,31.0,10.0,28.0,14.0
30108,31.0,10.0,32.0,10.0
30109,31.0,10.0,26.0,12.0
30110,31.0,10.0,30.0,13.0
30111,31.0,10.0,27.0,17.0
30112,31.0,10.0,31.0,10.0
30113,31.0,10.0,26.0,12.0
30114,31.0,10.0,27.0,17.0
30115,31.0,10.0,32.0,10.0
30116,31.0,10.0,31.0,10.0
30117,31.0,10.0,28.0,14.0
30118,31.0,10.0,32.0,10.0
30119,31.0,10.0,26.0,12.0
30120,31.0,10.0,26.0,12.0
30121,31.0,10.0,27.0,17.0
30122,31.0,10.0,31.0,10.0
30123,31.0,10.0,27.0,17.0
30124,31.0,10.0,27.0,17.0
30125,31.0,10.0,28.0,14.0
30126,31.0,10.0,31.0,10.0
30127,31.0,10.0,32.0,10.0
30128,31.0,10.0,30.0,13.0
30129,31.0,10.0,30.0,13.0
30130,31.0,10.0,32.0,10.0
30131,31.0,10.0,26.0,12.0
30132,31.0,10.0,31.0,11.0
30133,31.0,10.0,27.0,17.0
30134,31.0,10.0,27.0,17.0
30135,31.0,10.0,28.0,14.0
30136,31.0,10.0,30.0,13.0
30137,31.0,10.0,30.0,13.0
30138,31.0,10.0,27.0,17.0
30139,31.0,10.0,32.0,10.0
30140,31.0,10.0,31.0,11.0
30141,31.0,10.0,31.0,10.0
30142,31.0,10.0,31.0,10.0
30143,31.0,10.0,31.0,11.0
30144,31.0,10.0,30.0,13.0
30145,31.0,10.0,31.0,11.0
30146,31.0,10.0,31.0,11.0
30147,31.0,10.0,30.0,13.0
30148,31.0,10.0,31.0,10.0
30149,31.0,10.0,31.0,10.0
30150,31.0,10.0,31.0,11.0
30151,31.0,10.0,27.0,17.0
30152,31.0,10.0,31.0,10.0
30153,31.0,10.0,32.0,10.0
30154,31.0,10.0,30.0,13.0
30155,31.0,10.0,31.0,11.0
30156,31.0,10.0,31.0,11.0
30157,31.0,10.0,31.0,10.0
30158,31.0,10.0,31.0,10.0
30159,31.0,10.0,31.0,11.0
30160,31.0,10.0,31.0,11.0
30161,31.0,10.0,32.0,10.0
30162,31.0,10.0,31.0,11.0
30163,31.0,10.0,31.0,10.0
30164,31.0,10.0,31.0,11.0
30165,31.0,10.0,32.0,10.0
30166,31.0,10.0,31.0,10.0
30167,31.0,10.0,28.0,14.0
30168,31.0,10.0,31.0,10.0
30169,31.0,10.0,27.0,17.0
30170,31.0,10.0,31.0,10.0
30171,31.0,10.0,31.0,10.0
30172,31.0,10.0,27.0,17.0
30173,31.0,10.0,32.0,10.0
30174,31.0,10.0,31.0,10.0
30175,31.0,10.0,26.0,12.0
30176,31.0,10.0,26.0,12.0
30177,31.0,10.0,26.0,12.0
30178,31.0,10.0,28.0,14.0
30179,31.0,10.0,32.0,10.0
30180,31.0,10.0,26.0,12.0
30181,31.0,10.0,32.0,10.0
30182,31.0,10.0,31.0,10.0
30183,31.0,10.0,31.0,10.0
30184,31.0,10.0,26.0,12.0
30185,31.0,10.0,30.0,13.0
30186,31.0,10.0,31.0,10.0
30187,31.0,10.0,30.0,13.0
30188,31.0,10.0,30.0,13.0
30189,31.0,10.0,32.0,10.0
30190,31.0,10.0,26.0,12.0
30191,31.0,10.0,31.0,10.0
30192,31.0,10.0,31.0,10.0
30193,31.0,10.0,26.0,12.0
30194,31.0,10.0,32.0,10.0
30195,31.0,10.0,32.0,10.0
30196,31.0,10.0,31.0,11.0
30197,31.0,10.0,31.0,11.0
30198,31.0,10.0,26.0,12.0
30199,31.0,10.0,31.0,11.0
30200,31.0,10.0,28.0,14.0
30201,31.0,10.0,31.0,11.0
30202,31.0,10.0,30.0,13.0
30203,31.0,10.0,31.0,10.0
30204,31.0,10.0,26.0,12.0
30205,31.0,10.0,32.0,10.0
30206,31.0,10.0,30.0,13.0
30207,31.0,10.0,26.0,12.0
30208,31.0,10.0,31.0,11.0
30209,31.0,10.0,32.0,10.0
30210,31.0,10.0,27.0,17.0
30211,31.0,10.0,31.0,10.0
30212,31.0,10.0,26.0,12.0
30213,31.0,10.0,31.0,10.0
30214,31.0,10.0,27.0,17.0
30215,31.0,10.0,27.0,17.0
30216,31.0,10.0,30.0,13.0
30217,31.0,10.0,28.0,14.0
30218,31.0,10.0,28.0,14.0
30219,31.0,10.0,31.0,11.0
30220,31.0,10.0,31.0,10.0
30221,31.0,10.0,27.0,17.0
30222,31.0,10.0,32.0,10.0
30223,31.0,10.0,28.0,14.0
30224,31.0,10.0,31.0,10.0
30225,31.0,10.0,31.0,10.0
30226,31.0,10.0,27.0,17.0
30227,31.0,10.0,32.0,10.0
30228,31.0,10.0,26.0,12.0
30229,31.0,10.0,31.0,11.0
30230,31.0,10.0,31.0,11.0
30231,31.0,10.0,31.0,10.0
30232,31.0,10.0,26.0,12.0
30233,31.0,10.0,31.0,10.0
30234,31.0,10.0,27.0,17.0
30235,31.0,10.0,27.0,17.0
30236,31.0,10.0,28.0,14.0
30237,31.0,10.0,28.0,14.0
30238,31.0,10.0,26.0,12.0
30239,31.0,10.0,26.0,12.0
30240,31.0,10.0,32.0,10.0
30241,31.0,10.0,31.0,10.0
30242,31.0,10.0,30.0,13.0
30243,31.0,10.0,26.0,12.0
30244,31.0,10.0,27.0,17.0
30245,31.0,10.0,27.0,17.0
30246,31.0,10.0,31.0,10.0
30247,31.0,10.0,30.0,13.0
30248,31.0,10.0,31.0,11.0
30249,31.0,10.0,30.0,13.0
30250,31.0,10.0,31.0,11.0
30251,31.0,10.0,31.0,10.0
30252,31.0,10.0,31.0,10.0
30253,31.0,10.0,31.0,10.0
30254,31.0,10.0,27.0,17.0
30255,31.0,10.0,31.0,10.0
30256,31.0,10.0,31.0,11.0
30257,31.0,10.0,26.0,12.0
30258,31.0,10.0,28.0,14.0
30259,31.0,10.0,31.0,11.0
30260,31.0,10.0,28.0,14.0
30261,31.0,10.0,28.0,14.0
30262,31.0,10.0,28.0,14.0
30263,31.0,10.0,30.0,13.0
30264,31.0,10.0,31.0,11.0
30265,31.0,10.0,31.0,10.0
30266,31.0,10.0,30.0,13.0
30267,31.0,10.0,32.0,10.0
30268,31.0,10.0,27.0,17.0
30269,31.0,10.0,31.0,11.0
30270,31.0,10.0,28.0,14.0
30271,31.0,10.0,32.0,10.0
30272,31.0,10.0,31.0,10.0
30273,31.0,10.0,31.0,10.0
30274,31.0,10.0,30.0,13.0
30275,31.0,10.0,30.0,13.0
30276,31.0,10.0,31.0,11.0
30277,31.0,10.0,26.0,12.0
30278,31.0,10.0,31.0,10.0
30279,31.0,10.0,32.0,10.0
30280,31.0,10.0,32.0,10.0
30281,31.0,10.0,31.0,10.0
30282,31.0,10.0,31.0,10.0
30283,31.0,10.0,26.0,12.0
30284,31.0,10.0,31.0,11.0
30285,31.0,10.0,31.0,10.0
30286,31.0,10.0,31.0,11.0
30287,31.0,10.0,26.0,12.0
30288,31.0,10.0,31.0,10.0
30289,31.0,10.0,30.0,13.0
30290,31.0,10.0,31.0,11.0
30291,31.0,10.0,31.0,10.0
30292,31.0,10.0,26.0,12.0
30293,31.0,10.0,27.0,17.0
30294,31.0,10.0,32.0,10.0
30295,31.0,10.0,28.0,14.0
30296,31.0,10.0,32.0,10.0
30297,31.0,10.0,30.0,13.0
30298,31.0,10.0,28.0,14.0
30299,31.0,10.0,31.0,10.0
30300,31.0,10.0,27.0,17.0
30301,31.0,10.0,32.0,10.0
30302,31.0,10.0,28.0,14.0
30303,31.0,10.0,30.0,13.0
30304,31.0,10.0,26.0,12.0
30305,31.0,10.0,31.0,11.0
30306,31.0,10.0,30.0,13.0
30307,31.0,10.0,32.0,10.0
30308,31.0,10.0,31.0,10.0
30309,31.0,10.0,30.0,13.0
30310,31.0,10.0,28.0,14.0
30311,31.0,10.0,31.0,11.0
30312,31.0,10.0,26.0,12.0
30313,31.0,10.0,30.0,13.0
30314,31.0,10.0,27.0,17.0
30315,31.0,10.0,31.0,10.0
30316,31.0,10.0,31.0,11.0
30317,31.0,10.0,30.0,13.0
30318,31.0,10.0,26.0,12.0
30319,31.0,10.0,27.0,17.0
30320,31.0,10.0,26.0,12.0
30321,31.0,10.0,31.0,10.0
30322,31.0,10.0,27.0,17.0
30323,31.0,10.0,28.0,14.0
30324,31.0,10.0,28.0,14.0
30325,31.0,10.0,28.0,14.0
30326,31.0,10.0,31.0,11.0
30327,31.0,10.0,31.0,10.0
30328,31.0,10.0,31.0,10.0
30329,31.0,10.0,32.0,10.0
30330,31.0,10.0,31.0,10.0
30331,31.0,10.0,28.0,14.0
30332,31.0,10.0,31.0,10.0
30333,31.0,10.0,31.0,10.0
30334,31.0,10.0,31.0,10.0
30335,31.0,10.0,31.0,11.0
30336,31.0,10.0,26.0,12.0
30337,31.0,10.0,31.0,10.0
30338,31.0,10.0,31.0,10.0
30339,31.0,10.0,31.0,10.0
30340,31.0,10.0,30.0,13.0
30341,31.0,10.0,31.0,10.0
30342,31.0,10.0,31.0,10.0
30343,31.0,10.0,31.0,10.0
30344,31.0,10.0,31.0,10.0
30345,31.0,10.0,31.0,11.0
30346,31.0,10.0,31.0,11.0
30347,31.0,10.0,31.0,11.0
30348,31.0,10.0,30.0,13.0
30349,31.0,10.0,28.0,14.0
30350,31.0,10.0,31.0,10.0
30351,31.0,10.0,31.0,11.0
30352,31.0,10.0,31.0,10.0
30353,31.0,10.0,28.0,14.0
30354,31.0,10.0,31.0,10.0
30355,31.0,10.0,31.0,10.0
30356,31.0,10.0,26.0,12.0
30357,31.0,10.0,31.0,11.0
30358,31.0,10.0,27.0,17.0
30359,31.0,10.0,31.0,11.0
30360,31.0,10.0,31.0,10.0
30361,31.0,10.0,28.0,14.0
30362,31.0,10.0,32.0,10.0
30363,31.0,10.0,27.0,17.0
30364,31.0,10.0,28.0,14.0
30365,31.0,10.0,32.0,10.0
30366,31.0,10.0,31.0,11.0
30367,31.0,10.0,30.0,13.0
30368,31.0,10.0,28.0,14.0
30369,31.0,10.0,31.0,10.0
30370,31.0,10.0,30.0,13.0
30371,31.0,10.0,30.0,13.0
30372,31.0,10.0,28.0,14.0
30373,31.0,10.0,31.0,10.0
30374,31.0,10.0,28.0,14.0
30375,31.0,10.0,31.0,10.0
30376,31.0,10.0,28.0,14.0
30377,31.0,10.0,28.0,14.0
30378,31.0,10.0,30.0,13.0
30379,31.0,10.0,31.0,11.0
30380,31.0,10.0,30.0,13.0
30381,31.0,10.0,31.0,10.0
30382,31.0,10.0,31.0,10.0
30383,31.0,10.0,31.0,10.0
30384,31.0,10.0,31.0,10.0
30385,31.0,10.0,26.0,12.0
30386,31.0,10.0,27.0,17.0
30387,31.0,10.0,31.0,11.0
30388,31.0,10.0,32.0,10.0
30389,31.0,10.0,31.0,10.0
30390,31.0,10.0,28.0,14.0
30391,31.0,10.0,28.0,14.0
30392,31.0,10.0,31.0,10.0
30393,31.0,10.0,28.0,14.0
30394,31.0,10.0,26.0,12.0
30395,31.0,10.0,31.0,11.0
30396,31.0,10.0,31.0,10.0
30397,31.0,10.0,31.0,11.0
30398,31.0,10.0,28.0,14.0
30399,31.0,10.0,28.0,14.0
30400,31.0,10.0,28.0,14.0
30401,31.0,10.0,31.0,10.0
30402,31.0,10.0,28.0,14.0
30403,31.0,10.0,26.0,12.0
30404,31.0,10.0,31.0,10.0
30405,31.0,10.0,31.0,10.0
30406,31.0,10.0,30.0,13.0
30407,31.0,10.0,27.0,17.0
30408,31.0,10.0,31.0,10.0
30409,31.0,10.0,28.0,14.0
30410,31.0,10.0,28.0,14.0
30411,31.0,10.0,30.0,13.0
30412,31.0,10.0,31.0,10.0
30413,31.0,10.0,31.0,10.0
30414,31.0,10.0,28.0,14.0
30415,31.0,10.0,31.0,10.0
30416,31.0,10.0,28.0,14.0
30417,31.0,10.0,28.0,14.0
30418,31.0,10.0,31.0,11.0
30419,31.0,10.0,31.0,10.0
30420,31.0,10.0,26.0,12.0
30421,31.0,10.0,32.0,10.0
30422,31.0,10.0,31.0,11.0
30423,31.0,10.0,26.0,12.0
30424,31.0,10.0,32.0,10.0
30425,31.0,10.0,31.0,10.0
30426,31.0,10.0,27.0,17.0
30427,31.0,10.0,31.0,10.0
30428,31.0,10.0,31.0,11.0
30429,31.0,10.0,32.0,10.0
30430,31.0,10.0,31.0,11.0
30431,31.0,10.0,31.0,11.0
30432,31.0,10.0,30.0,13.0
30433,31.0,10.0,28.0,14.0
30434,31.0,10.0,31.0,10.0
30435,31.0,10.0,31.0,10.0
30436,31.0,10.0,31.0,11.0
30437,31.0,10.0,31.0,10.0
30438,31.0,10.0,31.0,10.0
30439,31.0,10.0,32.0,10.0
30440,31.0,10.0,30.0,13.0
30441,31.0,10.0,31.0,10.0
30442,31.0,10.0,32.0,10.0
30443,31.0,10.0,31.0,10.0
30444,31.0,10.0,28.0,14.0
30445,31.0,10.0,26.0,12.0
30446,31.0,10.0,27.0,17.0
30447,31.0,10.0,31.0,10.0
30448,31.0,10.0,28.0,14.0
30449,31.0,10.0,28.0,14.0
30450,31.0,10.0,31.0,10.0
30451,31.0,10.0,27.0,17.0
30452,31.0,10.0,31.0,10.0
30453,31.0,10.0,31.0,10.0
30454,31.0,10.0,26.0,12.0
30455,31.0,10.0,31.0,11.0
30456,31.0,10.0,28.0,14.0
30457,31.0,10.0,28.0,14.0
30458,31.0,10.0,27.0,17.0
30459,31.0,10.0,30.0,13.0
30460,31.0,10.0,32.0,10.0
30461,31.0,10.0,26.0,12.0
30462,31.0,10.0,31.0,10.0
30463,31.0,10.0,26.0,12.0
30464,31.0,10.0,27.0,17.0
30465,31.0,10.0,27.0,17.0
30466,31.0,10.0,31.0,10.0
30467,31.0,10.0,28.0,14.0
30468,31.0,10.0,32.0,10.0
30469,31.0,10.0,31.0,11.0
30470,31.0,10.0,31.0,10.0
30471,31.0,10.0,28.0,14.0
30472,31.0,10.0,28.0,14.0
30473,31.0,10.0,32.0,10.0
30474,31.0,10.0,32.0,10.0
30475,31.0,10.0,31.0,11.0
30476,31.0,10.0,28.0,14.0
30477,31.0,10.0,27.0,17.0
30478,31.0,10.0,32.0,10.0
30479,31.0,10.0,31.0,11.0
30480,31.0,10.0,31.0,11.0
30481,31.0,10.0,28.0,14.0
30482,31.0,10.0,31.0,10.0
30483,31.0,10.0,32.0,10.0
30484,31.0,10.0,32.0,10.0
30485,31.0,10.0,32.0,10.0
30486,31.0,10.0,30.0,13.0
30487,31.0,10.0,31.0,10.0
30488,31.0,10.0,28.0,14.0
30489,31.0,10.0,28.0,14.0
30490,31.0,10.0,32.0,10.0
30491,31.0,10.0,31.0,11.0
30492,31.0,10.0,30.0,13.0
30493,31.0,10.0,28.0,14.0
30494,31.0,10.0,31.0,10.0
30495,31.0,10.0,30.0,13.0
30496,31.0,10.0,27.0,17.0
30497,31.0,10.0,30.0,13.0
30498,31.0,10.0,30.0,13.0
30499,31.0,10.0,28.0,14.0
30500,31.0,10.0,28.0,14.0
30501,31.0,10.0,28.0,14.0
30502,31.0,10.0,31.0,11.0
30503,31.0,10.0,31.0,10.0
30504,31.0,10.0,27.0,17.0
30505,31.0,10.0,26.0,12.0
30506,31.0,10.0,31.0,10.0
30507,31.0,10.0,31.0,10.0
30508,31.0,10.0,32.0,10.0
30509,31.0,10.0,28.0,14.0
30510,31.0,10.0,31.0,11.0
30511,31.0,10.0,31.0,10.0
30512,31.0,10.0,28.0,14.0
30513,31.0,10.0,32.0,10.0
30514,31.0,10.0,31.0,11.0
30515,31.0,10.0,31.0,10.0
30516,31.0,10.0,30.0,13.0
30517,31.0,10.0,28.0,14.0
30518,31.0,10.0,31.0,10.0
30519,31.0,10.0,28.0,14.0
30520,31.0,10.0,32.0,10.0
30521,31.0,10.0,26.0,12.0
30522,31.0,10.0,31.0,10.0
30523,31.0,10.0,27.0,17.0
30524,31.0,10.0,31.0,11.0
30525,31.0,10.0,32.0,10.0
30526,31.0,10.0,31.0,11.0
30527,31.0,10.0,30.0,13.0
30528,31.0,10.0,28.0,14.0
30529,31.0,10.0,30.0,13.0
30530,31.0,10.0,31.0,10.0
30531,31.0,10.0,28.0,14.0
30532,31.0,10.0,32.0,10.0
30533,31.0,10.0,26.0,12.0
30534,31.0,10.0,28.0,14.0
30535,31.0,10.0,31.0,10.0
30536,31.0,10.0,31.0,10.0
30537,31.0,10.0,31.0,10.0
30538,31.0,10.0,28.0,14.0
30539,31.0,10.0,27.0,17.0
30540,31.0,10.0,31.0,11.0
30541,31.0,10.0,28.0,14.0
30542,31.0,10.0,28.0,14.0
30543,31.0,10.0,31.0,10.0
30544,31.0,10.0,31.0,11.0
30545,31.0,10.0,31.0,11.0
30546,31.0,10.0,30.0,13.0
30547,31.0,10.0,31.0,10.0
30548,31.0,10.0,27.0,17.0
30549,31.0,10.0,27.0,17.0
30550,31.0,10.0,32.0,10.0
30551,31.0,10.0,26.0,12.0
30552,31.0,10.0,31.0,10.0
30553,31.0,10.0,31.0,10.0
30554,31.0,10.0,31.0,10.0
30555,31.0,10.0,28.0,14.0
30556,31.0,10.0,31.0,10.0
30557,31.0,10.0,27.0,17.0
30558,31.0,10.0,31.0,11.0
30559,31.0,10.0,28.0,14.0
30560,31.0,10.0,26.0,12.0
30561,31.0,10.0,31.0,10.0
30562,31.0,10.0,31.0,10.0
30563,31.0,10.0,28.0,14.0
30564,31.0,10.0,26.0,12.0
30565,31.0,10.0,27.0,17.0
30566,31.0,10.0,32.0,10.0
30567,31.0,10.0,27.0,17.0
30568,31.0,10.0,31.0,10.0
30569,31.0,10.0,28.0,14.0
30570,31.0,10.0,31.0,10.0
30571,31.0,10.0,26.0,12.0
30572,31.0,10.0,31.0,10.0
30573,31.0,10.0,28.0,14.0
30574,31.0,10.0,27.0,17.0
30575,31.0,10.0,28.0,14.0
30576,31.0,10.0,28.0,14.0
30577,31.0,10.0,30.0,13.0
30578,31.0,10.0,28.0,14.0
30579,31.0,10.0,31.0,11.0
30580,31.0,10.0,28.0,14.0
30581,31.0,10.0,31.0,11.0
30582,31.0,10.0,31.0,10.0
30583,31.0,10.0,28.0,14.0
30584,31.0,10.0,31.0,10.0
30585,31.0,10.0,31.0,10.0
30586,31.0,10.0,27.0,17.0
30587,31.0,10.0,31.0,11.0
30588,31.0,10.0,32.0,10.0
30589,31.0,10.0,31.0,10.0
30590,31.0,10.0,28.0,14.0
30591,31.0,10.0,27.0,17.0
30592,31.0,10.0,28.0,14.0
30593,31.0,10.0,26.0,12.0
30594,31.0,10.0,28.0,14.0
30595,31.0,10.0,31.0,10.0
30596,31.0,10.0,27.0,17.0
30597,31.0,10.0,31.0,10.0
30598,31.0,10.0,28.0,14.0
30599,31.0,10.0,31.0,10.0
30600,31.0,10.0,26.0,12.0
30601,31.0,10.0,28.0,14.0
30602,31.0,10.0,31.0,10.0
30603,31.0,10.0,26.0,12.0
30604,31.0,10.0,31.0,11.0
30605,31.0,10.0,32.0,10.0
30606,31.0,10.0,31.0,11.0
30607,31.0,10.0,31.0,10.0
30608,31.0,10.0,31.0,11.0
30609,31.0,10.0,28.0,14.0
30610,31.0,10.0,31.0,11.0
30611,31.0,10.0,30.0,13.0
30612,31.0,10.0,31.0,11.0
30613,31.0,10.0,31.0,10.0
30614,31.0,10.0,31.0,10.0
30615,31.0,10.0,30.0,13.0
30616,31.0,10.0,27.0,17.0
30617,31.0,10.0,31.0,10.0
30618,31.0,10.0,28.0,14.0
30619,31.0,10.0,31.0,10.0
30620,31.0,10.0,26.0,12.0
30621,31.0,10.0,28.0,14.0
30622,31.0,10.0,31.0,10.0
30623,31.0,10.0,31.0,10.0
30624,31.0,10.0,28.0,14.0
30625,31.0,10.0,26.0,12.0
30626,31.0,10.0,31.0,10.0
30627,31.0,10.0,31.0,10.0
30628,31.0,10.0,28.0,14.0
30629,31.0,10.0,27.0,17.0
30630,31.0,10.0,28.0,14.0
30631,31.0,10.0,32.0,10.0
30632,31.0,10.0,28.0,14.0
30633,31.0,10.0,28.0,14.0
30634,31.0,10.0,28.0,14.0
30635,31.0,10.0,27.0,17.0
30636,31.0,10.0,31.0,10.0
30637,31.0,10.0,31.0,10.0
30638,31.0,10.0,31.0,10.0
30639,31.0,10.0,27.0,17.0
30640,31.0,10.0,31.0,10.0
30641,31.0,10.0,26.0,12.0
30642,31.0,10.0,26.0,12.0
30643,31.0,10.0,31.0,10.0
30644,31.0,10.0,31.0,11.0
30645,31.0,10.0,28.0,14.0
30646,31.0,10.0,32.0,10.0
30647,31.0,10.0,30.0,13.0
30648,31.0,10.0,31.0,10.0
30649,31.0,10.0,31.0,11.0
30650,31.0,10.0,27.0,17.0
30651,31.0,10.0,31.0,10.0
30652,31.0,10.0,26.0,12.0
30653,31.0,10.0,28.0,14.0
30654,31.0,10.0,27.0,17.0
30655,31.0,10.0,31.0,10.0
30656,31.0,10.0,28.0,14.0
30657,31.0,10.0,26.0,12.0
30658,31.0,10.0,26.0,12.0
30659,31.0,10.0,31.0,10.0
30660,31.0,10.0,31.0,11.0
30661,31.0,10.0,28.0,14.0
30662,31.0,10.0,28.0,14.0
30663,31.0,10.0,31.0,10.0
30664,31.0,10.0,31.0,10.0
30665,31.0,10.0,32.0,10.0
30666,31.0,10.0,28.0,14.0
30667,31.0,10.0,31.0,10.0
30668,31.0,10.0,27.0,17.0
30669,31.0,10.0,32.0,10.0
30670,31.0,10.0,30.0,13.0
30671,31.0,10.0,32.0,10.0
30672,31.0,10.0,31.0,10.0
30673,31.0,10.0,31.0,10.0
30674,31.0,10.0,31.0,10.0
30675,31.0,10.0,28.0,14.0
30676,31.0,10.0,31.0,11.0
30677,31.0,10.0,28.0,14.0
30678,31.0,10.0,31.0,10.0
30679,31.0,10.0,31.0,11.0
30680,31.0,10.0,28.0,14.0
30681,31.0,10.0,28.0,14.0
30682,31.0,10.0,27.0,17.0
30683,31.0,10.0,31.0,10.0
30684,31.0,10.0,31.0,11.0
30685,31.0,10.0,28.0,14.0
30686,31.0,10.0,30.0,13.0
30687,31.0,10.0,31.0,10.0
30688,31.0,10.0,31.0,10.0
30689,31.0,10.0,31.0,10.0
30690,31.0,10.0,31.0,10.0
30691,31.0,10.0,27.0,17.0
30692,31.0,10.0,31.0,11.0
30693,31.0,10.0,26.0,12.0
30694,31.0,10.0,30.0,13.0
30695,31.0,10.0,31.0,11.0
30696,31.0,10.0,28.0,14.0
30697,31.0,10.0,31.0,11.0
30698,31.0,10.0,32.0,10.0
30699,31.0,10.0,31.0,10.0
30700,31.0,10.0,27.0,17.0
30701,31.0,10.0,28.0,14.0
30702,31.0,10.0,28.0,14.0
30703,31.0,10.0,31.0,10.0
30704,31.0,10.0,31.0,10.0
30705,31.0,10.0,26.0,12.0
30706,31.0,10.0,31.0,11.0
30707,31.0,10.0,31.0,10.0
30708,31.0,10.0,27.0,17.0
30709,31.0,10.0,28.0,14.0
30710,31.0,10.0,31.0,10.0
30711,31.0,10.0,26.0,12.0
30712,31.0,10.0,31.0,10.0
30713,31.0,10.0,31.0,10.0
30714,31.0,10.0,26.0,12.0
30715,31.0,10.0,31.0,11.0
30716,31.0,10.0,32.0,10.0
30717,31.0,10.0,30.0,13.0
30718,31.0,10.0,26.0,12.0
30719,31.0,10.0,28.0,14.0
30720,31.0,10.0,31.0,10.0
30721,31.0,10.0,27.0,17.0
30722,31.0,10.0,31.0,11.0
30723,31.0,10.0,31.0,10.0
30724,31.0,10.0,31.0,11.0
30725,31.0,10.0,28.0,14.0
30726,31.0,10.0,28.0,14.0
30727,31.0,10.0,31.0,11.0
30728,31.0,10.0,26.0,12.0
30729,31.0,10.0,26.0,12.0
30730,31.0,10.0,32.0,10.0
30731,31.0,10.0,30.0,13.0
30732,31.0,10.0,28.0,14.0
30733,31.0,10.0,32.0,10.0
30734,31.0,10.0,27.0,17.0
30735,31.0,10.0,26.0,12.0
30736,31.0,10.0,30.0,13.0
30737,31.0,10.0,32.0,10.0
30738,31.0,10.0,31.0,11.0
30739,31.0,10.0,31.0,10.0
30740,31.0,10.0,31.0,10.0
30741,31.0,10.0,31.0,10.0
30742,31.0,10.0,30.0,13.0
30743,31.0,10.0,32.0,10.0
30744,31.0,10.0,30.0,13.0
30745,31.0,10.0,31.0,10.0
30746,31.0,10.0,28.0,14.0
30747,31.0,10.0,31.0,10.0
30748,31.0,10.0,31.0,11.0
30749,31.0,10.0,30.0,13.0
30750,31.0,10.0,28.0,14.0
30751,31.0,10.0,30.0,13.0
30752,31.0,10.0,32.0,10.0
30753,31.0,10.0,32.0,10.0
30754,31.0,10.0,32.0,10.0
30755,31.0,10.0,26.0,12.0
30756,31.0,10.0,30.0,13.0
30757,31.0,10.0,28.0,14.0
30758,31.0,10.0,26.0,12.0
30759,31.0,10.0,31.0,10.0
30760,31.0,10.0,31.0,10.0
30761,31.0,10.0,28.0,14.0
30762,31.0,10.0,31.0,10.0
30763,31.0,10.0,30.0,13.0
30764,31.0,10.0,31.0,10.0
30765,31.0,10.0,32.0,10.0
30766,31.0,10.0,31.0,11.0
30767,31.0,10.0,28.0,14.0
30768,31.0,10.0,28.0,14.0
30769,31.0,10.0,27.0,17.0
30770,31.0,10.0,31.0,11.0
30771,31.0,10.0,31.0,10.0
30772,31.0,10.0,31.0,11.0
30773,31.0,10.0,27.0,17.0
30774,31.0,10.0,31.0,10.0
30775,31.0,10.0,31.0,10.0
30776,31.0,10.0,31.0,10.0
30777,31.0,10.0,31.0,10.0
30778,31.0,10.0,26.0,12.0
30779,31.0,10.0,32.0,10.0
30780,31.0,10.0,28.0,14.0
30781,31.0,10.0,30.0,13.0
30782,31.0,10.0,30.0,13.0
30783,31.0,10.0,26.0,12.0
30784,31.0,10.0,32.0,10.0
30785,31.0,10.0,31.0,10.0
30786,31.0,10.0,28.0,14.0
30787,31.0,10.0,31.0,10.0
30788,31.0,10.0,28.0,14.0
30789,31.0,10.0,27.0,17.0
30790,31.0,10.0,28.0,14.0
30791,31.0,10.0,28.0,14.0
30792,31.0,10.0,30.0,13.0
30793,31.0,10.0,31.0,10.0
30794,31.0,10.0,28.0,14.0
30795,31.0,10.0,32.0,10.0
30796,31.0,10.0,31.0,11.0
30797,31.0,10.0,31.0,11.0
30798,31.0,10.0,27.0,17.0
30799,31.0,10.0,26.0,12.0
30800,31.0,10.0,30.0,13.0
30801,31.0,10.0,31.0,10.0
30802,31.0,10.0,31.0,11.0
30803,31.0,10.0,32.0,10.0
30804,31.0,10.0,31.0,10.0
30805,31.0,10.0,31.0,11.0
30806,31.0,10.0,27.0,17.0
30807,31.0,10.0,31.0,10.0
30808,31.0,10.0,32.0,10.0
30809,31.0,10.0,30.0,13.0
30810,31.0,10.0,31.0,11.0
30811,31.0,10.0,27.0,17.0
30812,31.0,10.0,27.0,17.0
30813,31.0,10.0,30.0,13.0
30814,31.0,10.0,31.0,10.0
30815,31.0,10.0,30.0,13.0
30816,31.0,10.0,31.0,11.0
30817,31.0,10.0,30.0,13.0
30818,31.0,10.0,27.0,17.0
30819,31.0,10.0,31.0,10.0
30820,31.0,10.0,31.0,10.0
30821,31.0,10.0,28.0,14.0
30822,31.0,10.0,31.0,10.0
30823,31.0,10.0,31.0,10.0
30824,31.0,10.0,27.0,17.0
30825,31.0,10.0,26.0,12.0
30826,31.0,10.0,30.0,13.0
30827,31.0,10.0,31.0,10.0
30828,31.0,10.0,27.0,17.0
30829,31.0,10.0,31.0,10.0
30830,31.0,10.0,27.0,17.0
30831,31.0,10.0,27.0,17.0
30832,31.0,10.0,31.0,11.0
30833,31.0,10.0,31.0,10.0
30834,31.0,10.0,31.0,10.0
30835,31.0,10.0,31.0,11.0
30836,31.0,10.0,31.0,10.0
30837,31.0,10.0,31.0,10.0
30838,31.0,10.0,31.0,11.0
30839,31.0,10.0,31.0,11.0
30840,31.0,10.0,28.0,14.0
30841,31.0,10.0,28.0,14.0
30842,31.0,10.0,32.0,10.0
30843,31.0,10.0,26.0,12.0
30844,31.0,10.0,26.0,12.0
30845,31.0,10.0,31.0,11.0
30846,31.0,10.0,32.0,10.0
30847,31.0,10.0,32.0,10.0
30848,31.0,10.0,31.0,10.0
30849,31.0,10.0,31.0,11.0
30850,31.0,10.0,31.0,11.0
30851,31.0,10.0,31.0,10.0
30852,31.0,10.0,26.0,12.0
30853,31.0,10.0,32.0,10.0
30854,31.0,10.0,31.0,10.0
30855,31.0,10.0,31.0,10.0
30856,31.0,10.0,31.0,11.0
30857,31.0,10.0,31.0,10.0
30858,31.0,10.0,28.0,14.0
30859,31.0,10.0,26.0,12.0
30860,31.0,10.0,27.0,17.0
30861,31.0,10.0,31.0,10.0
30862,31.0,10.0,26.0,12.0
30863,31.0,10.0,31.0,11.0
30864,31.0,10.0,31.0,10.0
30865,31.0,10.0,31.0,10.0
30866,31.0,10.0,27.0,17.0
30867,31.0,10.0,31.0,11.0
30868,31.0,10.0,31.0,10.0
30869,31.0,10.0,31.0,10.0
30870,31.0,10.0,31.0,11.0
30871,31.0,10.0,31.0,11.0
30872,31.0,10.0,28.0,14.0
30873,31.0,10.0,30.0,13.0
30874,31.0,10.0,31.0,10.0
30875,31.0,10.0,27.0,17.0
30876,31.0,10.0,28.0,14.0
30877,31.0,10.0,31.0,10.0
30878,31.0,10.0,27.0,17.0
30879,31.0,10.0,31.0,10.0
30880,31.0,10.0,32.0,10.0
30881,31.0,10.0,32.0,10.0
30882,31.0,10.0,28.0,14.0
30883,31.0,10.0,32.0,10.0
30884,31.0,10.0,31.0,10.0
30885,31.0,10.0,26.0,12.0
30886,31.0,10.0,28.0,14.0
30887,31.0,10.0,28.0,14.0
30888,31.0,10.0,31.0,11.0
30889,31.0,10.0,31.0,10.0
30890,31.0,10.0,28.0,14.0
30891,31.0,10.0,27.0,17.0
30892,31.0,10.0,31.0,10.0
30893,31.0,10.0,32.0,10.0
30894,31.0,10.0,31.0,11.0
30895,31.0,10.0,28.0,14.0
30896,31.0,10.0,31.0,11.0
30897,31.0,10.0,31.0,10.0
30898,31.0,10.0,31.0,10.0
30899,31.0,10.0,31.0,11.0
30900,31.0,10.0,31.0,10.0
30901,31.0,10.0,27.0,17.0
30902,31.0,10.0,27.0,17.0
30903,31.0,10.0,28.0,14.0
30904,31.0,10.0,27.0,17.0
30905,31.0,10.0,28.0,14.0
30906,31.0,10.0,26.0,12.0
30907,31.0,10.0,28.0,14.0
30908,31.0,10.0,28.0,14.0
30909,31.0,10.0,28.0,14.0
30910,31.0,10.0,31.0,10.0
30911,31.0,10.0,31.0,10.0
30912,31.0,10.0,30.0,13.0
30913,31.0,10.0,31.0,11.0
30914,31.0,10.0,28.0,14.0
30915,31.0,10.0,27.0,17.0
30916,31.0,10.0,31.0,10.0
30917,31.0,10.0,28.0,14.0
30918,31.0,10.0,26.0,12.0
30919,31.0,10.0,30.0,13.0
30920,31.0,10.0,27.0,17.0
30921,31.0,10.0,28.0,14.0
30922,31.0,10.0,31.0,11.0
30923,31.0,10.0,31.0,10.0
30924,31.0,10.0,31.0,10.0
30925,31.0,10.0,30.0,13.0
30926,31.0,10.0,31.0,10.0
30927,31.0,10.0,31.0,10.0
30928,31.0,10.0,28.0,14.0
30929,31.0,10.0,27.0,17.0
30930,31.0,10.0,32.0,10.0
30931,31.0,10.0,28.0,14.0
30932,31.0,10.0,30.0,13.0
30933,31.0,10.0,31.0,11.0
30934,31.0,10.0,31.0,10.0
30935,31.0,10.0,28.0,14.0
30936,31.0,10.0,32.0,10.0
30937,31.0,10.0,28.0,14.0
30938,31.0,10.0,27.0,17.0
30939,31.0,10.0,30.0,13.0
30940,31.0,10.0,30.0,13.0
30941,31.0,10.0,31.0,10.0
30942,31.0,10.0,26.0,12.0
30943,31.0,10.0,26.0,12.0
30944,31.0,10.0,31.0,10.0
30945,31.0,10.0,30.0,13.0
30946,31.0,10.0,26.0,12.0
30947,31.0,10.0,27.0,17.0
30948,31.0,10.0,31.0,10.0
30949,31.0,10.0,32.0,10.0
30950,31.0,10.0,32.0,10.0
30951,31.0,10.0,28.0,14.0
30952,31.0,10.0,30.0,13.0
30953,31.0,10.0,31.0,10.0
30954,31.0,10.0,28.0,14.0
30955,31.0,10.0,31.0,10.0
30956,31.0,10.0,31.0,10.0
30957,31.0,10.0,28.0,14.0
30958,31.0,10.0,31.0,10.0
30959,31.0,10.0,31.0,10.0
30960,31.0,10.0,31.0,10.0
30961,31.0,10.0,31.0,11.0
30962,31.0,10.0,27.0,17.0
30963,31.0,10.0,26.0,12.0
30964,31.0,10.0,31.0,11.0
30965,31.0,10.0,28.0,14.0
30966,31.0,10.0,32.0,10.0
30967,31.0,10.0,26.0,12.0
30968,31.0,10.0,31.0,11.0
30969,31.0,10.0,31.0,11.0
30970,31.0,10.0,32.0,10.0
30971,31.0,10.0,31.0,10.0
30972,31.0,10.0,27.0,17.0
30973,31.0,10.0,31.0,10.0
30974,31.0,10.0,28.0,14.0
30975,31.0,10.0,31.0,11.0
30976,31.0,10.0,30.0,13.0
30977,31.0,10.0,31.0,10.0
30978,31.0,10.0,31.0,10.0
30979,31.0,10.0,31.0,11.0
30980,31.0,10.0,28.0,14.0
30981,31.0,10.0,31.0,10.0
30982,31.0,10.0,32.0,10.0
30983,31.0,10.0,27.0,17.0
30984,31.0,10.0,28.0,14.0
30985,31.0,10.0,32.0,10.0
30986,31.0,10.0,32.0,10.0
30987,31.0,10.0,28.0,14.0
30988,31.0,10.0,28.0,14.0
30989,31.0,10.0,26.0,12.0
30990,31.0,10.0,31.0,10.0
30991,31.0,10.0,31.0,11.0
30992,31.0,10.0,32.0,10.0
30993,31.0,10.0,31.0,10.0
30994,31.0,10.0,27.0,17.0
30995,31.0,10.0,31.0,11.0
30996,31.0,10.0,27.0,17.0
30997,31.0,10.0,30.0,13.0
30998,31.0,10.0,28.0,14.0
30999,31.0,10.0,27.0,17.0
31000,31.0,10.0,30.0,13.0
31001,31.0,10.0,31.0,10.0
31002,31.0,10.0,31.0,10.0
31003,31.0,10.0,30.0,13.0
31004,31.0,10.0,32.0,10.0
31005,31.0,10.0,27.0,17.0
31006,31.0,10.0,31.0,10.0
31007,31.0,10.0,28.0,14.0
31008,31.0,10.0,26.0,12.0
31009,31.0,10.0,27.0,17.0
31010,31.0,10.0,31.0,10.0
31011,31.0,10.0,30.0,13.0
31012,31.0,10.0,31.0,11.0
31013,31.0,10.0,31.0,10.0
31014,31.0,10.0,31.0,11.0
31015,31.0,10.0,31.0,10.0
31016,31.0,10.0,31.0,10.0
31017,31.0,10.0,28.0,14.0
31018,31.0,10.0,26.0,12.0
31019,31.0,10.0,32.0,10.0
31020,31.0,10.0,28.0,14.0
31021,31.0,10.0,32.0,10.0
31022,31.0,10.0,28.0,14.0
31023,31.0,10.0,32.0,10.0
31024,31.0,10.0,31.0,10.0
31025,31.0,10.0,31.0,11.0
31026,31.0,10.0,32.0,10.0
31027,31.0,10.0,27.0,17.0
31028,31.0,10.0,32.0,10.0
31029,31.0,10.0,28.0,14.0
31030,31.0,10.0,31.0,11.0
31031,31.0,10.0,26.0,12.0
31032,31.0,10.0,26.0,12.0
31033,31.0,10.0,28.0,14.0
31034,31.0,10.0,28.0,14.0
31035,31.0,10.0,32.0,10.0
31036,31.0,10.0,31.0,10.0
31037,31.0,10.0,31.0,10.0
31038,31.0,10.0,32.0,10.0
31039,31.0,10.0,31.0,10.0
31040,31.0,10.0,31.0,11.0
31041,31.0,10.0,32.0,10.0
31042,31.0,10.0,31.0,10.0
31043,31.0,10.0,31.0,10.0
31044,31.0,10.0,31.0,10.0
31045,31.0,10.0,28.0,14.0
31046,31.0,10.0,31.0,10.0
31047,31.0,10.0,28.0,14.0
31048,31.0,10.0,26.0,12.0
31049,31.0,10.0,26.0,12.0
31050,31.0,10.0,31.0,10.0
31051,31.0,10.0,27.0,17.0
31052,31.0,10.0,30.0,13.0
31053,31.0,10.0,31.0,11.0
31054,31.0,10.0,30.0,13.0
31055,31.0,10.0,28.0,14.0
31056,31.0,10.0,31.0,10.0
31057,31.0,10.0,30.0,13.0
31058,31.0,10.0,31.0,10.0
31059,31.0,10.0,27.0,17.0
31060,31.0,10.0,28.0,14.0
31061,31.0,10.0,31.0,11.0
31062,31.0,10.0,27.0,17.0
31063,31.0,10.0,30.0,13.0
31064,31.0,10.0,26.0,12.0
31065,31.0,10.0,31.0,10.0
31066,31.0,10.0,26.0,12.0
31067,31.0,10.0,32.0,10.0
31068,31.0,10.0,31.0,10.0
31069,31.0,10.0,31.0,10.0
31070,31.0,10.0,32.0,10.0
31071,31.0,10.0,32.0,10.0
31072,31.0,10.0,31.0,11.0
31073,31.0,10.0,31.0,10.0
31074,31.0,10.0,31.0,10.0
31075,31.0,10.0,31.0,11.0
31076,31.0,10.0,32.0,10.0
31077,31.0,10.0,26.0,12.0
31078,31.0,10.0,27.0,17.0
31079,31.0,10.0,32.0,10.0
31080,31.0,10.0,27.0,17.0
31081,31.0,10.0,32.0,10.0
31082,31.0,10.0,31.0,10.0
31083,31.0,10.0,30.0,13.0
31084,31.0,10.0,27.0,17.0
31085,31.0,10.0,31.0,10.0
31086,31.0,10.0,28.0,14.0
31087,31.0,10.0,28.0,14.0
31088,31.0,10.0,27.0,17.0
31089,31.0,10.0,31.0,11.0
31090,31.0,10.0,30.0,13.0
31091,31.0,10.0,30.0,13.0
31092,31.0,10.0,32.0,10.0
31093,31.0,10.0,28.0,14.0
31094,31.0,10.0,28.0,14.0
31095,31.0,10.0,27.0,17.0
31096,31.0,10.0,31.0,10.0
31097,31.0,10.0,28.0,14.0
31098,31.0,10.0,28.0,14.0
31099,31.0,10.0,26.0,12.0
31100,31.0,10.0,31.0,10.0
31101,31.0,10.0,30.0,13.0
31102,31.0,10.0,31.0,10.0
31103,31.0,10.0,26.0,12.0
31104,31.0,10.0,32.0,10.0
31105,31.0,10.0,31.0,10.0
31106,31.0,10.0,32.0,10.0
31107,31.0,10.0,31.0,10.0
31108,31.0,10.0,31.0,10.0
31109,31.0,10.0,31.0,10.0
31110,31.0,10.0,31.0,11.0
31111,31.0,10.0,26.0,12.0
31112,31.0,10.0,30.0,13.0
31113,31.0,10.0,28.0,14.0
31114,31.0,10.0,32.0,10.0
31115,31.0,10.0,31.0,10.0
31116,31.0,10.0,30.0,13.0
31117,31.0,10.0,30.0,13.0
31118,31.0,10.0,31.0,10.0
31119,31.0,10.0,28.0,14.0
31120,31.0,10.0,30.0,13.0
31121,31.0,10.0,28.0,14.0
31122,31.0,10.0,28.0,14.0
31123,31.0,10.0,31.0,10.0
31124,31.0,10.0,28.0,14.0
31125,31.0,10.0,31.0,11.0
31126,31.0,10.0,31.0,11.0
31127,31.0,10.0,31.0,10.0
31128,31.0,10.0,30.0,13.0
31129,31.0,10.0,31.0,10.0
31130,31.0,10.0,31.0,10.0
31131,31.0,10.0,30.0,13.0
31132,31.0,10.0,31.0,10.0
31133,31.0,10.0,31.0,10.0
31134,31.0,10.0,26.0,12.0
31135,31.0,10.0,26.0,12.0
31136,31.0,10.0,26.0,12.0
31137,31.0,10.0,26.0,12.0
31138,31.0,10.0,28.0,14.0
31139,31.0,10.0,31.0,10.0
31140,31.0,10.0,31.0,10.0
31141,31.0,10.0,28.0,14.0
31142,31.0,10.0,27.0,17.0
31143,31.0,10.0,31.0,10.0
31144,31.0,10.0,30.0,13.0
31145,31.0,10.0,31.0,10.0
31146,31.0,10.0,31.0,10.0
31147,31.0,10.0,32.0,10.0
31148,31.0,10.0,26.0,12.0
31149,31.0,10.0,28.0,14.0
31150,31.0,10.0,31.0,10.0
31151,31.0,10.0,26.0,12.0
31152,31.0,10.0,31.0,10.0
31153,31.0,10.0,31.0,10.0
31154,31.0,10.0,30.0,13.0
31155,31.0,10.0,27.0,17.0
31156,31.0,10.0,30.0,13.0
31157,31.0,10.0,31.0,10.0
31158,31.0,10.0,30.0,13.0
31159,31.0,10.0,31.0,10.0
31160,31.0,10.0,31.0,10.0
31161,31.0,10.0,31.0,10.0
31162,31.0,10.0,26.0,12.0
31163,31.0,10.0,31.0,10.0
31164,31.0,10.0,31.0,10.0
31165,31.0,10.0,31.0,11.0
31166,31.0,10.0,28.0,14.0
31167,31.0,10.0,26.0,12.0
31168,31.0,10.0,31.0,11.0
31169,31.0,10.0,28.0,14.0
31170,31.0,10.0,32.0,10.0
31171,31.0,10.0,30.0,13.0
31172,31.0,10.0,31.0,10.0
31173,31.0,10.0,31.0,10.0
31174,31.0,10.0,31.0,10.0
31175,31.0,10.0,28.0,14.0
31176,31.0,10.0,28.0,14.0
31177,31.0,10.0,27.0,17.0
31178,31.0,10.0,31.0,11.0
31179,31.0,10.0,28.0,14.0
31180,31.0,10.0,31.0,11.0
31181,31.0,10.0,31.0,11.0
31182,31.0,10.0,31.0,10.0
31183,31.0,10.0,28.0,14.0
31184,31.0,10.0,26.0,12.0
31185,31.0,10.0,26.0,12.0
31186,31.0,10.0,31.0,10.0
31187,31.0,10.0,30.0,13.0
31188,31.0,10.0,31.0,11.0
31189,31.0,10.0,30.0,13.0
31190,31.0,10.0,28.0,14.0
31191,31.0,10.0,30.0,13.0
31192,31.0,10.0,31.0,10.0
31193,31.0,10.0,28.0,14.0
31194,31.0,10.0,30.0,13.0
31195,31.0,10.0,31.0,11.0
31196,31.0,10.0,26.0,12.0
31197,31.0,10.0,31.0,10.0
31198,31.0,10.0,31.0,10.0
31199,31.0,10.0,30.0,13.0
31200,31.0,10.0,26.0,12.0
31201,31.0,10.0,26.0,12.0
31202,31.0,10.0,31.0,11.0
31203,31.0,10.0,31.0,10.0
31204,31.0,10.0,26.0,12.0
31205,31.0,10.0,32.0,10.0
31206,31.0,10.0,30.0,13.0
31207,31.0,10.0,32.0,10.0
31208,31.0,10.0,28.0,14.0
31209,31.0,10.0,28.0,14.0
31210,31.0,10.0,26.0,12.0
31211,31.0,10.0,26.0,12.0
31212,31.0,10.0,27.0,17.0
31213,31.0,10.0,31.0,11.0
31214,31.0,10.0,31.0,10.0
31215,31.0,10.0,31.0,11.0
31216,31.0,10.0,26.0,12.0
31217,31.0,10.0,32.0,10.0
31218,31.0,10.0,31.0,11.0
31219,31.0,10.0,27.0,17.0
31220,31.0,10.0,32.0,10.0
31221,31.0,10.0,31.0,11.0
31222,31.0,10.0,31.0,10.0
31223,31.0,10.0,31.0,11.0
31224,31.0,10.0,32.0,10.0
31225,31.0,10.0,31.0,10.0
31226,31.0,10.0,27.0,17.0
31227,31.0,10.0,30.0,13.0
31228,31.0,10.0,27.0,17.0
31229,31.0,10.0,32.0,10.0
31230,31.0,10.0,31.0,10.0
31231,31.0,10.0,28.0,14.0
31232,31.0,10.0,31.0,10.0
31233,31.0,10.0,28.0,14.0
31234,31.0,10.0,28.0,14.0
31235,31.0,10.0,31.0,10.0
31236,31.0,10.0,28.0,14.0
31237,31.0,10.0,31.0,10.0
31238,31.0,10.0,27.0,17.0
31239,31.0,10.0,31.0,10.0
31240,31.0,10.0,32.0,10.0
31241,31.0,10.0,32.0,10.0
31242,31.0,10.0,31.0,10.0
31243,31.0,10.0,31.0,10.0
31244,31.0,10.0,31.0,11.0
31245,31.0,10.0,26.0,12.0
31246,31.0,10.0,32.0,10.0
31247,31.0,10.0,32.0,10.0
31248,31.0,10.0,30.0,13.0
31249,31.0,10.0,31.0,10.0
31250,31.0,10.0,26.0,12.0
31251,31.0,10.0,27.0,17.0
31252,31.0,10.0,27.0,17.0
31253,31.0,10.0,32.0,10.0
31254,31.0,10.0,31.0,11.0
31255,31.0,10.0,31.0,11.0
31256,31.0,10.0,31.0,10.0
31257,31.0,10.0,32.0,10.0
31258,31.0,10.0,31.0,10.0
31259,31.0,10.0,31.0,10.0
31260,31.0,10.0,31.0,11.0
31261,31.0,10.0,31.0,10.0
31262,31.0,10.0,31.0,10.0
31263,31.0,10.0,30.0,13.0
31264,31.0,10.0,31.0,10.0
31265,31.0,10.0,32.0,10.0
31266,31.0,10.0,31.0,10.0
31267,31.0,10.0,32.0,10.0
31268,31.0,10.0,28.0,14.0
31269,31.0,10.0,26.0,12.0
31270,31.0,10.0,28.0,14.0
31271,31.0,10.0,26.0,12.0
31272,31.0,10.0,32.0,10.0
31273,31.0,10.0,32.0,10.0
31274,31.0,10.0,31.0,11.0
31275,31.0,10.0,26.0,12.0
31276,31.0,10.0,32.0,10.0
31277,31.0,10.0,32.0,10.0
31278,31.0,10.0,31.0,10.0
31279,31.0,10.0,32.0,10.0
31280,31.0,10.0,31.0,11.0
31281,31.0,10.0,31.0,11.0
31282,31.0,10.0,26.0,12.0
31283,31.0,10.0,32.0,10.0
31284,31.0,10.0,30.0,13.0
31285,31.0,10.0,27.0,17.0
31286,31.0,10.0,30.0,13.0
31287,31.0,10.0,26.0,12.0
31288,31.0,10.0,27.0,17.0
31289,31.0,10.0,27.0,17.0
31290,31.0,10.0,28.0,14.0
31291,31.0,10.0,31.0,10.0
31292,31.0,10.0,32.0,10.0
31293,31.0,10.0,31.0,11.0
31294,31.0,10.0,31.0,10.0
31295,31.0,10.0,31.0,10.0
31296,31.0,10.0,31.0,11.0
31297,31.0,10.0,26.0,12.0
31298,31.0,10.0,30.0,13.0
31299,31.0,10.0,27.0,17.0
31300,31.0,10.0,31.0,10.0
31301,31.0,10.0,30.0,13.0
31302,31.0,10.0,26.0,12.0
31303,31.0,10.0,28.0,14.0
31304,31.0,10.0,28.0,14.0
31305,31.0,10.0,26.0,12.0
31306,31.0,10.0,28.0,14.0
31307,31.0,10.0,28.0,14.0
31308,31.0,10.0,31.0,10.0
31309,31.0,10.0,28.0,14.0
31310,31.0,10.0,27.0,17.0
31311,31.0,10.0,27.0,17.0
31312,31.0,10.0,30.0,13.0
31313,31.0,10.0,31.0,10.0
31314,31.0,10.0,30.0,13.0
31315,31.0,10.0,28.0,14.0
31316,31.0,10.0,28.0,14.0
31317,31.0,10.0,31.0,10.0
31318,31.0,10.0,32.0,10.0
31319,31.0,10.0,31.0,10.0
31320,31.0,10.0,31.0,10.0
31321,31.0,10.0,28.0,14.0
31322,31.0,10.0,27.0,17.0
31323,31.0,10.0,28.0,14.0
31324,31.0,10.0,31.0,11.0
31325,31.0,10.0,31.0,10.0
31326,31.0,10.0,28.0,14.0
31327,31.0,10.0,31.0,10.0
31328,31.0,10.0,28.0,14.0
31329,31.0,10.0,31.0,10.0
31330,31.0,10.0,32.0,10.0
31331,31.0,10.0,31.0,10.0
31332,31.0,10.0,28.0,14.0
31333,31.0,10.0,30.0,13.0
31334,31.0,10.0,31.0,10.0
31335,31.0,10.0,27.0,17.0
31336,31.0,10.0,28.0,14.0
31337,31.0,10.0,28.0,14.0
31338,31.0,10.0,27.0,17.0
31339,31.0,10.0,26.0,12.0
31340,31.0,10.0,31.0,10.0
31341,31.0,10.0,31.0,10.0
31342,31.0,10.0,28.0,14.0
31343,31.0,10.0,30.0,13.0
31344,31.0,10.0,31.0,10.0
31345,31.0,10.0,30.0,13.0
31346,31.0,10.0,28.0,14.0
31347,31.0,10.0,26.0,12.0
31348,31.0,10.0,31.0,10.0
31349,31.0,10.0,26.0,12.0
31350,31.0,10.0,28.0,14.0
31351,31.0,10.0,30.0,13.0
31352,31.0,10.0,31.0,10.0
31353,31.0,10.0,31.0,10.0
31354,31.0,10.0,31.0,10.0
31355,31.0,10.0,26.0,12.0
31356,31.0,10.0,28.0,14.0
31357,31.0,10.0,28.0,14.0
31358,31.0,10.0,31.0,11.0
31359,31.0,10.0,31.0,10.0
31360,31.0,10.0,31.0,11.0
31361,31.0,10.0,31.0,11.0
31362,31.0,10.0,31.0,10.0
31363,31.0,10.0,31.0,10.0
31364,31.0,10.0,30.0,13.0
31365,31.0,10.0,32.0,10.0
31366,31.0,10.0,31.0,11.0
31367,31.0,10.0,26.0,12.0
31368,31.0,10.0,31.0,10.0
31369,31.0,10.0,31.0,10.0
31370,31.0,10.0,32.0,10.0
31371,31.0,10.0,31.0,10.0
31372,31.0,10.0,32.0,10.0
31373,31.0,10.0,31.0,10.0
31374,31.0,10.0,32.0,10.0
31375,31.0,10.0,30.0,13.0
31376,31.0,10.0,32.0,10.0
31377,31.0,10.0,31.0,10.0
31378,31.0,10.0,27.0,17.0
31379,31.0,10.0,28.0,14.0
31380,31.0,10.0,31.0,10.0
31381,31.0,10.0,26.0,12.0
31382,31.0,10.0,27.0,17.0
31383,31.0,10.0,31.0,10.0
31384,31.0,10.0,28.0,14.0
31385,31.0,10.0,27.0,17.0
31386,31.0,10.0,32.0,10.0
31387,31.0,10.0,31.0,11.0
31388,31.0,10.0,31.0,10.0
31389,31.0,10.0,26.0,12.0
31390,31.0,10.0,32.0,10.0
31391,31.0,10.0,31.0,10.0
31392,31.0,10.0,30.0,13.0
31393,31.0,10.0,32.0,10.0
31394,31.0,10.0,30.0,13.0
31395,31.0,10.0,31.0,10.0
31396,31.0,10.0,31.0,10.0
31397,31.0,10.0,31.0,10.0
31398,31.0,10.0,28.0,14.0
31399,31.0,10.0,31.0,11.0
31400,31.0,10.0,28.0,14.0
31401,31.0,10.0,27.0,17.0
31402,31.0,10.0,31.0,10.0
31403,31.0,10.0,28.0,14.0
31404,31.0,10.0,26.0,12.0
31405,31.0,10.0,28.0,14.0
31406,31.0,10.0,27.0,17.0
31407,31.0,10.0,31.0,11.0
31408,31.0,10.0,31.0,10.0
31409,31.0,10.0,26.0,12.0
31410,31.0,10.0,31.0,10.0
31411,31.0,10.0,28.0,14.0
31412,31.0,10.0,31.0,10.0
31413,31.0,10.0,28.0,14.0
31414,31.0,10.0,32.0,10.0
31415,31.0,10.0,28.0,14.0
31416,31.0,10.0,31.0,10.0
31417,31.0,10.0,28.0,14.0
31418,31.0,10.0,31.0,10.0
31419,31.0,10.0,31.0,10.0
31420,31.0,10.0,28.0,14.0
31421,31.0,10.0,32.0,10.0
31422,31.0,10.0,31.0,10.0
31423,31.0,10.0,31.0,10.0
31424,31.0,10.0,31.0,10.0
31425,31.0,10.0,31.0,10.0
31426,31.0,10.0,27.0,17.0
31427,31.0,10.0,31.0,10.0
31428,31.0,10.0,32.0,10.0
31429,31.0,10.0,31.0,10.0
31430,31.0,10.0,31.0,11.0
31431,31.0,10.0,27.0,17.0
31432,31.0,10.0,28.0,14.0
31433,31.0,10.0,27.0,17.0
31434,31.0,10.0,31.0,10.0
31435,31.0,10.0,26.0,12.0
31436,31.0,10.0,32.0,10.0
31437,31.0,10.0,26.0,12.0
31438,31.0,10.0,31.0,10.0
31439,31.0,10.0,31.0,10.0
31440,31.0,10.0,31.0,10.0
31441,31.0,10.0,26.0,12.0
31442,31.0,10.0,26.0,12.0
31443,31.0,10.0,31.0,10.0
31444,31.0,10.0,28.0,14.0
31445,31.0,10.0,30.0,13.0
31446,31.0,10.0,31.0,11.0
31447,31.0,10.0,31.0,10.0
31448,31.0,10.0,32.0,10.0
31449,31.0,10.0,31.0,10.0
31450,31.0,10.0,31.0,10.0
31451,31.0,10.0,32.0,10.0
31452,31.0,10.0,28.0,14.0
31453,31.0,10.0,28.0,14.0
31454,31.0,10.0,30.0,13.0
31455,31.0,10.0,28.0,14.0
31456,31.0,10.0,32.0,10.0
31457,31.0,10.0,27.0,17.0
31458,31.0,10.0,30.0,13.0
31459,31.0,10.0,30.0,13.0
31460,31.0,10.0,31.0,10.0
31461,31.0,10.0,30.0,13.0
31462,31.0,10.0,30.0,13.0
31463,31.0,10.0,27.0,17.0
31464,31.0,10.0,28.0,14.0
31465,31.0,10.0,31.0,10.0
31466,31.0,10.0,27.0,17.0
31467,31.0,10.0,31.0,10.0
31468,31.0,10.0,31.0,11.0
31469,31.0,10.0,26.0,12.0
31470,31.0,10.0,28.0,14.0
31471,31.0,10.0,27.0,17.0
31472,31.0,10.0,27.0,17.0
31473,31.0,10.0,31.0,11.0
31474,31.0,10.0,32.0,10.0
31475,31.0,10.0,31.0,10.0
31476,31.0,10.0,31.0,10.0
31477,31.0,10.0,31.0,11.0
31478,31.0,10.0,31.0,10.0
31479,31.0,10.0,31.0,10.0
31480,31.0,10.0,31.0,11.0
31481,31.0,10.0,32.0,10.0
31482,31.0,10.0,26.0,12.0
31483,31.0,10.0,28.0,14.0
31484,31.0,10.0,31.0,10.0
31485,31.0,10.0,31.0,10.0
31486,31.0,10.0,30.0,13.0
31487,31.0,10.0,32.0,10.0
31488,31.0,10.0,26.0,12.0
31489,31.0,10.0,26.0,12.0
31490,31.0,10.0,26.0,12.0
31491,31.0,10.0,31.0,10.0
31492,31.0,10.0,30.0,13.0
31493,31.0,10.0,27.0,17.0
31494,31.0,10.0,26.0,12.0
31495,31.0,10.0,31.0,11.0
31496,31.0,10.0,26.0,12.0
31497,31.0,10.0,30.0,13.0
31498,31.0,10.0,28.0,14.0
31499,31.0,10.0,30.0,13.0
31500,31.0,10.0,28.0,14.0
31501,31.0,10.0,27.0,17.0
31502,31.0,10.0,31.0,11.0
31503,31.0,10.0,30.0,13.0
31504,31.0,10.0,32.0,10.0
31505,31.0,10.0,32.0,10.0
31506,31.0,10.0,32.0,10.0
31507,31.0,10.0,30.0,13.0
31508,31.0,10.0,31.0,10.0
31509,31.0,10.0,31.0,10.0
31510,31.0,10.0,28.0,14.0
31511,31.0,10.0,32.0,10.0
31512,31.0,10.0,27.0,17.0
31513,31.0,10.0,31.0,10.0
31514,31.0,10.0,27.0,17.0
31515,31.0,10.0,31.0,10.0
31516,31.0,10.0,32.0,10.0
31517,31.0,10.0,30.0,13.0
31518,31.0,10.0,31.0,10.0
31519,31.0,10.0,30.0,13.0
31520,31.0,10.0,32.0,10.0
31521,31.0,10.0,31.0,11.0
31522,31.0,10.0,30.0,13.0
31523,31.0,10.0,28.0,14.0
31524,31.0,10.0,32.0,10.0
31525,31.0,10.0,27.0,17.0
31526,31.0,10.0,30.0,13.0
31527,31.0,10.0,31.0,10.0
31528,31.0,10.0,32.0,10.0
31529,31.0,10.0,28.0,14.0
31530,31.0,10.0,31.0,10.0
31531,31.0,10.0,28.0,14.0
31532,31.0,10.0,30.0,13.0
31533,31.0,10.0,30.0,13.0
31534,31.0,10.0,30.0,13.0
31535,31.0,10.0,27.0,17.0
31536,31.0,10.0,27.0,17.0
31537,31.0,10.0,32.0,10.0
31538,31.0,10.0,32.0,10.0
31539,31.0,10.0,26.0,12.0
31540,31.0,10.0,27.0,17.0
31541,31.0,10.0,28.0,14.0
31542,31.0,10.0,31.0,10.0
31543,31.0,10.0,28.0,14.0
31544,31.0,10.0,31.0,10.0
31545,31.0,10.0,31.0,10.0
31546,31.0,10.0,26.0,12.0
31547,31.0,10.0,31.0,10.0
31548,31.0,10.0,31.0,10.0
31549,31.0,10.0,28.0,14.0
31550,31.0,10.0,31.0,11.0
31551,31.0,10.0,27.0,17.0
31552,31.0,10.0,31.0,10.0
31553,31.0,10.0,26.0,12.0
31554,31.0,10.0,31.0,10.0
31555,31.0,10.0,28.0,14.0
31556,31.0,10.0,31.0,11.0
31557,31.0,10.0,31.0,11.0
31558,31.0,10.0,26.0,12.0
31559,31.0,10.0,31.0,10.0
31560,31.0,10.0,27.0,17.0
31561,31.0,10.0,32.0,10.0
31562,31.0,10.0,31.0,10.0
31563,31.0,10.0,32.0,10.0
31564,31.0,10.0,31.0,10.0
31565,31.0,10.0,32.0,10.0
31566,31.0,10.0,30.0,13.0
31567,31.0,10.0,31.0,11.0
31568,31.0,10.0,26.0,12.0
31569,31.0,10.0,27.0,17.0
31570,31.0,10.0,31.0,10.0
31571,31.0,10.0,31.0,10.0
31572,31.0,10.0,28.0,14.0
31573,31.0,10.0,28.0,14.0
31574,31.0,10.0,32.0,10.0
31575,31.0,10.0,30.0,13.0
31576,31.0,10.0,31.0,11.0
31577,31.0,10.0,26.0,12.0
31578,31.0,10.0,31.0,11.0
31579,31.0,10.0,32.0,10.0
31580,31.0,10.0,31.0,10.0
31581,31.0,10.0,28.0,14.0
31582,31.0,10.0,31.0,11.0
31583,31.0,10.0,28.0,14.0
31584,31.0,10.0,31.0,10.0
31585,31.0,10.0,27.0,17.0
31586,31.0,10.0,32.0,10.0
31587,31.0,10.0,30.0,13.0
31588,31.0,10.0,31.0,11.0
31589,31.0,10.0,31.0,10.0
31590,31.0,10.0,26.0,12.0
31591,31.0,10.0,31.0,10.0
31592,31.0,10.0,27.0,17.0
31593,31.0,10.0,32.0,10.0
31594,31.0,10.0,31.0,10.0
31595,31.0,10.0,30.0,13.0
31596,31.0,10.0,27.0,17.0
31597,31.0,10.0,27.0,17.0
31598,31.0,10.0,32.0,10.0
31599,31.0,10.0,32.0,10.0
31600,31.0,10.0,31.0,10.0
31601,31.0,10.0,31.0,10.0
31602,31.0,10.0,32.0,10.0
31603,31.0,10.0,32.0,10.0
31604,31.0,10.0,31.0,10.0
31605,31.0,10.0,26.0,12.0
31606,31.0,10.0,31.0,10.0
31607,31.0,10.0,31.0,10.0
31608,31.0,10.0,30.0,13.0
31609,31.0,10.0,31.0,10.0
31610,31.0,10.0,28.0,14.0
31611,31.0,10.0,30.0,13.0
31612,31.0,10.0,26.0,12.0
31613,31.0,10.0,31.0,11.0
31614,31.0,10.0,32.0,10.0
31615,31.0,10.0,26.0,12.0
31616,31.0,10.0,30.0,13.0
31617,31.0,10.0,27.0,17.0
31618,31.0,10.0,31.0,11.0
31619,31.0,10.0,27.0,17.0
31620,31.0,10.0,31.0,10.0
31621,31.0,10.0,31.0,11.0
31622,31.0,10.0,28.0,14.0
31623,31.0,10.0,31.0,10.0
31624,31.0,10.0,26.0,12.0
31625,31.0,10.0,26.0,12.0
31626,31.0,10.0,27.0,17.0
31627,31.0,10.0,26.0,12.0
31628,31.0,10.0,28.0,14.0
31629,31.0,10.0,30.0,13.0
31630,31.0,10.0,31.0,10.0
31631,31.0,10.0,31.0,10.0
31632,31.0,10.0,28.0,14.0
31633,31.0,10.0,27.0,17.0
31634,31.0,10.0,27.0,17.0
31635,31.0,10.0,31.0,11.0
31636,31.0,10.0,28.0,14.0
31637,31.0,10.0,28.0,14.0
31638,31.0,10.0,31.0,10.0
31639,31.0,10.0,31.0,11.0
31640,31.0,10.0,27.0,17.0
31641,31.0,10.0,32.0,10.0
31642,31.0,10.0,27.0,17.0
31643,31.0,10.0,30.0,13.0
31644,31.0,10.0,31.0,10.0
31645,31.0,10.0,32.0,10.0
31646,31.0,10.0,26.0,12.0
31647,31.0,10.0,32.0,10.0
31648,31.0,10.0,31.0,10.0
31649,31.0,10.0,26.0,12.0
31650,31.0,10.0,32.0,10.0
31651,31.0,10.0,27.0,17.0
31652,31.0,10.0,32.0,10.0
31653,31.0,10.0,26.0,12.0
31654,31.0,10.0,26.0,12.0
31655,31.0,10.0,32.0,10.0
31656,31.0,10.0,31.0,10.0
31657,31.0,10.0,31.0,10.0
31658,31.0,10.0,31.0,10.0
31659,31.0,10.0,31.0,10.0
31660,31.0,10.0,32.0,10.0
31661,31.0,10.0,32.0,10.0
31662,31.0,10.0,30.0,13.0
31663,31.0,10.0,30.0,13.0
31664,31.0,10.0,31.0,10.0
31665,31.0,10.0,32.0,10.0
31666,31.0,10.0,28.0,14.0
31667,31.0,10.0,32.0,10.0
31668,31.0,10.0,31.0,10.0
31669,31.0,10.0,30.0,13.0
31670,31.0,10.0,32.0,10.0
31671,31.0,10.0,30.0,13.0
31672,31.0,10.0,27.0,17.0
31673,31.0,10.0,31.0,10.0
31674,31.0,10.0,31.0,10.0
31675,31.0,10.0,27.0,17.0
31676,31.0,10.0,31.0,11.0
31677,31.0,10.0,30.0,13.0
31678,31.0,10.0,31.0,10.0
31679,31.0,10.0,28.0,14.0
31680,31.0,10.0,28.0,14.0
31681,31.0,10.0,27.0,17.0
31682,31.0,10.0,28.0,14.0
31683,31.0,10.0,28.0,14.0
31684,31.0,10.0,30.0,13.0
31685,31.0,10.0,31.0,10.0
31686,31.0,10.0,26.0,12.0
31687,31.0,10.0,28.0,14.0
31688,31.0,10.0,27.0,17.0
31689,31.0,10.0,28.0,14.0
31690,31.0,10.0,31.0,11.0
31691,31.0,10.0,31.0,11.0
31692,31.0,10.0,31.0,10.0
31693,31.0,10.0,31.0,10.0
31694,31.0,10.0,27.0,17.0
31695,31.0,10.0,31.0,10.0
31696,31.0,10.0,31.0,11.0
31697,31.0,10.0,31.0,10.0
31698,31.0,10.0,31.0,11.0
31699,31.0,10.0,31.0,10.0
31700,31.0,10.0,31.0,11.0
31701,31.0,10.0,31.0,10.0
31702,31.0,10.0,26.0,12.0
31703,31.0,10.0,26.0,12.0
31704,31.0,10.0,31.0,11.0
31705,31.0,10.0,27.0,17.0
31706,31.0,10.0,31.0,11.0
31707,31.0,10.0,31.0,11.0
31708,31.0,10.0,27.0,17.0
31709,31.0,10.0,31.0,10.0
31710,31.0,10.0,31.0,10.0
31711,31.0,10.0,31.0,10.0
31712,31.0,10.0,31.0,10.0
31713,31.0,10.0,32.0,10.0
31714,31.0,10.0,31.0,10.0
31715,31.0,10.0,26.0,12.0
31716,31.0,10.0,31.0,10.0
31717,31.0,10.0,30.0,13.0
31718,31.0,10.0,27.0,17.0
31719,31.0,10.0,32.0,10.0
31720,31.0,10.0,26.0,12.0
31721,31.0,10.0,28.0,14.0
31722,31.0,10.0,31.0,10.0
31723,31.0,10.0,31.0,10.0
31724,31.0,10.0,31.0,10.0
31725,31.0,10.0,31.0,10.0
31726,31.0,10.0,32.0,10.0
31727,31.0,10.0,28.0,14.0
31728,31.0,10.0,28.0,14.0
31729,31.0,10.0,31.0,10.0
31730,31.0,10.0,30.0,13.0
31731,31.0,10.0,27.0,17.0
31732,31.0,10.0,30.0,13.0
31733,31.0,10.0,31.0,11.0
31734,31.0,10.0,28.0,14.0
31735,31.0,10.0,28.0,14.0
31736,31.0,10.0,28.0,14.0
31737,31.0,10.0,31.0,11.0
31738,31.0,10.0,28.0,14.0
31739,31.0,10.0,26.0,12.0
31740,31.0,10.0,31.0,11.0
31741,31.0,10.0,30.0,13.0
31742,31.0,10.0,32.0,10.0
31743,31.0,10.0,30.0,13.0
31744,31.0,10.0,28.0,14.0
31745,31.0,10.0,32.0,10.0
31746,31.0,10.0,28.0,14.0
31747,31.0,10.0,28.0,14.0
31748,31.0,10.0,31.0,10.0
31749,31.0,10.0,31.0,10.0
31750,31.0,10.0,32.0,10.0
31751,31.0,10.0,27.0,17.0
31752,31.0,10.0,27.0,17.0
31753,31.0,10.0,27.0,17.0
31754,31.0,10.0,31.0,11.0
31755,31.0,10.0,26.0,12.0
31756,31.0,10.0,31.0,11.0
31757,31.0,10.0,31.0,10.0
31758,31.0,10.0,31.0,10.0
31759,31.0,10.0,32.0,10.0
31760,31.0,10.0,31.0,10.0
31761,31.0,10.0,31.0,10.0
31762,31.0,10.0,26.0,12.0
31763,31.0,10.0,27.0,17.0
31764,31.0,10.0,31.0,11.0
31765,31.0,10.0,31.0,11.0
31766,31.0,10.0,28.0,14.0
31767,31.0,10.0,31.0,10.0
31768,31.0,10.0,30.0,13.0
31769,31.0,10.0,31.0,11.0
31770,31.0,10.0,32.0,10.0
31771,31.0,10.0,31.0,10.0
31772,31.0,10.0,26.0,12.0
31773,31.0,10.0,30.0,13.0
31774,31.0,10.0,28.0,14.0
31775,31.0,10.0,27.0,17.0
31776,31.0,10.0,31.0,11.0
31777,31.0,10.0,26.0,12.0
31778,31.0,10.0,28.0,14.0
31779,31.0,10.0,27.0,17.0
31780,31.0,10.0,28.0,14.0
31781,31.0,10.0,31.0,10.0
31782,31.0,10.0,31.0,10.0
31783,31.0,10.0,31.0,10.0
31784,31.0,10.0,27.0,17.0
31785,31.0,10.0,32.0,10.0
31786,31.0,10.0,27.0,17.0
31787,31.0,10.0,32.0,10.0
31788,31.0,10.0,31.0,10.0
31789,31.0,10.0,28.0,14.0
31790,31.0,10.0,31.0,10.0
31791,31.0,10.0,31.0,10.0
31792,31.0,10.0,31.0,10.0
31793,31.0,10.0,31.0,10.0
31794,31.0,10.0,32.0,10.0
31795,31.0,10.0,32.0,10.0
31796,31.0,10.0,26.0,12.0
31797,31.0,10.0,31.0,10.0
31798,31.0,10.0,30.0,13.0
31799,31.0,10.0,31.0,10.0
31800,31.0,10.0,31.0,10.0
31801,31.0,10.0,27.0,17.0
31802,31.0,10.0,32.0,10.0
31803,31.0,10.0,27.0,17.0
31804,31.0,10.0,28.0,14.0
31805,31.0,10.0,27.0,17.0
31806,31.0,10.0,26.0,12.0
31807,31.0,10.0,31.0,10.0
31808,31.0,10.0,32.0,10.0
31809,31.0,10.0,28.0,14.0
31810,31.0,10.0,31.0,10.0
31811,31.0,10.0,32.0,10.0
31812,31.0,10.0,32.0,10.0
31813,31.0,10.0,31.0,10.0
31814,31.0,10.0,30.0,13.0
31815,31.0,10.0,31.0,10.0
31816,31.0,10.0,27.0,17.0
31817,31.0,10.0,28.0,14.0
31818,31.0,10.0,32.0,10.0
31819,31.0,10.0,30.0,13.0
31820,31.0,10.0,31.0,10.0
31821,31.0,10.0,27.0,17.0
31822,31.0,10.0,30.0,13.0
31823,31.0,10.0,31.0,10.0
31824,31.0,10.0,26.0,12.0
31825,31.0,10.0,26.0,12.0
31826,31.0,10.0,26.0,12.0
31827,31.0,10.0,27.0,17.0
31828,31.0,10.0,31.0,10.0
31829,31.0,10.0,28.0,14.0
31830,31.0,10.0,31.0,10.0
31831,31.0,10.0,32.0,10.0
31832,31.0,10.0,32.0,10.0
31833,31.0,10.0,30.0,13.0
31834,31.0,10.0,32.0,10.0
31835,31.0,10.0,31.0,11.0
31836,31.0,10.0,28.0,14.0
31837,31.0,10.0,28.0,14.0
31838,31.0,10.0,30.0,13.0
31839,31.0,10.0,28.0,14.0
31840,31.0,10.0,27.0,17.0
31841,31.0,10.0,31.0,11.0
31842,31.0,10.0,27.0,17.0
31843,31.0,10.0,26.0,12.0
31844,31.0,10.0,32.0,10.0
31845,31.0,10.0,27.0,17.0
31846,31.0,10.0,28.0,14.0
31847,31.0,10.0,31.0,11.0
31848,31.0,10.0,32.0,10.0
31849,31.0,10.0,31.0,10.0
31850,31.0,10.0,31.0,10.0
31851,31.0,10.0,32.0,10.0
31852,31.0,10.0,32.0,10.0
31853,31.0,10.0,30.0,13.0
31854,31.0,10.0,32.0,10.0
31855,31.0,10.0,28.0,14.0
31856,31.0,10.0,30.0,13.0
31857,31.0,10.0,30.0,13.0
31858,31.0,10.0,26.0,12.0
31859,31.0,10.0,31.0,10.0
31860,31.0,10.0,30.0,13.0
31861,31.0,10.0,27.0,17.0
31862,31.0,10.0,30.0,13.0
31863,31.0,10.0,26.0,12.0
31864,31.0,10.0,32.0,10.0
31865,31.0,10.0,30.0,13.0
31866,31.0,10.0,31.0,10.0
31867,31.0,10.0,31.0,11.0
31868,31.0,10.0,28.0,14.0
31869,31.0,10.0,28.0,14.0
31870,31.0,10.0,32.0,10.0
31871,31.0,10.0,31.0,10.0
31872,31.0,10.0,31.0,10.0
31873,31.0,10.0,32.0,10.0
31874,31.0,10.0,30.0,13.0
31875,31.0,10.0,31.0,10.0
31876,31.0,10.0,31.0,11.0
31877,31.0,10.0,31.0,10.0
31878,31.0,10.0,26.0,12.0
31879,31.0,10.0,32.0,10.0
31880,31.0,10.0,26.0,12.0
31881,31.0,10.0,28.0,14.0
31882,31.0,10.0,31.0,11.0
31883,31.0,10.0,32.0,10.0
31884,31.0,10.0,30.0,13.0
31885,31.0,10.0,26.0,12.0
31886,31.0,10.0,26.0,12.0
31887,31.0,10.0,31.0,10.0
31888,31.0,10.0,31.0,11.0
31889,31.0,10.0,31.0,11.0
31890,31.0,10.0,31.0,10.0
31891,31.0,10.0,26.0,12.0
31892,31.0,10.0,30.0,13.0
31893,31.0,10.0,30.0,13.0
31894,31.0,10.0,26.0,12.0
31895,31.0,10.0,28.0,14.0
31896,31.0,10.0,31.0,10.0
31897,31.0,10.0,28.0,14.0
31898,31.0,10.0,31.0,11.0
31899,31.0,10.0,31.0,10.0
31900,31.0,10.0,31.0,11.0
31901,31.0,10.0,26.0,12.0
31902,31.0,10.0,31.0,10.0
31903,31.0,10.0,31.0,10.0
31904,31.0,10.0,31.0,10.0
31905,31.0,10.0,30.0,13.0
31906,31.0,10.0,31.0,10.0
31907,31.0,10.0,31.0,10.0
31908,31.0,10.0,27.0,17.0
31909,31.0,10.0,28.0,14.0
31910,31.0,10.0,30.0,13.0
31911,31.0,10.0,26.0,12.0
31912,31.0,10.0,32.0,10.0
31913,31.0,10.0,31.0,10.0
31914,31.0,10.0,31.0,10.0
31915,31.0,10.0,31.0,11.0
31916,31.0,10.0,28.0,14.0
31917,31.0,10.0,28.0,14.0
31918,31.0,10.0,26.0,12.0
31919,31.0,10.0,31.0,11.0
31920,31.0,10.0,27.0,17.0
31921,31.0,10.0,32.0,10.0
31922,31.0,10.0,32.0,10.0
31923,31.0,10.0,32.0,10.0
31924,31.0,10.0,26.0,12.0
31925,31.0,10.0,27.0,17.0
31926,31.0,10.0,27.0,17.0
31927,31.0,10.0,26.0,12.0
31928,31.0,10.0,28.0,14.0
31929,31.0,10.0,31.0,10.0
31930,31.0,10.0,31.0,10.0
31931,31.0,10.0,31.0,10.0
31932,31.0,10.0,32.0,10.0
31933,31.0,10.0,27.0,17.0
31934,31.0,10.0,31.0,10.0
31935,31.0,10.0,26.0,12.0
31936,31.0,10.0,32.0,10.0
31937,31.0,10.0,31.0,11.0
31938,31.0,10.0,28.0,14.0
31939,31.0,10.0,31.0,11.0
31940,31.0,10.0,26.0,12.0
31941,31.0,10.0,31.0,11.0
31942,31.0,10.0,30.0,13.0
31943,31.0,10.0,31.0,10.0
31944,31.0,10.0,26.0,12.0
31945,31.0,10.0,26.0,12.0
31946,31.0,10.0,31.0,11.0
31947,31.0,10.0,32.0,10.0
31948,31.0,10.0,31.0,10.0
31949,31.0,10.0,31.0,10.0
31950,31.0,10.0,30.0,13.0
31951,31.0,10.0,31.0,11.0
31952,31.0,10.0,30.0,13.0
31953,31.0,10.0,31.0,10.0
31954,31.0,10.0,32.0,10.0
31955,31.0,10.0,31.0,10.0
31956,31.0,10.0,31.0,10.0
31957,31.0,10.0,30.0,13.0
31958,31.0,10.0,31.0,11.0
31959,31.0,10.0,26.0,12.0
31960,31.0,10.0,28.0,14.0
31961,31.0,10.0,28.0,14.0
31962,31.0,10.0,28.0,14.0
31963,31.0,10.0,28.0,14.0
31964,31.0,10.0,31.0,11.0
31965,31.0,10.0,31.0,10.0
31966,31.0,10.0,31.0,10.0
31967,31.0,10.0,31.0,10.0
31968,31.0,10.0,32.0,10.0
31969,31.0,10.0,31.0,10.0
31970,31.0,10.0,27.0,17.0
31971,31.0,10.0,30.0,13.0
31972,31.0,10.0,31.0,10.0
31973,31.0,10.0,27.0,17.0
31974,31.0,10.0,31.0,10.0
31975,31.0,10.0,27.0,17.0
31976,31.0,10.0,28.0,14.0
31977,31.0,10.0,31.0,10.0
31978,31.0,10.0,27.0,17.0
31979,31.0,10.0,31.0,10.0
31980,31.0,10.0,26.0,12.0
31981,31.0,10.0,31.0,10.0
31982,31.0,10.0,32.0,10.0
31983,31.0,10.0,31.0,10.0
31984,31.0,10.0,30.0,13.0
31985,31.0,10.0,31.0,10.0
31986,31.0,10.0,26.0,12.0
31987,31.0,10.0,26.0,12.0
31988,31.0,10.0,31.0,10.0
31989,31.0,10.0,27.0,17.0
31990,31.0,10.0,31.0,10.0
31991,31.0,10.0,26.0,12.0
31992,31.0,10.0,31.0,10.0
31993,31.0,10.0,31.0,11.0
31994,31.0,10.0,27.0,17.0
31995,31.0,10.0,31.0,10.0
31996,31.0,10.0,31.0,11.0
31997,31.0,10.0,31.0,11.0
31998,31.0,10.0,31.0,10.0
31999,31.0,10.0,28.0,14.0
32000,31.0,10.0,31.0,10.0
32001,31.0,10.0,31.0,10.0
32002,31.0,10.0,26.0,12.0
32003,31.0,10.0,31.0,10.0
32004,31.0,10.0,31.0,11.0
32005,31.0,10.0,31.0,10.0
32006,31.0,10.0,31.0,10.0
32007,31.0,10.0,32.0,10.0
32008,31.0,10.0,28.0,14.0
32009,31.0,10.0,26.0,12.0
32010,31.0,10.0,31.0,10.0
32011,31.0,10.0,31.0,10.0
32012,31.0,10.0,26.0,12.0
32013,31.0,10.0,30.0,13.0
32014,31.0,10.0,30.0,13.0
32015,31.0,10.0,31.0,11.0
32016,31.0,10.0,27.0,17.0
32017,31.0,10.0,31.0,10.0
32018,31.0,10.0,27.0,17.0
32019,31.0,10.0,30.0,13.0
32020,31.0,10.0,30.0,13.0
32021,31.0,10.0,26.0,12.0
32022,31.0,10.0,32.0,10.0
32023,31.0,10.0,27.0,17.0
32024,31.0,10.0,31.0,10.0
32025,31.0,10.0,31.0,11.0
32026,31.0,10.0,27.0,17.0
32027,31.0,10.0,28.0,14.0
32028,31.0,10.0,32.0,10.0
32029,31.0,10.0,26.0,12.0
32030,31.0,10.0,31.0,10.0
32031,31.0,10.0,28.0,14.0
32032,31.0,10.0,31.0,10.0
32033,31.0,10.0,31.0,10.0
32034,31.0,10.0,28.0,14.0
32035,31.0,10.0,31.0,10.0
32036,31.0,10.0,31.0,10.0
32037,31.0,10.0,30.0,13.0
32038,31.0,10.0,27.0,17.0
32039,31.0,10.0,31.0,10.0
32040,31.0,10.0,26.0,12.0
32041,31.0,10.0,31.0,11.0
32042,31.0,10.0,31.0,11.0
32043,31.0,10.0,27.0,17.0
32044,31.0,10.0,31.0,10.0
32045,31.0,10.0,28.0,14.0
32046,31.0,10.0,26.0,12.0
32047,31.0,10.0,31.0,11.0
32048,31.0,10.0,28.0,14.0
32049,31.0,10.0,31.0,10.0
32050,31.0,10.0,31.0,10.0
32051,31.0,10.0,31.0,11.0
32052,31.0,10.0,26.0,12.0
32053,31.0,10.0,31.0,10.0
32054,31.0,10.0,28.0,14.0
32055,31.0,10.0,28.0,14.0
32056,31.0,10.0,31.0,11.0
32057,31.0,10.0,30.0,13.0
32058,31.0,10.0,32.0,10.0
32059,31.0,10.0,32.0,10.0
32060,31.0,10.0,26.0,12.0
32061,31.0,10.0,30.0,13.0
32062,31.0,10.0,26.0,12.0
32063,31.0,10.0,32.0,10.0
32064,31.0,10.0,27.0,17.0
32065,31.0,10.0,26.0,12.0
32066,31.0,10.0,30.0,13.0
32067,31.0,10.0,31.0,10.0
32068,31.0,10.0,27.0,17.0
32069,31.0,10.0,26.0,12.0
32070,31.0,10.0,31.0,10.0
32071,31.0,10.0,30.0,13.0
32072,31.0,10.0,31.0,10.0
32073,31.0,10.0,27.0,17.0
32074,31.0,10.0,31.0,10.0
32075,31.0,10.0,31.0,11.0
32076,31.0,10.0,26.0,12.0
32077,31.0,10.0,30.0,13.0
32078,31.0,10.0,32.0,10.0
32079,31.0,10.0,28.0,14.0
32080,31.0,10.0,31.0,11.0
32081,31.0,10.0,31.0,10.0
32082,31.0,10.0,31.0,10.0
32083,31.0,10.0,30.0,13.0
32084,31.0,10.0,31.0,10.0
32085,31.0,10.0,31.0,10.0
32086,31.0,10.0,30.0,13.0
32087,31.0,10.0,32.0,10.0
32088,31.0,10.0,31.0,10.0
32089,31.0,10.0,28.0,14.0
32090,31.0,10.0,31.0,10.0
32091,31.0,10.0,30.0,13.0
32092,31.0,10.0,31.0,11.0
32093,31.0,10.0,32.0,10.0
32094,31.0,10.0,32.0,10.0
32095,31.0,10.0,27.0,17.0
32096,31.0,10.0,26.0,12.0
32097,31.0,10.0,27.0,17.0
32098,31.0,10.0,31.0,10.0
32099,31.0,10.0,31.0,10.0
32100,31.0,10.0,30.0,13.0
32101,31.0,10.0,26.0,12.0
32102,31.0,10.0,26.0,12.0
32103,31.0,10.0,31.0,10.0
32104,31.0,10.0,31.0,10.0
32105,31.0,10.0,31.0,11.0
32106,31.0,10.0,31.0,11.0
32107,31.0,10.0,31.0,10.0
32108,31.0,10.0,31.0,10.0
32109,31.0,10.0,31.0,10.0
32110,31.0,10.0,30.0,13.0
32111,31.0,10.0,31.0,10.0
32112,31.0,10.0,31.0,10.0
32113,31.0,10.0,26.0,12.0
32114,31.0,10.0,28.0,14.0
32115,31.0,10.0,27.0,17.0
32116,31.0,10.0,26.0,12.0
32117,31.0,10.0,32.0,10.0
32118,31.0,10.0,28.0,14.0
32119,31.0,10.0,32.0,10.0
32120,31.0,10.0,31.0,10.0
32121,31.0,10.0,30.0,13.0
32122,31.0,10.0,31.0,10.0
32123,31.0,10.0,30.0,13.0
32124,31.0,10.0,31.0,10.0
32125,31.0,10.0,32.0,10.0
32126,31.0,10.0,28.0,14.0
32127,31.0,10.0,31.0,11.0
32128,31.0,10.0,27.0,17.0
32129,31.0,10.0,31.0,10.0
32130,31.0,10.0,30.0,13.0
32131,31.0,10.0,31.0,10.0
32132,31.0,10.0,31.0,10.0
32133,31.0,10.0,31.0,10.0
32134,31.0,10.0,31.0,10.0
32135,31.0,10.0,31.0,10.0
32136,31.0,10.0,32.0,10.0
32137,31.0,10.0,31.0,10.0
32138,31.0,10.0,32.0,10.0
32139,31.0,10.0,27.0,17.0
32140,31.0,10.0,27.0,17.0
32141,31.0,10.0,31.0,11.0
32142,31.0,10.0,31.0,11.0
32143,31.0,10.0,31.0,10.0
32144,31.0,10.0,30.0,13.0
32145,31.0,10.0,31.0,10.0
32146,31.0,10.0,26.0,12.0
32147,31.0,10.0,27.0,17.0
32148,31.0,10.0,32.0,10.0
32149,31.0,10.0,31.0,10.0
32150,31.0,10.0,31.0,10.0
32151,31.0,10.0,31.0,10.0
32152,31.0,10.0,30.0,13.0
32153,31.0,10.0,27.0,17.0
32154,31.0,10.0,27.0,17.0
32155,31.0,10.0,28.0,14.0
32156,31.0,10.0,31.0,10.0
32157,31.0,10.0,27.0,17.0
32158,31.0,10.0,30.0,13.0
32159,31.0,10.0,31.0,10.0
32160,31.0,10.0,27.0,17.0
32161,31.0,10.0,31.0,10.0
32162,31.0,10.0,31.0,10.0
32163,31.0,10.0,27.0,17.0
32164,31.0,10.0,28.0,14.0
32165,31.0,10.0,26.0,12.0
32166,31.0,10.0,31.0,10.0
32167,31.0,10.0,31.0,10.0
32168,31.0,10.0,31.0,10.0
32169,31.0,10.0,31.0,10.0
32170,31.0,10.0,31.0,10.0
32171,31.0,10.0,30.0,13.0
32172,31.0,10.0,31.0,11.0
32173,31.0,10.0,28.0,14.0
32174,31.0,10.0,31.0,10.0
32175,31.0,10.0,31.0,11.0
32176,31.0,10.0,31.0,10.0
32177,31.0,10.0,31.0,10.0
32178,31.0,10.0,31.0,10.0
32179,31.0,10.0,26.0,12.0
32180,31.0,10.0,31.0,10.0
32181,31.0,10.0,30.0,13.0
32182,31.0,10.0,32.0,10.0
32183,31.0,10.0,31.0,10.0
32184,31.0,10.0,28.0,14.0
32185,31.0,10.0,31.0,10.0
32186,31.0,10.0,32.0,10.0
32187,31.0,10.0,28.0,14.0
32188,31.0,10.0,26.0,12.0
32189,31.0,10.0,31.0,10.0
32190,31.0,10.0,31.0,11.0
32191,31.0,10.0,26.0,12.0
32192,31.0,10.0,31.0,11.0
32193,31.0,10.0,31.0,10.0
32194,31.0,10.0,31.0,11.0
32195,31.0,10.0,26.0,12.0
32196,31.0,10.0,26.0,12.0
32197,31.0,10.0,31.0,10.0
32198,31.0,10.0,31.0,10.0
32199,31.0,10.0,31.0,11.0
32200,31.0,10.0,27.0,17.0
32201,31.0,10.0,31.0,10.0
32202,31.0,10.0,31.0,10.0
32203,31.0,10.0,32.0,10.0
32204,31.0,10.0,27.0,17.0
32205,31.0,10.0,31.0,10.0
32206,31.0,10.0,26.0,12.0
32207,31.0,10.0,27.0,17.0
32208,31.0,10.0,27.0,17.0
32209,31.0,10.0,26.0,12.0
32210,31.0,10.0,28.0,14.0
32211,31.0,10.0,31.0,10.0
32212,31.0,10.0,26.0,12.0
32213,31.0,10.0,30.0,13.0
32214,31.0,10.0,26.0,12.0
32215,31.0,10.0,31.0,11.0
32216,31.0,10.0,31.0,10.0
32217,31.0,10.0,26.0,12.0
32218,31.0,10.0,27.0,17.0
32219,31.0,10.0,31.0,10.0
32220,31.0,10.0,31.0,10.0
32221,31.0,10.0,26.0,12.0
32222,31.0,10.0,31.0,10.0
32223,31.0,10.0,26.0,12.0
32224,31.0,10.0,31.0,10.0
32225,31.0,10.0,31.0,10.0
32226,31.0,10.0,32.0,10.0
32227,31.0,10.0,31.0,10.0
32228,31.0,10.0,31.0,11.0
32229,31.0,10.0,31.0,10.0
32230,31.0,10.0,31.0,11.0
32231,31.0,10.0,30.0,13.0
32232,31.0,10.0,26.0,12.0
32233,31.0,10.0,27.0,17.0
32234,31.0,10.0,30.0,13.0
32235,31.0,10.0,31.0,10.0
32236,31.0,10.0,31.0,10.0
32237,31.0,10.0,28.0,14.0
32238,31.0,10.0,31.0,10.0
32239,31.0,10.0,27.0,17.0
32240,31.0,10.0,31.0,10.0
32241,31.0,10.0,31.0,10.0
32242,31.0,10.0,30.0,13.0
32243,31.0,10.0,32.0,10.0
32244,31.0,10.0,28.0,14.0
32245,31.0,10.0,30.0,13.0
32246,31.0,10.0,31.0,11.0
32247,31.0,10.0,31.0,10.0
32248,31.0,10.0,31.0,10.0
32249,31.0,10.0,28.0,14.0
32250,31.0,10.0,27.0,17.0
32251,31.0,10.0,26.0,12.0
32252,31.0,10.0,31.0,10.0
32253,31.0,10.0,31.0,11.0
32254,31.0,10.0,31.0,10.0
32255,31.0,10.0,31.0,10.0
32256,31.0,10.0,32.0,10.0
32257,31.0,10.0,31.0,10.0
32258,31.0,10.0,31.0,10.0
32259,31.0,10.0,28.0,14.0
32260,31.0,10.0,27.0,17.0
32261,31.0,10.0,31.0,10.0
32262,31.0,10.0,27.0,17.0
32263,31.0,10.0,27.0,17.0
32264,31.0,10.0,31.0,10.0
32265,31.0,10.0,27.0,17.0
32266,31.0,10.0,31.0,10.0
32267,31.0,10.0,30.0,13.0
32268,31.0,10.0,28.0,14.0
32269,31.0,10.0,31.0,10.0
32270,31.0,10.0,31.0,11.0
32271,31.0,10.0,28.0,14.0
32272,31.0,10.0,27.0,17.0
32273,31.0,10.0,30.0,13.0
32274,31.0,10.0,26.0,12.0
32275,31.0,10.0,28.0,14.0
32276,31.0,10.0,26.0,12.0
32277,31.0,10.0,31.0,10.0
32278,31.0,10.0,27.0,17.0
32279,31.0,10.0,31.0,10.0
32280,31.0,10.0,32.0,10.0
32281,31.0,10.0,32.0,10.0
32282,31.0,10.0,31.0,11.0
32283,31.0,10.0,30.0,13.0
32284,31.0,10.0,31.0,10.0
32285,31.0,10.0,31.0,10.0
32286,31.0,10.0,32.0,10.0
32287,31.0,10.0,31.0,10.0
32288,31.0,10.0,31.0,10.0
32289,31.0,10.0,26.0,12.0
32290,31.0,10.0,31.0,10.0
32291,31.0,10.0,30.0,13.0
32292,31.0,10.0,26.0,12.0
32293,31.0,10.0,30.0,13.0
32294,31.0,10.0,32.0,10.0
32295,31.0,10.0,28.0,14.0
32296,31.0,10.0,32.0,10.0
32297,31.0,10.0,31.0,10.0
32298,31.0,10.0,28.0,14.0
32299,31.0,10.0,30.0,13.0
32300,31.0,10.0,31.0,11.0
32301,31.0,10.0,31.0,10.0
32302,31.0,10.0,32.0,10.0
32303,31.0,10.0,31.0,10.0
32304,31.0,10.0,31.0,11.0
32305,31.0,10.0,28.0,14.0
32306,31.0,10.0,32.0,10.0
32307,31.0,10.0,26.0,12.0
32308,31.0,10.0,31.0,10.0
32309,31.0,10.0,32.0,10.0
32310,31.0,10.0,32.0,10.0
32311,31.0,10.0,26.0,12.0
32312,31.0,10.0,32.0,10.0
32313,31.0,10.0,31.0,10.0
32314,31.0,10.0,31.0,10.0
32315,31.0,10.0,32.0,10.0
32316,31.0,10.0,32.0,10.0
32317,31.0,10.0,30.0,13.0
32318,31.0,10.0,31.0,10.0
32319,31.0,10.0,30.0,13.0
32320,31.0,10.0,30.0,13.0
32321,31.0,10.0,31.0,10.0
32322,31.0,10.0,27.0,17.0
32323,31.0,10.0,28.0,14.0
32324,31.0,10.0,31.0,10.0
32325,31.0,10.0,32.0,10.0
32326,31.0,10.0,30.0,13.0
32327,31.0,10.0,31.0,10.0
32328,31.0,10.0,31.0,10.0
32329,31.0,10.0,28.0,14.0
32330,31.0,10.0,28.0,14.0
32331,31.0,10.0,31.0,10.0
32332,31.0,10.0,31.0,10.0
32333,31.0,10.0,32.0,10.0
32334,31.0,10.0,26.0,12.0
32335,31.0,10.0,31.0,10.0
32336,31.0,10.0,31.0,10.0
32337,31.0,10.0,27.0,17.0
32338,31.0,10.0,32.0,10.0
32339,31.0,10.0,31.0,10.0
32340,31.0,10.0,30.0,13.0
32341,31.0,10.0,32.0,10.0
32342,31.0,10.0,27.0,17.0
32343,31.0,10.0,31.0,10.0
32344,31.0,10.0,31.0,10.0
32345,31.0,10.0,31.0,10.0
32346,31.0,10.0,31.0,10.0
32347,31.0,10.0,27.0,17.0
32348,31.0,10.0,28.0,14.0
32349,31.0,10.0,30.0,13.0
32350,31.0,10.0,27.0,17.0
32351,31.0,10.0,28.0,14.0
32352,31.0,10.0,30.0,13.0
32353,31.0,10.0,31.0,10.0
32354,31.0,10.0,27.0,17.0
32355,31.0,10.0,26.0,12.0
32356,31.0,10.0,31.0,10.0
32357,31.0,10.0,28.0,14.0
32358,31.0,10.0,31.0,11.0
32359,31.0,10.0,31.0,10.0
32360,31.0,10.0,27.0,17.0
32361,31.0,10.0,31.0,11.0
32362,31.0,10.0,31.0,10.0
32363,31.0,10.0,27.0,17.0
32364,31.0,10.0,28.0,14.0
32365,31.0,10.0,31.0,10.0
32366,31.0,10.0,32.0,10.0
32367,31.0,10.0,32.0,10.0
32368,31.0,10.0,28.0,14.0
32369,31.0,10.0,27.0,17.0
32370,31.0,10.0,31.0,10.0
32371,31.0,10.0,28.0,14.0
32372,31.0,10.0,27.0,17.0
32373,31.0,10.0,28.0,14.0
32374,31.0,10.0,31.0,10.0
32375,31.0,10.0,31.0,10.0
32376,31.0,10.0,31.0,10.0
32377,31.0,10.0,31.0,10.0
32378,31.0,10.0,31.0,10.0
32379,31.0,10.0,26.0,12.0
32380,31.0,10.0,28.0,14.0
32381,31.0,10.0,30.0,13.0
32382,31.0,10.0,31.0,11.0
32383,31.0,10.0,31.0,11.0
32384,31.0,10.0,28.0,14.0
32385,31.0,10.0,26.0,12.0
32386,31.0,10.0,31.0,10.0
32387,31.0,10.0,30.0,13.0
32388,31.0,10.0,28.0,14.0
32389,31.0,10.0,26.0,12.0
32390,31.0,10.0,30.0,13.0
32391,31.0,10.0,31.0,10.0
32392,31.0,10.0,28.0,14.0
32393,31.0,10.0,32.0,10.0
32394,31.0,10.0,31.0,11.0
32395,31.0,10.0,32.0,10.0
32396,31.0,10.0,31.0,10.0
32397,31.0,10.0,32.0,10.0
32398,31.0,10.0,31.0,11.0
32399,31.0,10.0,26.0,12.0
32400,31.0,10.0,30.0,13.0
32401,31.0,10.0,31.0,11.0
32402,31.0,10.0,31.0,10.0
32403,31.0,10.0,27.0,17.0
32404,31.0,10.0,31.0,10.0
32405,31.0,10.0,31.0,10.0
32406,31.0,10.0,30.0,13.0
32407,31.0,10.0,31.0,10.0
32408,31.0,10.0,31.0,11.0
32409,31.0,10.0,31.0,11.0
32410,31.0,10.0,31.0,10.0
32411,31.0,10.0,28.0,14.0
32412,31.0,10.0,31.0,11.0
32413,31.0,10.0,31.0,10.0
32414,31.0,10.0,28.0,14.0
32415,31.0,10.0,32.0,10.0
32416,31.0,10.0,28.0,14.0
32417,31.0,10.0,27.0,17.0
32418,31.0,10.0,31.0,10.0
32419,31.0,10.0,28.0,14.0
32420,31.0,10.0,26.0,12.0
32421,31.0,10.0,28.0,14.0
32422,31.0,10.0,31.0,10.0
32423,31.0,10.0,27.0,17.0
32424,31.0,10.0,31.0,11.0
32425,31.0,10.0,26.0,12.0
32426,31.0,10.0,31.0,10.0
32427,31.0,10.0,32.0,10.0
32428,31.0,10.0,28.0,14.0
32429,31.0,10.0,31.0,10.0
32430,31.0,10.0,31.0,10.0
32431,31.0,10.0,31.0,11.0
32432,31.0,10.0,32.0,10.0
32433,31.0,10.0,28.0,14.0
32434,31.0,10.0,26.0,12.0
32435,31.0,10.0,26.0,12.0
32436,31.0,10.0,28.0,14.0
32437,31.0,10.0,28.0,14.0
32438,31.0,10.0,28.0,14.0
32439,31.0,10.0,31.0,10.0
32440,31.0,10.0,27.0,17.0
32441,31.0,10.0,28.0,14.0
32442,31.0,10.0,27.0,17.0
32443,31.0,10.0,26.0,12.0
32444,31.0,10.0,27.0,17.0
32445,31.0,10.0,31.0,10.0
32446,31.0,10.0,31.0,10.0
32447,31.0,10.0,31.0,11.0
32448,31.0,10.0,31.0,11.0
32449,31.0,10.0,28.0,14.0
32450,31.0,10.0,28.0,14.0
32451,31.0,10.0,31.0,10.0
32452,31.0,10.0,31.0,10.0
32453,31.0,10.0,26.0,12.0
32454,31.0,10.0,31.0,11.0
32455,31.0,10.0,31.0,11.0
32456,31.0,10.0,31.0,10.0
32457,31.0,10.0,32.0,10.0
32458,31.0,10.0,32.0,10.0
32459,31.0,10.0,31.0,11.0
32460,31.0,10.0,31.0,10.0
32461,31.0,10.0,31.0,10.0
32462,31.0,10.0,31.0,10.0
32463,31.0,10.0,28.0,14.0
32464,31.0,10.0,28.0,14.0
32465,31.0,10.0,28.0,14.0
32466,31.0,10.0,31.0,11.0
32467,31.0,10.0,31.0,10.0
32468,31.0,10.0,31.0,10.0
32469,31.0,10.0,32.0,10.0
32470,31.0,10.0,31.0,10.0
32471,31.0,10.0,32.0,10.0
32472,31.0,10.0,27.0,17.0
32473,31.0,10.0,28.0,14.0
32474,31.0,10.0,31.0,10.0
32475,31.0,10.0,31.0,10.0
32476,31.0,10.0,31.0,10.0
32477,31.0,10.0,32.0,10.0
32478,31.0,10.0,30.0,13.0
32479,31.0,10.0,26.0,12.0
32480,31.0,10.0,26.0,12.0
32481,31.0,10.0,27.0,17.0
32482,31.0,10.0,32.0,10.0
32483,31.0,10.0,26.0,12.0
32484,31.0,10.0,30.0,13.0
32485,31.0,10.0,31.0,11.0
32486,31.0,10.0,31.0,10.0
32487,31.0,10.0,31.0,10.0
32488,31.0,10.0,31.0,11.0
32489,31.0,10.0,31.0,10.0
32490,31.0,10.0,31.0,10.0
32491,31.0,10.0,31.0,10.0
32492,31.0,10.0,32.0,10.0
32493,31.0,10.0,31.0,10.0
32494,31.0,10.0,31.0,10.0
32495,31.0,10.0,28.0,14.0
32496,31.0,10.0,31.0,10.0
32497,31.0,10.0,31.0,10.0
32498,31.0,10.0,30.0,13.0
32499,31.0,10.0,31.0,10.0
32500,31.0,10.0,26.0,12.0
32501,31.0,10.0,28.0,14.0
32502,31.0,10.0,31.0,10.0
32503,31.0,10.0,28.0,14.0
32504,31.0,10.0,26.0,12.0
32505,31.0,10.0,26.0,12.0
32506,31.0,10.0,28.0,14.0
32507,31.0,10.0,32.0,10.0
32508,31.0,10.0,27.0,17.0
32509,31.0,10.0,31.0,10.0
32510,31.0,10.0,31.0,10.0
32511,31.0,10.0,27.0,17.0
32512,31.0,10.0,28.0,14.0
32513,31.0,10.0,28.0,14.0
32514,31.0,10.0,26.0,12.0
32515,31.0,10.0,31.0,11.0
32516,31.0,10.0,32.0,10.0
32517,31.0,10.0,31.0,10.0
32518,31.0,10.0,31.0,10.0
32519,31.0,10.0,30.0,13.0
32520,31.0,10.0,31.0,10.0
32521,31.0,10.0,28.0,14.0
32522,31.0,10.0,31.0,10.0
32523,31.0,10.0,31.0,10.0
32524,31.0,10.0,28.0,14.0
32525,31.0,10.0,30.0,13.0
32526,31.0,10.0,31.0,10.0
32527,31.0,10.0,27.0,17.0
32528,31.0,10.0,31.0,11.0
32529,31.0,10.0,30.0,13.0
32530,31.0,10.0,32.0,10.0
32531,31.0,10.0,28.0,14.0
32532,31.0,10.0,32.0,10.0
32533,31.0,10.0,31.0,10.0
32534,31.0,10.0,28.0,14.0
32535,31.0,10.0,28.0,14.0
32536,31.0,10.0,27.0,17.0
32537,31.0,10.0,32.0,10.0
32538,31.0,10.0,31.0,10.0
32539,31.0,10.0,28.0,14.0
32540,31.0,10.0,28.0,14.0
32541,31.0,10.0,31.0,11.0
32542,31.0,10.0,28.0,14.0
32543,31.0,10.0,30.0,13.0
32544,31.0,10.0,26.0,12.0
32545,31.0,10.0,31.0,10.0
32546,31.0,10.0,28.0,14.0
32547,31.0,10.0,32.0,10.0
32548,31.0,10.0,27.0,17.0
32549,31.0,10.0,28.0,14.0
32550,31.0,10.0,31.0,10.0
32551,31.0,10.0,31.0,10.0
32552,31.0,10.0,28.0,14.0
32553,31.0,10.0,31.0,11.0
32554,31.0,10.0,26.0,12.0
32555,31.0,10.0,31.0,10.0
32556,31.0,10.0,32.0,10.0
32557,31.0,10.0,27.0,17.0
32558,31.0,10.0,28.0,14.0
32559,31.0,10.0,28.0,14.0
32560,31.0,10.0,27.0,17.0
32561,31.0,10.0,27.0,17.0
32562,31.0,10.0,27.0,17.0
32563,31.0,10.0,31.0,10.0
32564,31.0,10.0,31.0,10.0
32565,31.0,10.0,32.0,10.0
32566,31.0,10.0,32.0,10.0
32567,31.0,10.0,28.0,14.0
32568,31.0,10.0,31.0,11.0
32569,31.0,10.0,31.0,11.0
32570,31.0,10.0,28.0,14.0
32571,31.0,10.0,26.0,12.0
32572,31.0,10.0,31.0,10.0
32573,31.0,10.0,28.0,14.0
32574,31.0,10.0,31.0,11.0
32575,31.0,10.0,30.0,13.0
32576,31.0,10.0,32.0,10.0
32577,31.0,10.0,31.0,10.0
32578,31.0,10.0,27.0,17.0
32579,31.0,10.0,27.0,17.0
32580,31.0,10.0,31.0,10.0
32581,31.0,10.0,31.0,11.0
32582,31.0,10.0,28.0,14.0
32583,31.0,10.0,31.0,10.0
32584,31.0,10.0,26.0,12.0
32585,31.0,10.0,31.0,10.0
32586,31.0,10.0,28.0,14.0
32587,31.0,10.0,28.0,14.0
32588,31.0,10.0,26.0,12.0
32589,31.0,10.0,28.0,14.0
32590,31.0,10.0,26.0,12.0
32591,31.0,10.0,27.0,17.0
32592,31.0,10.0,31.0,11.0
32593,31.0,10.0,31.0,10.0
32594,31.0,10.0,32.0,10.0
32595,31.0,10.0,32.0,10.0
32596,31.0,10.0,26.0,12.0
32597,31.0,10.0,30.0,13.0
32598,31.0,10.0,32.0,10.0
32599,31.0,10.0,32.0,10.0
32600,31.0,10.0,28.0,14.0
32601,31.0,10.0,31.0,10.0
32602,31.0,10.0,31.0,10.0
32603,31.0,10.0,30.0,13.0
32604,31.0,10.0,28.0,14.0
32605,31.0,10.0,31.0,10.0
32606,31.0,10.0,27.0,17.0
32607,31.0,10.0,30.0,13.0
32608,31.0,10.0,28.0,14.0
32609,31.0,10.0,27.0,17.0
32610,31.0,10.0,31.0,11.0
32611,31.0,10.0,30.0,13.0
32612,31.0,10.0,31.0,10.0
32613,31.0,10.0,27.0,17.0
32614,31.0,10.0,31.0,10.0
32615,31.0,10.0,28.0,14.0
32616,31.0,10.0,31.0,10.0
32617,31.0,10.0,28.0,14.0
32618,31.0,10.0,28.0,14.0
32619,31.0,10.0,28.0,14.0
32620,31.0,10.0,31.0,10.0
32621,31.0,10.0,27.0,17.0
32622,31.0,10.0,31.0,10.0
32623,31.0,10.0,31.0,10.0
32624,31.0,10.0,32.0,10.0
32625,31.0,10.0,30.0,13.0
32626,31.0,10.0,31.0,10.0
32627,31.0,10.0,32.0,10.0
32628,31.0,10.0,30.0,13.0
32629,31.0,10.0,32.0,10.0
32630,31.0,10.0,30.0,13.0
32631,31.0,10.0,27.0,17.0
32632,31.0,10.0,30.0,13.0
32633,31.0,10.0,27.0,17.0
32634,31.0,10.0,31.0,11.0
32635,31.0,10.0,31.0,10.0
32636,31.0,10.0,31.0,10.0
32637,31.0,10.0,32.0,10.0
32638,31.0,10.0,32.0,10.0
32639,31.0,10.0,27.0,17.0
32640,31.0,10.0,31.0,10.0
32641,31.0,10.0,31.0,10.0
32642,31.0,10.0,30.0,13.0
32643,31.0,10.0,31.0,10.0
32644,31.0,10.0,28.0,14.0
32645,31.0,10.0,30.0,13.0
32646,31.0,10.0,31.0,10.0
32647,31.0,10.0,32.0,10.0
32648,31.0,10.0,28.0,14.0
32649,31.0,10.0,28.0,14.0
32650,31.0,10.0,30.0,13.0
32651,31.0,10.0,27.0,17.0
32652,31.0,10.0,31.0,11.0
32653,31.0,10.0,32.0,10.0
32654,31.0,10.0,28.0,14.0
32655,31.0,10.0,31.0,11.0
32656,31.0,10.0,28.0,14.0
32657,31.0,10.0,27.0,17.0
32658,31.0,10.0,31.0,11.0
32659,31.0,10.0,32.0,10.0
32660,31.0,10.0,26.0,12.0
32661,31.0,10.0,31.0,11.0
32662,31.0,10.0,31.0,11.0
32663,31.0,10.0,27.0,17.0
32664,31.0,10.0,31.0,10.0
32665,31.0,10.0,31.0,11.0
32666,31.0,10.0,31.0,11.0
32667,31.0,10.0,31.0,10.0
32668,31.0,10.0,30.0,13.0
32669,31.0,10.0,32.0,10.0
32670,31.0,10.0,28.0,14.0
32671,31.0,10.0,31.0,10.0
32672,31.0,10.0,32.0,10.0
32673,31.0,10.0,32.0,10.0
32674,31.0,10.0,32.0,10.0
32675,31.0,10.0,27.0,17.0
32676,31.0,10.0,28.0,14.0
32677,31.0,10.0,28.0,14.0
32678,31.0,10.0,31.0,10.0
32679,31.0,10.0,31.0,10.0
32680,31.0,10.0,32.0,10.0
32681,31.0,10.0,31.0,11.0
32682,31.0,10.0,31.0,10.0
32683,31.0,10.0,32.0,10.0
32684,31.0,10.0,27.0,17.0
32685,31.0,10.0,31.0,11.0
32686,31.0,10.0,31.0,10.0
32687,31.0,10.0,28.0,14.0
32688,31.0,10.0,27.0,17.0
32689,31.0,10.0,31.0,11.0
32690,31.0,10.0,31.0,10.0
32691,31.0,10.0,31.0,10.0
32692,31.0,10.0,32.0,10.0
32693,31.0,10.0,26.0,12.0
32694,31.0,10.0,32.0,10.0
32695,31.0,10.0,28.0,14.0
32696,31.0,10.0,31.0,11.0
32697,31.0,10.0,28.0,14.0
32698,31.0,10.0,28.0,14.0
32699,31.0,10.0,31.0,10.0
32700,31.0,10.0,30.0,13.0
32701,31.0,10.0,31.0,10.0
32702,31.0,10.0,28.0,14.0
32703,31.0,10.0,32.0,10.0
32704,31.0,10.0,30.0,13.0
32705,31.0,10.0,31.0,11.0
32706,31.0,10.0,32.0,10.0
32707,31.0,10.0,27.0,17.0
32708,31.0,10.0,31.0,10.0
32709,31.0,10.0,31.0,10.0
32710,31.0,10.0,30.0,13.0
32711,31.0,10.0,28.0,14.0
32712,31.0,10.0,30.0,13.0
32713,31.0,10.0,28.0,14.0
32714,31.0,10.0,31.0,10.0
32715,31.0,10.0,31.0,10.0
32716,31.0,10.0,28.0,14.0
32717,31.0,10.0,30.0,13.0
32718,31.0,10.0,28.0,14.0
32719,31.0,10.0,27.0,17.0
32720,31.0,10.0,28.0,14.0
32721,31.0,10.0,31.0,11.0
32722,31.0,10.0,31.0,11.0
32723,31.0,10.0,27.0,17.0
32724,31.0,10.0,31.0,10.0
32725,31.0,10.0,31.0,11.0
32726,31.0,10.0,27.0,17.0
32727,31.0,10.0,31.0,10.0
32728,31.0,10.0,31.0,10.0
32729,31.0,10.0,26.0,12.0
32730,31.0,10.0,30.0,13.0
32731,31.0,10.0,27.0,17.0
32732,31.0,10.0,27.0,17.0
32733,31.0,10.0,31.0,10.0
32734,31.0,10.0,28.0,14.0
32735,31.0,10.0,31.0,11.0
32736,31.0,10.0,31.0,10.0
32737,31.0,10.0,31.0,10.0
32738,31.0,10.0,31.0,11.0
32739,31.0,10.0,28.0,14.0
32740,31.0,10.0,27.0,17.0
32741,31.0,10.0,27.0,17.0
32742,31.0,10.0,27.0,17.0
32743,31.0,10.0,31.0,10.0
32744,31.0,10.0,31.0,10.0
32745,31.0,10.0,30.0,13.0
32746,31.0,10.0,31.0,10.0
32747,31.0,10.0,30.0,13.0
32748,31.0,10.0,31.0,10.0
32749,31.0,10.0,32.0,10.0
32750,31.0,10.0,31.0,10.0
32751,31.0,10.0,31.0,11.0
32752,31.0,10.0,31.0,10.0
32753,31.0,10.0,26.0,12.0
32754,31.0,10.0,26.0,12.0
32755,31.0,10.0,27.0,17.0
32756,31.0,10.0,26.0,12.0
32757,31.0,10.0,31.0,11.0
32758,31.0,10.0,27.0,17.0
32759,31.0,10.0,28.0,14.0
32760,31.0,10.0,32.0,10.0
32761,31.0,10.0,30.0,13.0
32762,31.0,10.0,26.0,12.0
32763,31.0,10.0,30.0,13.0
32764,31.0,10.0,30.0,13.0
32765,31.0,10.0,32.0,10.0
32766,31.0,10.0,31.0,11.0
32767,31.0,10.0,27.0,17.0
32768,31.0,10.0,31.0,11.0
32769,31.0,10.0,31.0,11.0
32770,31.0,10.0,31.0,10.0
32771,31.0,10.0,32.0,10.0
32772,31.0,10.0,28.0,14.0
32773,31.0,10.0,32.0,10.0
32774,31.0,10.0,27.0,17.0
32775,31.0,10.0,31.0,10.0
32776,31.0,10.0,28.0,14.0
32777,31.0,10.0,32.0,10.0
32778,31.0,10.0,28.0,14.0
32779,31.0,10.0,32.0,10.0
32780,31.0,10.0,31.0,10.0
32781,31.0,10.0,26.0,12.0
32782,31.0,10.0,31.0,11.0
32783,31.0,10.0,31.0,11.0
32784,31.0,10.0,32.0,10.0
32785,31.0,10.0,32.0,10.0
32786,31.0,10.0,27.0,17.0
32787,31.0,10.0,28.0,14.0
32788,31.0,10.0,30.0,13.0
32789,31.0,10.0,30.0,13.0
32790,31.0,10.0,31.0,11.0
32791,31.0,10.0,27.0,17.0
32792,31.0,10.0,31.0,10.0
32793,31.0,10.0,31.0,10.0
32794,31.0,10.0,28.0,14.0
32795,31.0,10.0,30.0,13.0
32796,31.0,10.0,28.0,14.0
32797,31.0,10.0,31.0,11.0
32798,31.0,10.0,30.0,13.0
32799,31.0,10.0,28.0,14.0
32800,31.0,10.0,26.0,12.0
32801,31.0,10.0,26.0,12.0
32802,31.0,10.0,28.0,14.0
32803,31.0,10.0,28.0,14.0
32804,31.0,10.0,32.0,10.0
32805,31.0,10.0,31.0,10.0
32806,31.0,10.0,30.0,13.0
32807,31.0,10.0,32.0,10.0
32808,31.0,10.0,30.0,13.0
32809,31.0,10.0,26.0,12.0
32810,31.0,10.0,31.0,11.0
32811,31.0,10.0,30.0,13.0
32812,31.0,10.0,28.0,14.0
32813,31.0,10.0,27.0,17.0
32814,31.0,10.0,27.0,17.0
32815,31.0,10.0,28.0,14.0
32816,31.0,10.0,26.0,12.0
32817,31.0,10.0,32.0,10.0
32818,31.0,10.0,31.0,10.0
32819,31.0,10.0,31.0,11.0
32820,31.0,10.0,31.0,11.0
32821,31.0,10.0,28.0,14.0
32822,31.0,10.0,27.0,17.0
32823,31.0,10.0,26.0,12.0
32824,31.0,10.0,26.0,12.0
32825,31.0,10.0,31.0,10.0
32826,31.0,10.0,32.0,10.0
32827,31.0,10.0,31.0,11.0
32828,31.0,10.0,28.0,14.0
32829,31.0,10.0,31.0,10.0
32830,31.0,10.0,31.0,11.0
32831,31.0,10.0,32.0,10.0
32832,31.0,10.0,31.0,10.0
32833,31.0,10.0,26.0,12.0
32834,31.0,10.0,31.0,10.0
32835,31.0,10.0,31.0,10.0
32836,31.0,10.0,28.0,14.0
32837,31.0,10.0,26.0,12.0
32838,31.0,10.0,28.0,14.0
32839,31.0,10.0,31.0,10.0
32840,31.0,10.0,31.0,10.0
32841,31.0,10.0,31.0,10.0
32842,31.0,10.0,31.0,10.0
32843,31.0,10.0,32.0,10.0
32844,31.0,10.0,31.0,10.0
32845,31.0,10.0,32.0,10.0
32846,31.0,10.0,26.0,12.0
32847,31.0,10.0,31.0,10.0
32848,31.0,10.0,32.0,10.0
32849,31.0,10.0,31.0,11.0
32850,31.0,10.0,32.0,10.0
32851,31.0,10.0,28.0,14.0
32852,31.0,10.0,31.0,10.0
32853,31.0,10.0,27.0,17.0
32854,31.0,10.0,27.0,17.0
32855,31.0,10.0,30.0,13.0
32856,31.0,10.0,28.0,14.0
32857,31.0,10.0,32.0,10.0
32858,31.0,10.0,31.0,10.0
32859,31.0,10.0,31.0,11.0
32860,31.0,10.0,27.0,17.0
32861,31.0,10.0,31.0,10.0
32862,31.0,10.0,31.0,10.0
32863,31.0,10.0,32.0,10.0
32864,31.0,10.0,27.0,17.0
32865,31.0,10.0,27.0,17.0
32866,31.0,10.0,28.0,14.0
32867,31.0,10.0,31.0,10.0
32868,31.0,10.0,28.0,14.0
32869,31.0,10.0,31.0,10.0
32870,31.0,10.0,31.0,10.0
32871,31.0,10.0,31.0,10.0
32872,31.0,10.0,31.0,10.0
32873,31.0,10.0,30.0,13.0
32874,31.0,10.0,32.0,10.0
32875,31.0,10.0,31.0,10.0
32876,31.0,10.0,26.0,12.0
32877,31.0,10.0,28.0,14.0
32878,31.0,10.0,27.0,17.0
32879,31.0,10.0,28.0,14.0
32880,31.0,10.0,32.0,10.0
32881,31.0,10.0,28.0,14.0
32882,31.0,10.0,28.0,14.0
32883,31.0,10.0,32.0,10.0
32884,31.0,10.0,31.0,10.0
32885,31.0,10.0,31.0,10.0
32886,31.0,10.0,30.0,13.0
32887,31.0,10.0,31.0,10.0
32888,31.0,10.0,31.0,10.0
32889,31.0,10.0,31.0,10.0
32890,31.0,10.0,31.0,10.0
32891,31.0,10.0,31.0,10.0
32892,31.0,10.0,27.0,17.0
32893,31.0,10.0,31.0,10.0
32894,31.0,10.0,30.0,13.0
32895,31.0,10.0,26.0,12.0
32896,31.0,10.0,26.0,12.0
32897,31.0,10.0,26.0,12.0
32898,31.0,10.0,30.0,13.0
32899,31.0,10.0,27.0,17.0
32900,31.0,10.0,26.0,12.0
32901,31.0,10.0,30.0,13.0
32902,31.0,10.0,30.0,13.0
32903,31.0,10.0,26.0,12.0
32904,31.0,10.0,31.0,11.0
32905,31.0,10.0,28.0,14.0
32906,31.0,10.0,31.0,10.0
32907,31.0,10.0,26.0,12.0
32908,31.0,10.0,31.0,10.0
32909,31.0,10.0,31.0,10.0
32910,31.0,10.0,32.0,10.0
32911,31.0,10.0,31.0,10.0
32912,31.0,10.0,27.0,17.0
32913,31.0,10.0,27.0,17.0
32914,31.0,10.0,27.0,17.0
32915,31.0,10.0,31.0,11.0
32916,31.0,10.0,31.0,11.0
32917,31.0,10.0,30.0,13.0
32918,31.0,10.0,28.0,14.0
32919,31.0,10.0,27.0,17.0
32920,31.0,10.0,31.0,10.0
32921,31.0,10.0,26.0,12.0
32922,31.0,10.0,31.0,11.0
32923,31.0,10.0,30.0,13.0
32924,31.0,10.0,31.0,11.0
32925,31.0,10.0,28.0,14.0
32926,31.0,10.0,31.0,10.0
32927,31.0,10.0,30.0,13.0
32928,31.0,10.0,31.0,10.0
32929,31.0,10.0,31.0,10.0
32930,31.0,10.0,31.0,10.0
32931,31.0,10.0,28.0,14.0
32932,31.0,10.0,31.0,10.0
32933,31.0,10.0,27.0,17.0
32934,31.0,10.0,32.0,10.0
32935,31.0,10.0,31.0,10.0
32936,31.0,10.0,31.0,10.0
32937,31.0,10.0,32.0,10.0
32938,31.0,10.0,28.0,14.0
32939,31.0,10.0,31.0,10.0
32940,31.0,10.0,31.0,10.0
32941,31.0,10.0,27.0,17.0
32942,31.0,10.0,27.0,17.0
32943,31.0,10.0,27.0,17.0
32944,31.0,10.0,28.0,14.0
32945,31.0,10.0,27.0,17.0
32946,31.0,10.0,31.0,10.0
32947,31.0,10.0,32.0,10.0
32948,31.0,10.0,31.0,10.0
32949,31.0,10.0,31.0,10.0
32950,31.0,10.0,31.0,10.0
32951,31.0,10.0,27.0,17.0
32952,31.0,10.0,28.0,14.0
32953,31.0,10.0,31.0,11.0
32954,31.0,10.0,26.0,12.0
32955,31.0,10.0,26.0,12.0
32956,31.0,10.0,27.0,17.0
32957,31.0,10.0,26.0,12.0
32958,31.0,10.0,32.0,10.0
32959,31.0,10.0,32.0,10.0
32960,31.0,10.0,30.0,13.0
32961,31.0,10.0,31.0,10.0
32962,31.0,10.0,31.0,11.0
32963,31.0,10.0,27.0,17.0
32964,31.0,10.0,27.0,17.0
32965,31.0,10.0,27.0,17.0
32966,31.0,10.0,32.0,10.0
32967,31.0,10.0,31.0,10.0
32968,31.0,10.0,30.0,13.0
32969,31.0,10.0,28.0,14.0
32970,31.0,10.0,31.0,10.0
32971,31.0,10.0,27.0,17.0
32972,31.0,10.0,31.0,10.0
32973,31.0,10.0,31.0,10.0
32974,31.0,10.0,31.0,10.0
32975,31.0,10.0,28.0,14.0
32976,31.0,10.0,30.0,13.0
32977,31.0,10.0,31.0,11.0
32978,31.0,10.0,28.0,14.0
32979,31.0,10.0,31.0,10.0
32980,31.0,10.0,26.0,12.0
32981,31.0,10.0,27.0,17.0
32982,31.0,10.0,27.0,17.0
32983,31.0,10.0,31.0,10.0
32984,31.0,10.0,31.0,10.0
32985,31.0,10.0,28.0,14.0
32986,31.0,10.0,32.0,10.0
32987,31.0,10.0,30.0,13.0
32988,31.0,10.0,30.0,13.0
32989,31.0,10.0,31.0,10.0
32990,31.0,10.0,32.0,10.0
32991,31.0,10.0,27.0,17.0
32992,31.0,10.0,31.0,10.0
32993,31.0,10.0,31.0,11.0
32994,31.0,10.0,31.0,11.0
32995,31.0,10.0,31.0,11.0
32996,31.0,10.0,26.0,12.0
32997,31.0,10.0,28.0,14.0
32998,31.0,10.0,27.0,17.0
32999,31.0,10.0,26.0,12.0
33000,31.0,10.0,27.0,17.0
33001,31.0,10.0,28.0,14.0
33002,31.0,10.0,31.0,10.0
33003,31.0,10.0,31.0,10.0
33004,31.0,10.0,31.0,10.0
33005,31.0,10.0,31.0,10.0
33006,31.0,10.0,32.0,10.0
33007,31.0,10.0,27.0,17.0
33008,31.0,10.0,28.0,14.0
33009,31.0,10.0,31.0,11.0
33010,31.0,10.0,26.0,12.0
33011,31.0,10.0,31.0,11.0
33012,31.0,10.0,32.0,10.0
33013,31.0,10.0,32.0,10.0
33014,31.0,10.0,32.0,10.0
33015,31.0,10.0,31.0,11.0
33016,31.0,10.0,30.0,13.0
33017,31.0,10.0,31.0,10.0
33018,31.0,10.0,31.0,11.0
33019,31.0,10.0,32.0,10.0
33020,31.0,10.0,32.0,10.0
33021,31.0,10.0,26.0,12.0
33022,31.0,10.0,32.0,10.0
33023,31.0,10.0,31.0,10.0
33024,31.0,10.0,31.0,11.0
33025,31.0,10.0,31.0,10.0
33026,31.0,10.0,27.0,17.0
33027,31.0,10.0,32.0,10.0
33028,31.0,10.0,28.0,14.0
33029,31.0,10.0,31.0,10.0
33030,31.0,10.0,30.0,13.0
33031,31.0,10.0,31.0,10.0
33032,31.0,10.0,31.0,10.0
33033,31.0,10.0,31.0,10.0
33034,31.0,10.0,28.0,14.0
33035,31.0,10.0,31.0,10.0
33036,31.0,10.0,31.0,11.0
33037,31.0,10.0,26.0,12.0
33038,31.0,10.0,31.0,10.0
33039,31.0,10.0,26.0,12.0
33040,31.0,10.0,31.0,10.0
33041,31.0,10.0,27.0,17.0
33042,31.0,10.0,31.0,10.0
33043,31.0,10.0,32.0,10.0
33044,31.0,10.0,31.0,10.0
33045,31.0,10.0,31.0,11.0
33046,31.0,10.0,30.0,13.0
33047,31.0,10.0,31.0,10.0
33048,31.0,10.0,32.0,10.0
33049,31.0,10.0,28.0,14.0
33050,31.0,10.0,31.0,11.0
33051,31.0,10.0,31.0,10.0
33052,31.0,10.0,31.0,10.0
33053,31.0,10.0,30.0,13.0
33054,31.0,10.0,26.0,12.0
33055,31.0,10.0,31.0,11.0
33056,31.0,10.0,32.0,10.0
33057,31.0,10.0,32.0,10.0
33058,31.0,10.0,26.0,12.0
33059,31.0,10.0,31.0,10.0
33060,31.0,10.0,28.0,14.0
33061,31.0,10.0,30.0,13.0
33062,31.0,10.0,31.0,10.0
33063,31.0,10.0,31.0,10.0
33064,31.0,10.0,26.0,12.0
33065,31.0,10.0,27.0,17.0
33066,31.0,10.0,31.0,10.0
33067,31.0,10.0,31.0,10.0
33068,31.0,10.0,31.0,10.0
33069,31.0,10.0,30.0,13.0
33070,31.0,10.0,30.0,13.0
33071,31.0,10.0,32.0,10.0
33072,31.0,10.0,28.0,14.0
33073,31.0,10.0,30.0,13.0
33074,31.0,10.0,31.0,10.0
33075,31.0,10.0,28.0,14.0
33076,31.0,10.0,27.0,17.0
33077,31.0,10.0,28.0,14.0
33078,31.0,10.0,31.0,11.0
33079,31.0,10.0,31.0,11.0
33080,31.0,10.0,26.0,12.0
33081,31.0,10.0,31.0,10.0
33082,31.0,10.0,28.0,14.0
33083,31.0,10.0,27.0,17.0
33084,31.0,10.0,28.0,14.0
33085,31.0,10.0,31.0,10.0
33086,31.0,10.0,31.0,10.0
33087,31.0,10.0,32.0,10.0
33088,31.0,10.0,28.0,14.0
33089,31.0,10.0,31.0,11.0
33090,31.0,10.0,31.0,10.0
33091,31.0,10.0,28.0,14.0
33092,31.0,10.0,26.0,12.0
33093,31.0,10.0,31.0,10.0
33094,31.0,10.0,31.0,10.0
33095,31.0,10.0,31.0,10.0
33096,31.0,10.0,28.0,14.0
33097,31.0,10.0,31.0,10.0
33098,31.0,10.0,27.0,17.0
33099,31.0,10.0,28.0,14.0
33100,31.0,10.0,31.0,10.0
33101,31.0,10.0,31.0,10.0
33102,31.0,10.0,31.0,10.0
33103,31.0,10.0,28.0,14.0
33104,31.0,10.0,31.0,10.0
33105,31.0,10.0,31.0,10.0
33106,31.0,10.0,31.0,11.0
33107,31.0,10.0,31.0,10.0
33108,31.0,10.0,31.0,10.0
33109,31.0,10.0,28.0,14.0
33110,31.0,10.0,26.0,12.0
33111,31.0,10.0,27.0,17.0
33112,31.0,10.0,31.0,11.0
33113,31.0,10.0,28.0,14.0
33114,31.0,10.0,28.0,14.0
33115,31.0,10.0,26.0,12.0
33116,31.0,10.0,32.0,10.0
33117,31.0,10.0,27.0,17.0
33118,31.0,10.0,31.0,11.0
33119,31.0,10.0,27.0,17.0
33120,31.0,10.0,26.0,12.0
33121,31.0,10.0,27.0,17.0
33122,31.0,10.0,31.0,10.0
33123,31.0,10.0,30.0,13.0
33124,31.0,10.0,27.0,17.0
33125,31.0,10.0,31.0,11.0
33126,31.0,10.0,30.0,13.0
33127,31.0,10.0,31.0,11.0
33128,31.0,10.0,31.0,11.0
33129,31.0,10.0,32.0,10.0
33130,31.0,10.0,31.0,10.0
33131,31.0,10.0,31.0,10.0
33132,31.0,10.0,31.0,11.0
33133,31.0,10.0,31.0,11.0
33134,31.0,10.0,31.0,10.0
33135,31.0,10.0,31.0,10.0
33136,31.0,10.0,32.0,10.0
33137,31.0,10.0,27.0,17.0
33138,31.0,10.0,31.0,10.0
33139,31.0,10.0,31.0,10.0
33140,31.0,10.0,32.0,10.0
33141,31.0,10.0,30.0,13.0
33142,31.0,10.0,30.0,13.0
33143,31.0,10.0,31.0,10.0
33144,31.0,10.0,28.0,14.0
33145,31.0,10.0,26.0,12.0
33146,31.0,10.0,31.0,10.0
33147,31.0,10.0,31.0,10.0
33148,31.0,10.0,27.0,17.0
33149,31.0,10.0,28.0,14.0
33150,31.0,10.0,31.0,10.0
33151,31.0,10.0,32.0,10.0
33152,31.0,10.0,31.0,10.0
33153,31.0,10.0,28.0,14.0
33154,31.0,10.0,31.0,11.0
33155,31.0,10.0,32.0,10.0
33156,31.0,10.0,28.0,14.0
33157,31.0,10.0,31.0,10.0
33158,31.0,10.0,32.0,10.0
33159,31.0,10.0,32.0,10.0
33160,31.0,10.0,32.0,10.0
33161,31.0,10.0,28.0,14.0
33162,31.0,10.0,31.0,10.0
33163,31.0,10.0,31.0,10.0
33164,31.0,10.0,26.0,12.0
33165,31.0,10.0,31.0,10.0
33166,31.0,10.0,26.0,12.0
33167,31.0,10.0,26.0,12.0
33168,31.0,10.0,31.0,10.0
33169,31.0,10.0,27.0,17.0
33170,31.0,10.0,31.0,11.0
33171,31.0,10.0,30.0,13.0
33172,31.0,10.0,31.0,10.0
33173,31.0,10.0,30.0,13.0
33174,31.0,10.0,31.0,10.0
33175,31.0,10.0,27.0,17.0
33176,31.0,10.0,30.0,13.0
33177,31.0,10.0,31.0,10.0
33178,31.0,10.0,31.0,10.0
33179,31.0,10.0,31.0,10.0
33180,31.0,10.0,27.0,17.0
33181,31.0,10.0,31.0,10.0
33182,31.0,10.0,31.0,10.0
33183,31.0,10.0,28.0,14.0
33184,31.0,10.0,32.0,10.0
33185,31.0,10.0,31.0,11.0
33186,31.0,10.0,27.0,17.0
33187,31.0,10.0,31.0,11.0
33188,31.0,10.0,26.0,12.0
33189,31.0,10.0,31.0,10.0
33190,31.0,10.0,28.0,14.0
33191,31.0,10.0,26.0,12.0
33192,31.0,10.0,31.0,10.0
33193,31.0,10.0,26.0,12.0
33194,31.0,10.0,31.0,10.0
33195,31.0,10.0,31.0,10.0
33196,31.0,10.0,31.0,10.0
33197,31.0,10.0,31.0,11.0
33198,31.0,10.0,27.0,17.0
33199,31.0,10.0,31.0,10.0
33200,31.0,10.0,30.0,13.0
33201,31.0,10.0,30.0,13.0
33202,31.0,10.0,31.0,10.0
33203,31.0,10.0,28.0,14.0
33204,31.0,10.0,28.0,14.0
33205,31.0,10.0,30.0,13.0
33206,31.0,10.0,31.0,11.0
33207,31.0,10.0,30.0,13.0
33208,31.0,10.0,28.0,14.0
33209,31.0,10.0,28.0,14.0
33210,31.0,10.0,31.0,10.0
33211,31.0,10.0,28.0,14.0
33212,31.0,10.0,26.0,12.0
33213,31.0,10.0,27.0,17.0
33214,31.0,10.0,32.0,10.0
33215,31.0,10.0,31.0,10.0
33216,31.0,10.0,28.0,14.0
33217,31.0,10.0,32.0,10.0
33218,31.0,10.0,28.0,14.0
33219,31.0,10.0,28.0,14.0
33220,31.0,10.0,30.0,13.0
33221,31.0,10.0,26.0,12.0
33222,31.0,10.0,31.0,10.0
33223,31.0,10.0,32.0,10.0
33224,31.0,10.0,28.0,14.0
33225,31.0,10.0,26.0,12.0
33226,31.0,10.0,31.0,10.0
33227,31.0,10.0,31.0,10.0
33228,31.0,10.0,30.0,13.0
33229,31.0,10.0,31.0,11.0
33230,31.0,10.0,28.0,14.0
33231,31.0,10.0,31.0,10.0
33232,31.0,10.0,31.0,10.0
33233,31.0,10.0,27.0,17.0
33234,31.0,10.0,31.0,10.0
33235,31.0,10.0,31.0,10.0
33236,31.0,10.0,31.0,10.0
33237,31.0,10.0,30.0,13.0
33238,31.0,10.0,28.0,14.0
33239,31.0,10.0,28.0,14.0
33240,31.0,10.0,30.0,13.0
33241,31.0,10.0,31.0,10.0
33242,31.0,10.0,31.0,10.0
33243,31.0,10.0,26.0,12.0
33244,31.0,10.0,31.0,11.0
33245,31.0,10.0,26.0,12.0
33246,31.0,10.0,32.0,10.0
33247,31.0,10.0,27.0,17.0
33248,31.0,10.0,31.0,10.0
33249,31.0,10.0,28.0,14.0
33250,31.0,10.0,31.0,10.0
33251,31.0,10.0,30.0,13.0
33252,31.0,10.0,32.0,10.0
33253,31.0,10.0,30.0,13.0
33254,31.0,10.0,30.0,13.0
33255,31.0,10.0,27.0,17.0
33256,31.0,10.0,31.0,10.0
33257,31.0,10.0,26.0,12.0
33258,31.0,10.0,31.0,10.0
33259,31.0,10.0,31.0,10.0
33260,31.0,10.0,28.0,14.0
33261,31.0,10.0,28.0,14.0
33262,31.0,10.0,31.0,10.0
33263,31.0,10.0,31.0,10.0
33264,31.0,10.0,28.0,14.0
33265,31.0,10.0,26.0,12.0
33266,31.0,10.0,31.0,10.0
33267,31.0,10.0,31.0,10.0
33268,31.0,10.0,26.0,12.0
33269,31.0,10.0,32.0,10.0
33270,31.0,10.0,31.0,10.0
33271,31.0,10.0,27.0,17.0
33272,31.0,10.0,27.0,17.0
33273,31.0,10.0,31.0,11.0
33274,31.0,10.0,28.0,14.0
33275,31.0,10.0,31.0,11.0
33276,31.0,10.0,28.0,14.0
33277,31.0,10.0,28.0,14.0
33278,31.0,10.0,31.0,10.0
33279,31.0,10.0,31.0,10.0
33280,31.0,10.0,26.0,12.0
33281,31.0,10.0,31.0,10.0
33282,31.0,10.0,27.0,17.0
33283,31.0,10.0,31.0,10.0
33284,31.0,10.0,31.0,10.0
33285,31.0,10.0,31.0,10.0
33286,31.0,10.0,31.0,11.0
33287,31.0,10.0,28.0,14.0
33288,31.0,10.0,26.0,12.0
33289,31.0,10.0,31.0,10.0
33290,31.0,10.0,26.0,12.0
33291,31.0,10.0,30.0,13.0
33292,31.0,10.0,31.0,10.0
33293,31.0,10.0,31.0,10.0
33294,31.0,10.0,32.0,10.0
33295,31.0,10.0,31.0,10.0
33296,31.0,10.0,32.0,10.0
33297,31.0,10.0,26.0,12.0
33298,31.0,10.0,31.0,10.0
33299,31.0,10.0,26.0,12.0
33300,31.0,10.0,30.0,13.0
33301,31.0,10.0,28.0,14.0
33302,31.0,10.0,31.0,10.0
33303,31.0,10.0,26.0,12.0
33304,31.0,10.0,31.0,10.0
33305,31.0,10.0,31.0,11.0
33306,31.0,10.0,27.0,17.0
33307,31.0,10.0,26.0,12.0
33308,31.0,10.0,31.0,10.0
33309,31.0,10.0,27.0,17.0
33310,31.0,10.0,31.0,11.0
33311,31.0,10.0,30.0,13.0
33312,31.0,10.0,32.0,10.0
33313,31.0,10.0,31.0,10.0
33314,31.0,10.0,31.0,11.0
33315,31.0,10.0,30.0,13.0
33316,31.0,10.0,31.0,11.0
33317,31.0,10.0,31.0,11.0
33318,31.0,10.0,28.0,14.0
33319,31.0,10.0,32.0,10.0
33320,31.0,10.0,31.0,11.0
33321,31.0,10.0,31.0,10.0
33322,31.0,10.0,31.0,10.0
33323,31.0,10.0,27.0,17.0
33324,31.0,10.0,31.0,11.0
33325,31.0,10.0,27.0,17.0
33326,31.0,10.0,31.0,10.0
33327,31.0,10.0,31.0,10.0
33328,31.0,10.0,26.0,12.0
33329,31.0,10.0,31.0,11.0
33330,31.0,10.0,27.0,17.0
33331,31.0,10.0,31.0,10.0
33332,31.0,10.0,28.0,14.0
33333,31.0,10.0,32.0,10.0
33334,31.0,10.0,31.0,10.0
33335,31.0,10.0,26.0,12.0
33336,31.0,10.0,32.0,10.0
33337,31.0,10.0,31.0,10.0
33338,31.0,10.0,31.0,10.0
33339,31.0,10.0,28.0,14.0
33340,31.0,10.0,28.0,14.0
33341,31.0,10.0,28.0,14.0
33342,31.0,10.0,27.0,17.0
33343,31.0,10.0,31.0,10.0
33344,31.0,10.0,27.0,17.0
33345,31.0,10.0,31.0,11.0
33346,31.0,10.0,28.0,14.0
33347,31.0,10.0,31.0,11.0
33348,31.0,10.0,31.0,10.0
33349,31.0,10.0,31.0,11.0
33350,31.0,10.0,26.0,12.0
33351,31.0,10.0,27.0,17.0
33352,31.0,10.0,26.0,12.0
33353,31.0,10.0,30.0,13.0
33354,31.0,10.0,27.0,17.0
33355,31.0,10.0,27.0,17.0
33356,31.0,10.0,26.0,12.0
33357,31.0,10.0,31.0,10.0
33358,31.0,10.0,28.0,14.0
33359,31.0,10.0,31.0,10.0
33360,31.0,10.0,31.0,10.0
33361,31.0,10.0,31.0,11.0
33362,31.0,10.0,28.0,14.0
33363,31.0,10.0,26.0,12.0
33364,31.0,10.0,30.0,13.0
33365,31.0,10.0,31.0,10.0
33366,31.0,10.0,32.0,10.0
33367,31.0,10.0,31.0,11.0
33368,31.0,10.0,26.0,12.0
33369,31.0,10.0,30.0,13.0
33370,31.0,10.0,27.0,17.0
33371,31.0,10.0,31.0,10.0
33372,31.0,10.0,31.0,10.0
33373,31.0,10.0,28.0,14.0
33374,31.0,10.0,26.0,12.0
33375,31.0,10.0,26.0,12.0
33376,31.0,10.0,28.0,14.0
33377,31.0,10.0,32.0,10.0
33378,31.0,10.0,31.0,10.0
33379,31.0,10.0,28.0,14.0
33380,31.0,10.0,31.0,10.0
33381,31.0,10.0,31.0,10.0
33382,31.0,10.0,28.0,14.0
33383,31.0,10.0,28.0,14.0
33384,31.0,10.0,31.0,10.0
33385,31.0,10.0,30.0,13.0
33386,31.0,10.0,31.0,10.0
33387,31.0,10.0,28.0,14.0
33388,31.0,10.0,27.0,17.0
33389,31.0,10.0,31.0,10.0
33390,31.0,10.0,26.0,12.0
33391,31.0,10.0,32.0,10.0
33392,31.0,10.0,26.0,12.0
33393,31.0,10.0,30.0,13.0
33394,31.0,10.0,32.0,10.0
33395,31.0,10.0,31.0,10.0
33396,31.0,10.0,31.0,10.0
33397,31.0,10.0,27.0,17.0
33398,31.0,10.0,31.0,10.0
33399,31.0,10.0,26.0,12.0
33400,31.0,10.0,27.0,17.0
33401,31.0,10.0,31.0,10.0
33402,31.0,10.0,32.0,10.0
33403,31.0,10.0,26.0,12.0
33404,31.0,10.0,28.0,14.0
33405,31.0,10.0,26.0,12.0
33406,31.0,10.0,30.0,13.0
33407,31.0,10.0,31.0,10.0
33408,31.0,10.0,31.0,10.0
33409,31.0,10.0,26.0,12.0
33410,31.0,10.0,31.0,10.0
33411,31.0,10.0,26.0,12.0
33412,31.0,10.0,27.0,17.0
33413,31.0,10.0,28.0,14.0
33414,31.0,10.0,26.0,12.0
33415,31.0,10.0,26.0,12.0
33416,31.0,10.0,28.0,14.0
33417,31.0,10.0,31.0,10.0
33418,31.0,10.0,31.0,10.0
33419,31.0,10.0,31.0,10.0
33420,31.0,10.0,31.0,10.0
33421,31.0,10.0,31.0,10.0
33422,31.0,10.0,30.0,13.0
33423,31.0,10.0,30.0,13.0
33424,31.0,10.0,28.0,14.0
33425,31.0,10.0,31.0,10.0
33426,31.0,10.0,27.0,17.0
33427,31.0,10.0,31.0,10.0
33428,31.0,10.0,31.0,10.0
33429,31.0,10.0,28.0,14.0
33430,31.0,10.0,30.0,13.0
33431,31.0,10.0,31.0,11.0
33432,31.0,10.0,26.0,12.0
33433,31.0,10.0,32.0,10.0
33434,31.0,10.0,31.0,11.0
33435,31.0,10.0,31.0,10.0
33436,31.0,10.0,31.0,10.0
33437,31.0,10.0,31.0,10.0
33438,31.0,10.0,30.0,13.0
33439,31.0,10.0,30.0,13.0
33440,31.0,10.0,26.0,12.0
33441,31.0,10.0,28.0,14.0
33442,31.0,10.0,27.0,17.0
33443,31.0,10.0,32.0,10.0
33444,31.0,10.0,31.0,10.0
33445,31.0,10.0,31.0,10.0
33446,31.0,10.0,27.0,17.0
33447,31.0,10.0,27.0,17.0
33448,31.0,10.0,31.0,10.0
33449,31.0,10.0,32.0,10.0
33450,31.0,10.0,26.0,12.0
33451,31.0,10.0,30.0,13.0
33452,31.0,10.0,32.0,10.0
33453,31.0,10.0,30.0,13.0
33454,31.0,10.0,30.0,13.0
33455,31.0,10.0,31.0,11.0
33456,31.0,10.0,26.0,12.0
33457,31.0,10.0,27.0,17.0
33458,31.0,10.0,28.0,14.0
33459,31.0,10.0,31.0,10.0
33460,31.0,10.0,32.0,10.0
33461,31.0,10.0,27.0,17.0
33462,31.0,10.0,31.0,11.0
33463,31.0,10.0,32.0,10.0
33464,31.0,10.0,28.0,14.0
33465,31.0,10.0,31.0,10.0
33466,31.0,10.0,28.0,14.0
33467,31.0,10.0,31.0,10.0
33468,31.0,10.0,27.0,17.0
33469,31.0,10.0,32.0,10.0
33470,31.0,10.0,30.0,13.0
33471,31.0,10.0,26.0,12.0
33472,31.0,10.0,31.0,10.0
33473,31.0,10.0,28.0,14.0
33474,31.0,10.0,31.0,10.0
33475,31.0,10.0,31.0,10.0
33476,31.0,10.0,32.0,10.0
33477,31.0,10.0,27.0,17.0
33478,31.0,10.0,32.0,10.0
33479,31.0,10.0,31.0,11.0
33480,31.0,10.0,26.0,12.0
33481,31.0,10.0,27.0,17.0
33482,31.0,10.0,28.0,14.0
33483,31.0,10.0,31.0,10.0
33484,31.0,10.0,30.0,13.0
33485,31.0,10.0,31.0,11.0
33486,31.0,10.0,26.0,12.0
33487,31.0,10.0,27.0,17.0
33488,31.0,10.0,31.0,10.0
33489,31.0,10.0,28.0,14.0
33490,31.0,10.0,28.0,14.0
33491,31.0,10.0,31.0,10.0
33492,31.0,10.0,26.0,12.0
33493,31.0,10.0,31.0,11.0
33494,31.0,10.0,26.0,12.0
33495,31.0,10.0,26.0,12.0
33496,31.0,10.0,32.0,10.0
33497,31.0,10.0,27.0,17.0
33498,31.0,10.0,31.0,10.0
33499,31.0,10.0,31.0,11.0
33500,31.0,10.0,26.0,12.0
33501,31.0,10.0,31.0,10.0
33502,31.0,10.0,28.0,14.0
33503,31.0,10.0,28.0,14.0
33504,31.0,10.0,31.0,10.0
33505,31.0,10.0,28.0,14.0
33506,31.0,10.0,30.0,13.0
33507,31.0,10.0,30.0,13.0
33508,31.0,10.0,26.0,12.0
33509,31.0,10.0,31.0,11.0
33510,31.0,10.0,31.0,11.0
33511,31.0,10.0,31.0,10.0
33512,31.0,10.0,32.0,10.0
33513,31.0,10.0,26.0,12.0
33514,31.0,10.0,31.0,11.0
33515,31.0,10.0,26.0,12.0
33516,31.0,10.0,30.0,13.0
33517,31.0,10.0,27.0,17.0
33518,31.0,10.0,31.0,10.0
33519,31.0,10.0,31.0,10.0
33520,31.0,10.0,32.0,10.0
33521,31.0,10.0,31.0,11.0
33522,31.0,10.0,31.0,10.0
33523,31.0,10.0,31.0,11.0
33524,31.0,10.0,31.0,10.0
33525,31.0,10.0,32.0,10.0
33526,31.0,10.0,31.0,10.0
33527,31.0,10.0,32.0,10.0
33528,31.0,10.0,31.0,10.0
33529,31.0,10.0,26.0,12.0
33530,31.0,10.0,31.0,10.0
33531,31.0,10.0,31.0,10.0
33532,31.0,10.0,31.0,10.0
33533,31.0,10.0,31.0,11.0
33534,31.0,10.0,27.0,17.0
33535,31.0,10.0,31.0,10.0
33536,31.0,10.0,31.0,10.0
33537,31.0,10.0,26.0,12.0
33538,31.0,10.0,30.0,13.0
33539,31.0,10.0,31.0,11.0
33540,31.0,10.0,31.0,10.0
33541,31.0,10.0,27.0,17.0
33542,31.0,10.0,32.0,10.0
33543,31.0,10.0,27.0,17.0
33544,31.0,10.0,28.0,14.0
33545,31.0,10.0,31.0,10.0
33546,31.0,10.0,28.0,14.0
33547,31.0,10.0,28.0,14.0
33548,31.0,10.0,30.0,13.0
33549,31.0,10.0,30.0,13.0
33550,31.0,10.0,30.0,13.0
33551,31.0,10.0,31.0,10.0
33552,31.0,10.0,31.0,10.0
33553,31.0,10.0,28.0,14.0
33554,31.0,10.0,26.0,12.0
33555,31.0,10.0,30.0,13.0
33556,31.0,10.0,30.0,13.0
33557,31.0,10.0,30.0,13.0
33558,31.0,10.0,27.0,17.0
33559,31.0,10.0,27.0,17.0
33560,31.0,10.0,31.0,10.0
33561,31.0,10.0,26.0,12.0
33562,31.0,10.0,27.0,17.0
33563,31.0,10.0,31.0,11.0
33564,31.0,10.0,30.0,13.0
33565,31.0,10.0,26.0,12.0
33566,31.0,10.0,31.0,10.0
33567,31.0,10.0,31.0,11.0
33568,31.0,10.0,31.0,10.0
33569,31.0,10.0,32.0,10.0
33570,31.0,10.0,28.0,14.0
33571,31.0,10.0,32.0,10.0
33572,31.0,10.0,31.0,10.0
33573,31.0,10.0,31.0,11.0
33574,31.0,10.0,27.0,17.0
33575,31.0,10.0,31.0,10.0
33576,31.0,10.0,31.0,10.0
33577,31.0,10.0,27.0,17.0
33578,31.0,10.0,26.0,12.0
33579,31.0,10.0,30.0,13.0
33580,31.0,10.0,31.0,10.0
33581,31.0,10.0,27.0,17.0
33582,31.0,10.0,32.0,10.0
33583,31.0,10.0,31.0,11.0
33584,31.0,10.0,31.0,10.0
33585,31.0,10.0,31.0,11.0
33586,31.0,10.0,31.0,10.0
33587,31.0,10.0,27.0,17.0
33588,31.0,10.0,32.0,10.0
33589,31.0,10.0,26.0,12.0
33590,31.0,10.0,32.0,10.0
33591,31.0,10.0,31.0,10.0
33592,31.0,10.0,30.0,13.0
33593,31.0,10.0,30.0,13.0
33594,31.0,10.0,31.0,10.0
33595,31.0,10.0,31.0,10.0
33596,31.0,10.0,26.0,12.0
33597,31.0,10.0,28.0,14.0
33598,31.0,10.0,30.0,13.0
33599,31.0,10.0,31.0,10.0
33600,31.0,10.0,28.0,14.0
33601,31.0,10.0,27.0,17.0
33602,31.0,10.0,26.0,12.0
33603,31.0,10.0,27.0,17.0
33604,31.0,10.0,32.0,10.0
33605,31.0,10.0,31.0,10.0
33606,31.0,10.0,31.0,10.0
33607,31.0,10.0,31.0,10.0
33608,31.0,10.0,28.0,14.0
33609,31.0,10.0,31.0,10.0
33610,31.0,10.0,26.0,12.0
33611,31.0,10.0,30.0,13.0
33612,31.0,10.0,31.0,11.0
33613,31.0,10.0,31.0,10.0
33614,31.0,10.0,28.0,14.0
33615,31.0,10.0,27.0,17.0
33616,31.0,10.0,31.0,10.0
33617,31.0,10.0,27.0,17.0
33618,31.0,10.0,31.0,11.0
33619,31.0,10.0,26.0,12.0
33620,31.0,10.0,26.0,12.0
33621,31.0,10.0,28.0,14.0
33622,31.0,10.0,31.0,10.0
33623,31.0,10.0,31.0,10.0
33624,31.0,10.0,31.0,10.0
33625,31.0,10.0,31.0,10.0
33626,31.0,10.0,27.0,17.0
33627,31.0,10.0,31.0,10.0
33628,31.0,10.0,30.0,13.0
33629,31.0,10.0,26.0,12.0
33630,31.0,10.0,27.0,17.0
33631,31.0,10.0,30.0,13.0
33632,31.0,10.0,31.0,10.0
33633,31.0,10.0,26.0,12.0
33634,31.0,10.0,28.0,14.0
33635,31.0,10.0,32.0,10.0
33636,31.0,10.0,31.0,10.0
33637,31.0,10.0,31.0,10.0
33638,31.0,10.0,31.0,10.0
33639,31.0,10.0,32.0,10.0
33640,31.0,10.0,32.0,10.0
33641,31.0,10.0,28.0,14.0
33642,31.0,10.0,32.0,10.0
33643,31.0,10.0,31.0,10.0
33644,31.0,10.0,27.0,17.0
33645,31.0,10.0,31.0,10.0
33646,31.0,10.0,28.0,14.0
33647,31.0,10.0,28.0,14.0
33648,31.0,10.0,27.0,17.0
33649,31.0,10.0,27.0,17.0
33650,31.0,10.0,31.0,10.0
33651,31.0,10.0,26.0,12.0
33652,31.0,10.0,31.0,10.0
33653,31.0,10.0,26.0,12.0
33654,31.0,10.0,27.0,17.0
33655,31.0,10.0,26.0,12.0
33656,31.0,10.0,30.0,13.0
33657,31.0,10.0,32.0,10.0
33658,31.0,10.0,31.0,11.0
33659,31.0,10.0,26.0,12.0
33660,31.0,10.0,28.0,14.0
33661,31.0,10.0,31.0,10.0
33662,31.0,10.0,31.0,10.0
33663,31.0,10.0,31.0,11.0
33664,31.0,10.0,31.0,11.0
33665,31.0,10.0,31.0,11.0
33666,31.0,10.0,31.0,11.0
33667,31.0,10.0,32.0,10.0
33668,31.0,10.0,26.0,12.0
33669,31.0,10.0,31.0,10.0
33670,31.0,10.0,31.0,10.0
33671,31.0,10.0,27.0,17.0
33672,31.0,10.0,27.0,17.0
33673,31.0,10.0,30.0,13.0
33674,31.0,10.0,31.0,10.0
33675,31.0,10.0,27.0,17.0
33676,31.0,10.0,31.0,10.0
33677,31.0,10.0,31.0,11.0
33678,31.0,10.0,30.0,13.0
33679,31.0,10.0,31.0,10.0
33680,31.0,10.0,28.0,14.0
33681,31.0,10.0,27.0,17.0
33682,31.0,10.0,31.0,10.0
33683,31.0,10.0,31.0,10.0
33684,31.0,10.0,27.0,17.0
33685,31.0,10.0,28.0,14.0
33686,31.0,10.0,27.0,17.0
33687,31.0,10.0,31.0,10.0
33688,31.0,10.0,32.0,10.0
33689,31.0,10.0,28.0,14.0
33690,31.0,10.0,28.0,14.0
33691,31.0,10.0,31.0,10.0
33692,31.0,10.0,30.0,13.0
33693,31.0,10.0,31.0,10.0
33694,31.0,10.0,32.0,10.0
33695,31.0,10.0,27.0,17.0
33696,31.0,10.0,31.0,11.0
33697,31.0,10.0,32.0,10.0
33698,31.0,10.0,31.0,10.0
33699,31.0,10.0,32.0,10.0
33700,31.0,10.0,26.0,12.0
33701,31.0,10.0,31.0,11.0
33702,31.0,10.0,26.0,12.0
33703,31.0,10.0,27.0,17.0
33704,31.0,10.0,32.0,10.0
33705,31.0,10.0,31.0,10.0
33706,31.0,10.0,32.0,10.0
33707,31.0,10.0,26.0,12.0
33708,31.0,10.0,27.0,17.0
33709,31.0,10.0,30.0,13.0
33710,31.0,10.0,31.0,10.0
33711,31.0,10.0,31.0,10.0
33712,31.0,10.0,31.0,11.0
33713,31.0,10.0,28.0,14.0
33714,31.0,10.0,31.0,10.0
33715,31.0,10.0,28.0,14.0
33716,31.0,10.0,31.0,10.0
33717,31.0,10.0,31.0,10.0
33718,31.0,10.0,31.0,10.0
33719,31.0,10.0,32.0,10.0
33720,31.0,10.0,27.0,17.0
33721,31.0,10.0,26.0,12.0
33722,31.0,10.0,27.0,17.0
33723,31.0,10.0,31.0,10.0
33724,31.0,10.0,26.0,12.0
33725,31.0,10.0,31.0,10.0
33726,31.0,10.0,31.0,10.0
33727,31.0,10.0,26.0,12.0
33728,31.0,10.0,26.0,12.0
33729,31.0,10.0,32.0,10.0
33730,31.0,10.0,31.0,10.0
33731,31.0,10.0,30.0,13.0
33732,31.0,10.0,31.0,10.0
33733,31.0,10.0,31.0,11.0
33734,31.0,10.0,31.0,10.0
33735,31.0,10.0,31.0,11.0
33736,31.0,10.0,31.0,10.0
33737,31.0,10.0,31.0,11.0
33738,31.0,10.0,30.0,13.0
33739,31.0,10.0,30.0,13.0
33740,31.0,10.0,27.0,17.0
33741,31.0,10.0,27.0,17.0
33742,31.0,10.0,28.0,14.0
33743,31.0,10.0,30.0,13.0
33744,31.0,10.0,31.0,10.0
33745,31.0,10.0,31.0,10.0
33746,31.0,10.0,31.0,11.0
33747,31.0,10.0,31.0,10.0
33748,31.0,10.0,26.0,12.0
33749,31.0,10.0,28.0,14.0
33750,31.0,10.0,31.0,10.0
33751,31.0,10.0,27.0,17.0
33752,31.0,10.0,30.0,13.0
33753,31.0,10.0,32.0,10.0
33754,31.0,10.0,27.0,17.0
33755,31.0,10.0,26.0,12.0
33756,31.0,10.0,28.0,14.0
33757,31.0,10.0,27.0,17.0
33758,31.0,10.0,32.0,10.0
33759,31.0,10.0,30.0,13.0
33760,31.0,10.0,31.0,11.0
33761,31.0,10.0,26.0,12.0
33762,31.0,10.0,32.0,10.0
33763,31.0,10.0,27.0,17.0
33764,31.0,10.0,32.0,10.0
33765,31.0,10.0,27.0,17.0
33766,31.0,10.0,26.0,12.0
33767,31.0,10.0,31.0,10.0
33768,31.0,10.0,31.0,10.0
33769,31.0,10.0,31.0,10.0
33770,31.0,10.0,28.0,14.0
33771,31.0,10.0,31.0,10.0
33772,31.0,10.0,32.0,10.0
33773,31.0,10.0,31.0,10.0
33774,31.0,10.0,28.0,14.0
33775,31.0,10.0,31.0,11.0
33776,31.0,10.0,31.0,10.0
33777,31.0,10.0,27.0,17.0
33778,31.0,10.0,31.0,10.0
33779,31.0,10.0,31.0,10.0
33780,31.0,10.0,27.0,17.0
33781,31.0,10.0,31.0,11.0
33782,31.0,10.0,31.0,10.0
33783,31.0,10.0,30.0,13.0
33784,31.0,10.0,31.0,10.0
33785,31.0,10.0,30.0,13.0
33786,31.0,10.0,30.0,13.0
33787,31.0,10.0,26.0,12.0
33788,31.0,10.0,30.0,13.0
33789,31.0,10.0,30.0,13.0
33790,31.0,10.0,28.0,14.0
33791,31.0,10.0,31.0,10.0
33792,31.0,10.0,32.0,10.0
33793,31.0,10.0,32.0,10.0
33794,31.0,10.0,32.0,10.0
33795,31.0,10.0,30.0,13.0
33796,31.0,10.0,28.0,14.0
33797,31.0,10.0,30.0,13.0
33798,31.0,10.0,31.0,10.0
33799,31.0,10.0,27.0,17.0
33800,31.0,10.0,30.0,13.0
33801,31.0,10.0,26.0,12.0
33802,31.0,10.0,30.0,13.0
33803,31.0,10.0,27.0,17.0
33804,31.0,10.0,30.0,13.0
33805,31.0,10.0,26.0,12.0
33806,31.0,10.0,31.0,10.0
33807,31.0,10.0,31.0,10.0
33808,31.0,10.0,27.0,17.0
33809,31.0,10.0,27.0,17.0
33810,31.0,10.0,30.0,13.0
33811,31.0,10.0,28.0,14.0
33812,31.0,10.0,31.0,10.0
33813,31.0,10.0,30.0,13.0
33814,31.0,10.0,27.0,17.0
33815,31.0,10.0,31.0,10.0
33816,31.0,10.0,28.0,14.0
33817,31.0,10.0,27.0,17.0
33818,31.0,10.0,27.0,17.0
33819,31.0,10.0,27.0,17.0
33820,31.0,10.0,28.0,14.0
33821,31.0,10.0,31.0,10.0
33822,31.0,10.0,30.0,13.0
33823,31.0,10.0,26.0,12.0
33824,31.0,10.0,26.0,12.0
33825,31.0,10.0,26.0,12.0
33826,31.0,10.0,32.0,10.0
33827,31.0,10.0,28.0,14.0
33828,31.0,10.0,31.0,10.0
33829,31.0,10.0,30.0,13.0
33830,31.0,10.0,31.0,10.0
33831,31.0,10.0,31.0,10.0
33832,31.0,10.0,32.0,10.0
33833,31.0,10.0,32.0,10.0
33834,31.0,10.0,27.0,17.0
33835,31.0,10.0,27.0,17.0
33836,31.0,10.0,28.0,14.0
33837,31.0,10.0,26.0,12.0
33838,31.0,10.0,31.0,10.0
33839,31.0,10.0,30.0,13.0
33840,31.0,10.0,31.0,10.0
33841,31.0,10.0,32.0,10.0
33842,31.0,10.0,30.0,13.0
33843,31.0,10.0,26.0,12.0
33844,31.0,10.0,28.0,14.0
33845,31.0,10.0,28.0,14.0
33846,31.0,10.0,32.0,10.0
33847,31.0,10.0,32.0,10.0
33848,31.0,10.0,27.0,17.0
33849,31.0,10.0,31.0,10.0
33850,31.0,10.0,31.0,10.0
33851,31.0,10.0,28.0,14.0
33852,31.0,10.0,27.0,17.0
33853,31.0,10.0,28.0,14.0
33854,31.0,10.0,28.0,14.0
33855,31.0,10.0,31.0,10.0
33856,31.0,10.0,26.0,12.0
33857,31.0,10.0,27.0,17.0
33858,31.0,10.0,26.0,12.0
33859,31.0,10.0,31.0,10.0
33860,31.0,10.0,26.0,12.0
33861,31.0,10.0,30.0,13.0
33862,31.0,10.0,26.0,12.0
33863,31.0,10.0,30.0,13.0
33864,31.0,10.0,27.0,17.0
33865,31.0,10.0,26.0,12.0
33866,31.0,10.0,30.0,13.0
33867,31.0,10.0,26.0,12.0
33868,31.0,10.0,31.0,10.0
33869,31.0,10.0,26.0,12.0
33870,31.0,10.0,31.0,10.0
33871,31.0,10.0,27.0,17.0
33872,31.0,10.0,28.0,14.0
33873,31.0,10.0,31.0,10.0
33874,31.0,10.0,30.0,13.0
33875,31.0,10.0,31.0,10.0
33876,31.0,10.0,31.0,10.0
33877,31.0,10.0,31.0,10.0
33878,31.0,10.0,26.0,12.0
33879,31.0,10.0,32.0,10.0
33880,31.0,10.0,27.0,17.0
33881,31.0,10.0,31.0,11.0
33882,31.0,10.0,31.0,10.0
33883,31.0,10.0,31.0,10.0
33884,31.0,10.0,32.0,10.0
33885,31.0,10.0,27.0,17.0
33886,31.0,10.0,31.0,10.0
33887,31.0,10.0,31.0,11.0
33888,31.0,10.0,32.0,10.0
33889,31.0,10.0,31.0,10.0
33890,31.0,10.0,28.0,14.0
33891,31.0,10.0,28.0,14.0
33892,31.0,10.0,31.0,11.0
33893,31.0,10.0,31.0,10.0
33894,31.0,10.0,31.0,11.0
33895,31.0,10.0,30.0,13.0
33896,31.0,10.0,32.0,10.0
33897,31.0,10.0,31.0,10.0
33898,31.0,10.0,26.0,12.0
33899,31.0,10.0,32.0,10.0
33900,31.0,10.0,27.0,17.0
33901,31.0,10.0,31.0,11.0
33902,31.0,10.0,28.0,14.0
33903,31.0,10.0,31.0,10.0
33904,31.0,10.0,31.0,10.0
33905,31.0,10.0,31.0,10.0
33906,31.0,10.0,26.0,12.0
33907,31.0,10.0,31.0,10.0
33908,31.0,10.0,28.0,14.0
33909,31.0,10.0,28.0,14.0
33910,31.0,10.0,32.0,10.0
33911,31.0,10.0,30.0,13.0
33912,31.0,10.0,26.0,12.0
33913,31.0,10.0,30.0,13.0
33914,31.0,10.0,28.0,14.0
33915,31.0,10.0,30.0,13.0
33916,31.0,10.0,32.0,10.0
33917,31.0,10.0,32.0,10.0
33918,31.0,10.0,31.0,10.0
33919,31.0,10.0,28.0,14.0
33920,31.0,10.0,32.0,10.0
33921,31.0,10.0,30.0,13.0
33922,31.0,10.0,26.0,12.0
33923,31.0,10.0,31.0,10.0
33924,31.0,10.0,28.0,14.0
33925,31.0,10.0,28.0,14.0
33926,31.0,10.0,28.0,14.0
33927,31.0,10.0,31.0,10.0
33928,31.0,10.0,28.0,14.0
33929,31.0,10.0,28.0,14.0
33930,31.0,10.0,31.0,10.0
33931,31.0,10.0,28.0,14.0
33932,31.0,10.0,31.0,10.0
33933,31.0,10.0,31.0,11.0
33934,31.0,10.0,32.0,10.0
33935,31.0,10.0,28.0,14.0
33936,31.0,10.0,31.0,10.0
33937,31.0,10.0,28.0,14.0
33938,31.0,10.0,30.0,13.0
33939,31.0,10.0,31.0,10.0
33940,31.0,10.0,32.0,10.0
33941,31.0,10.0,32.0,10.0
33942,31.0,10.0,30.0,13.0
33943,31.0,10.0,31.0,11.0
33944,31.0,10.0,31.0,11.0
33945,31.0,10.0,27.0,17.0
33946,31.0,10.0,26.0,12.0
33947,31.0,10.0,31.0,10.0
33948,31.0,10.0,31.0,10.0
33949,31.0,10.0,26.0,12.0
33950,31.0,10.0,31.0,10.0
33951,31.0,10.0,26.0,12.0
33952,31.0,10.0,31.0,10.0
33953,31.0,10.0,31.0,10.0
33954,31.0,10.0,30.0,13.0
33955,31.0,10.0,32.0,10.0
33956,31.0,10.0,28.0,14.0
33957,31.0,10.0,32.0,10.0
33958,31.0,10.0,28.0,14.0
33959,31.0,10.0,31.0,11.0
33960,31.0,10.0,32.0,10.0
33961,31.0,10.0,26.0,12.0
33962,31.0,10.0,32.0,10.0
33963,31.0,10.0,31.0,10.0
33964,31.0,10.0,31.0,10.0
33965,31.0,10.0,31.0,10.0
33966,31.0,10.0,31.0,10.0
33967,31.0,10.0,27.0,17.0
33968,31.0,10.0,32.0,10.0
33969,31.0,10.0,28.0,14.0
33970,31.0,10.0,26.0,12.0
33971,31.0,10.0,28.0,14.0
33972,31.0,10.0,27.0,17.0
33973,31.0,10.0,31.0,10.0
33974,31.0,10.0,31.0,10.0
33975,31.0,10.0,27.0,17.0
33976,31.0,10.0,26.0,12.0
33977,31.0,10.0,31.0,11.0
33978,31.0,10.0,28.0,14.0
33979,31.0,10.0,31.0,10.0
33980,31.0,10.0,31.0,11.0
33981,31.0,10.0,28.0,14.0
33982,31.0,10.0,28.0,14.0
33983,31.0,10.0,26.0,12.0
33984,31.0,10.0,31.0,10.0
33985,31.0,10.0,31.0,10.0
33986,31.0,10.0,30.0,13.0
33987,31.0,10.0,31.0,10.0
33988,31.0,10.0,27.0,17.0
33989,31.0,10.0,31.0,10.0
33990,31.0,10.0,32.0,10.0
33991,31.0,10.0,32.0,10.0
33992,31.0,10.0,31.0,10.0
33993,31.0,10.0,30.0,13.0
33994,31.0,10.0,30.0,13.0
33995,31.0,10.0,30.0,13.0
33996,31.0,10.0,27.0,17.0
33997,31.0,10.0,31.0,10.0
33998,31.0,10.0,28.0,14.0
33999,31.0,10.0,30.0,13.0
34000,31.0,10.0,31.0,11.0
34001,31.0,10.0,31.0,10.0
34002,31.0,10.0,26.0,12.0
34003,31.0,10.0,32.0,10.0
34004,31.0,10.0,32.0,10.0
34005,31.0,10.0,26.0,12.0
34006,31.0,10.0,31.0,10.0
34007,31.0,10.0,28.0,14.0
34008,31.0,10.0,32.0,10.0
34009,31.0,10.0,31.0,11.0
34010,31.0,10.0,30.0,13.0
34011,31.0,10.0,26.0,12.0
34012,31.0,10.0,31.0,10.0
34013,31.0,10.0,27.0,17.0
34014,31.0,10.0,28.0,14.0
34015,31.0,10.0,28.0,14.0
34016,31.0,10.0,27.0,17.0
34017,31.0,10.0,30.0,13.0
34018,31.0,10.0,31.0,10.0
34019,31.0,10.0,31.0,11.0
34020,31.0,10.0,31.0,11.0
34021,31.0,10.0,31.0,11.0
34022,31.0,10.0,30.0,13.0
34023,31.0,10.0,27.0,17.0
34024,31.0,10.0,28.0,14.0
34025,31.0,10.0,31.0,10.0
34026,31.0,10.0,30.0,13.0
34027,31.0,10.0,28.0,14.0
34028,31.0,10.0,31.0,10.0
34029,31.0,10.0,31.0,11.0
34030,31.0,10.0,31.0,11.0
34031,31.0,10.0,30.0,13.0
34032,31.0,10.0,31.0,10.0
34033,31.0,10.0,32.0,10.0
34034,31.0,10.0,28.0,14.0
34035,31.0,10.0,31.0,10.0
34036,31.0,10.0,30.0,13.0
34037,31.0,10.0,31.0,10.0
34038,31.0,10.0,30.0,13.0
34039,31.0,10.0,31.0,10.0
34040,31.0,10.0,31.0,10.0
34041,31.0,10.0,31.0,11.0
34042,31.0,10.0,31.0,10.0
34043,31.0,10.0,31.0,10.0
34044,31.0,10.0,32.0,10.0
34045,31.0,10.0,31.0,11.0
34046,31.0,10.0,32.0,10.0
34047,31.0,10.0,32.0,10.0
34048,31.0,10.0,31.0,10.0
34049,31.0,10.0,28.0,14.0
34050,31.0,10.0,32.0,10.0
34051,31.0,10.0,30.0,13.0
34052,31.0,10.0,31.0,10.0
34053,31.0,10.0,28.0,14.0
34054,31.0,10.0,32.0,10.0
34055,31.0,10.0,32.0,10.0
34056,31.0,10.0,31.0,10.0
34057,31.0,10.0,28.0,14.0
34058,31.0,10.0,31.0,11.0
34059,31.0,10.0,31.0,11.0
34060,31.0,10.0,28.0,14.0
34061,31.0,10.0,31.0,10.0
34062,31.0,10.0,28.0,14.0
34063,31.0,10.0,27.0,17.0
34064,31.0,10.0,31.0,11.0
34065,31.0,10.0,32.0,10.0
34066,31.0,10.0,31.0,11.0
34067,31.0,10.0,30.0,13.0
34068,31.0,10.0,32.0,10.0
34069,31.0,10.0,31.0,11.0
34070,31.0,10.0,30.0,13.0
34071,31.0,10.0,30.0,13.0
34072,31.0,10.0,31.0,10.0
34073,31.0,10.0,31.0,10.0
34074,31.0,10.0,31.0,10.0
34075,31.0,10.0,27.0,17.0
34076,31.0,10.0,32.0,10.0
34077,31.0,10.0,31.0,10.0
34078,31.0,10.0,31.0,11.0
34079,31.0,10.0,27.0,17.0
34080,31.0,10.0,31.0,11.0
34081,31.0,10.0,30.0,13.0
34082,31.0,10.0,32.0,10.0
34083,31.0,10.0,27.0,17.0
34084,31.0,10.0,31.0,11.0
34085,31.0,10.0,31.0,10.0
34086,31.0,10.0,28.0,14.0
34087,31.0,10.0,26.0,12.0
34088,31.0,10.0,28.0,14.0
34089,31.0,10.0,31.0,10.0
34090,31.0,10.0,28.0,14.0
34091,31.0,10.0,31.0,10.0
34092,31.0,10.0,32.0,10.0
34093,31.0,10.0,27.0,17.0
34094,31.0,10.0,26.0,12.0
34095,31.0,10.0,30.0,13.0
34096,31.0,10.0,32.0,10.0
34097,31.0,10.0,28.0,14.0
34098,31.0,10.0,30.0,13.0
34099,31.0,10.0,27.0,17.0
34100,31.0,10.0,26.0,12.0
34101,31.0,10.0,31.0,10.0
34102,31.0,10.0,30.0,13.0
34103,31.0,10.0,32.0,10.0
34104,31.0,10.0,31.0,10.0
34105,31.0,10.0,31.0,11.0
34106,31.0,10.0,31.0,10.0
34107,31.0,10.0,28.0,14.0
34108,31.0,10.0,30.0,13.0
34109,31.0,10.0,26.0,12.0
34110,31.0,10.0,31.0,10.0
34111,31.0,10.0,27.0,17.0
34112,31.0,10.0,31.0,10.0
34113,31.0,10.0,32.0,10.0
34114,31.0,10.0,28.0,14.0
34115,31.0,10.0,28.0,14.0
34116,31.0,10.0,31.0,10.0
34117,31.0,10.0,32.0,10.0
34118,31.0,10.0,28.0,14.0
34119,31.0,10.0,31.0,10.0
34120,31.0,10.0,31.0,11.0
34121,31.0,10.0,31.0,10.0
34122,31.0,10.0,26.0,12.0
34123,31.0,10.0,31.0,10.0
34124,31.0,10.0,32.0,10.0
34125,31.0,10.0,31.0,10.0
34126,31.0,10.0,28.0,14.0
34127,31.0,10.0,28.0,14.0
34128,31.0,10.0,31.0,11.0
34129,31.0,10.0,31.0,10.0
34130,31.0,10.0,28.0,14.0
34131,31.0,10.0,26.0,12.0
34132,31.0,10.0,26.0,12.0
34133,31.0,10.0,26.0,12.0
34134,31.0,10.0,28.0,14.0
34135,31.0,10.0,32.0,10.0
34136,31.0,10.0,31.0,10.0
34137,31.0,10.0,32.0,10.0
34138,31.0,10.0,26.0,12.0
34139,31.0,10.0,30.0,13.0
34140,31.0,10.0,32.0,10.0
34141,31.0,10.0,28.0,14.0
34142,31.0,10.0,30.0,13.0
34143,31.0,10.0,32.0,10.0
34144,31.0,10.0,31.0,10.0
34145,31.0,10.0,31.0,10.0
34146,31.0,10.0,30.0,13.0
34147,31.0,10.0,31.0,10.0
34148,31.0,10.0,31.0,11.0
34149,31.0,10.0,31.0,10.0
34150,31.0,10.0,31.0,11.0
34151,31.0,10.0,31.0,10.0
34152,31.0,10.0,31.0,11.0
34153,31.0,10.0,31.0,11.0
34154,31.0,10.0,31.0,10.0
34155,31.0,10.0,27.0,17.0
34156,31.0,10.0,31.0,10.0
34157,31.0,10.0,28.0,14.0
34158,31.0,10.0,28.0,14.0
34159,31.0,10.0,31.0,10.0
34160,31.0,10.0,30.0,13.0
34161,31.0,10.0,31.0,10.0
34162,31.0,10.0,31.0,10.0
34163,31.0,10.0,27.0,17.0
34164,31.0,10.0,31.0,11.0
34165,31.0,10.0,27.0,17.0
34166,31.0,10.0,28.0,14.0
34167,31.0,10.0,31.0,10.0
34168,31.0,10.0,31.0,11.0
34169,31.0,10.0,31.0,10.0
34170,31.0,10.0,32.0,10.0
34171,31.0,10.0,32.0,10.0
34172,31.0,10.0,31.0,10.0
34173,31.0,10.0,28.0,14.0
34174,31.0,10.0,31.0,11.0
34175,31.0,10.0,31.0,11.0
34176,31.0,10.0,31.0,10.0
34177,31.0,10.0,27.0,17.0
34178,31.0,10.0,31.0,11.0
34179,31.0,10.0,28.0,14.0
34180,31.0,10.0,31.0,10.0
34181,31.0,10.0,26.0,12.0
34182,31.0,10.0,28.0,14.0
34183,31.0,10.0,31.0,11.0
34184,31.0,10.0,32.0,10.0
34185,31.0,10.0,31.0,10.0
34186,31.0,10.0,30.0,13.0
34187,31.0,10.0,31.0,10.0
34188,31.0,10.0,27.0,17.0
34189,31.0,10.0,28.0,14.0
34190,31.0,10.0,31.0,10.0
34191,31.0,10.0,26.0,12.0
34192,31.0,10.0,27.0,17.0
34193,31.0,10.0,26.0,12.0
34194,31.0,10.0,30.0,13.0
34195,31.0,10.0,31.0,10.0
34196,31.0,10.0,30.0,13.0
34197,31.0,10.0,31.0,10.0
34198,31.0,10.0,32.0,10.0
34199,31.0,10.0,31.0,11.0
34200,31.0,10.0,32.0,10.0
34201,31.0,10.0,31.0,10.0
34202,31.0,10.0,31.0,10.0
34203,31.0,10.0,27.0,17.0
34204,31.0,10.0,31.0,10.0
34205,31.0,10.0,26.0,12.0
34206,31.0,10.0,31.0,10.0
34207,31.0,10.0,32.0,10.0
34208,31.0,10.0,31.0,11.0
34209,31.0,10.0,28.0,14.0
34210,31.0,10.0,30.0,13.0
34211,31.0,10.0,30.0,13.0
34212,31.0,10.0,30.0,13.0
34213,31.0,10.0,30.0,13.0
34214,31.0,10.0,31.0,11.0
34215,31.0,10.0,30.0,13.0
34216,31.0,10.0,26.0,12.0
34217,31.0,10.0,28.0,14.0
34218,31.0,10.0,31.0,10.0
34219,31.0,10.0,31.0,10.0
34220,31.0,10.0,31.0,11.0
34221,31.0,10.0,28.0,14.0
34222,31.0,10.0,27.0,17.0
34223,31.0,10.0,31.0,10.0
34224,31.0,10.0,26.0,12.0
34225,31.0,10.0,31.0,11.0
34226,31.0,10.0,31.0,10.0
34227,31.0,10.0,28.0,14.0
34228,31.0,10.0,32.0,10.0
34229,31.0,10.0,26.0,12.0
34230,31.0,10.0,27.0,17.0
34231,31.0,10.0,27.0,17.0
34232,31.0,10.0,28.0,14.0
34233,31.0,10.0,31.0,10.0
34234,31.0,10.0,31.0,10.0
34235,31.0,10.0,28.0,14.0
34236,31.0,10.0,32.0,10.0
34237,31.0,10.0,28.0,14.0
34238,31.0,10.0,32.0,10.0
34239,31.0,10.0,32.0,10.0
34240,31.0,10.0,31.0,10.0
34241,31.0,10.0,26.0,12.0
34242,31.0,10.0,30.0,13.0
34243,31.0,10.0,32.0,10.0
34244,31.0,10.0,28.0,14.0
34245,31.0,10.0,28.0,14.0
34246,31.0,10.0,27.0,17.0
34247,31.0,10.0,28.0,14.0
34248,31.0,10.0,26.0,12.0
34249,31.0,10.0,30.0,13.0
34250,31.0,10.0,31.0,10.0
34251,31.0,10.0,31.0,10.0
34252,31.0,10.0,31.0,11.0
34253,31.0,10.0,31.0,10.0
34254,31.0,10.0,31.0,10.0
34255,31.0,10.0,31.0,10.0
34256,31.0,10.0,31.0,11.0
34257,31.0,10.0,30.0,13.0
34258,31.0,10.0,26.0,12.0
34259,31.0,10.0,31.0,10.0
34260,31.0,10.0,28.0,14.0
34261,31.0,10.0,28.0,14.0
34262,31.0,10.0,30.0,13.0
34263,31.0,10.0,31.0,11.0
34264,31.0,10.0,28.0,14.0
34265,31.0,10.0,30.0,13.0
34266,31.0,10.0,28.0,14.0
34267,31.0,10.0,31.0,10.0
34268,31.0,10.0,31.0,10.0
34269,31.0,10.0,31.0,10.0
34270,31.0,10.0,30.0,13.0
34271,31.0,10.0,31.0,10.0
34272,31.0,10.0,31.0,10.0
34273,31.0,10.0,27.0,17.0
34274,31.0,10.0,26.0,12.0
34275,31.0,10.0,28.0,14.0
34276,31.0,10.0,31.0,11.0
34277,31.0,10.0,28.0,14.0
34278,31.0,10.0,32.0,10.0
34279,31.0,10.0,26.0,12.0
34280,31.0,10.0,28.0,14.0
34281,31.0,10.0,27.0,17.0
34282,31.0,10.0,31.0,10.0
34283,31.0,10.0,28.0,14.0
34284,31.0,10.0,32.0,10.0
34285,31.0,10.0,28.0,14.0
34286,31.0,10.0,31.0,10.0
34287,31.0,10.0,32.0,10.0
34288,31.0,10.0,32.0,10.0
34289,31.0,10.0,30.0,13.0
34290,31.0,10.0,30.0,13.0
34291,31.0,10.0,30.0,13.0
34292,31.0,10.0,28.0,14.0
34293,31.0,10.0,31.0,10.0
34294,31.0,10.0,26.0,12.0
34295,31.0,10.0,26.0,12.0
34296,31.0,10.0,30.0,13.0
34297,31.0,10.0,26.0,12.0
34298,31.0,10.0,31.0,11.0
34299,31.0,10.0,31.0,11.0
34300,31.0,10.0,31.0,10.0
34301,31.0,10.0,32.0,10.0
34302,31.0,10.0,32.0,10.0
34303,31.0,10.0,31.0,11.0
34304,31.0,10.0,32.0,10.0
34305,31.0,10.0,28.0,14.0
34306,31.0,10.0,30.0,13.0
34307,31.0,10.0,26.0,12.0
34308,31.0,10.0,27.0,17.0
34309,31.0,10.0,27.0,17.0
34310,31.0,10.0,27.0,17.0
34311,31.0,10.0,26.0,12.0
34312,31.0,10.0,31.0,10.0
34313,31.0,10.0,26.0,12.0
34314,31.0,10.0,31.0,10.0
34315,31.0,10.0,32.0,10.0
34316,31.0,10.0,30.0,13.0
34317,31.0,10.0,30.0,13.0
34318,31.0,10.0,31.0,11.0
34319,31.0,10.0,28.0,14.0
34320,31.0,10.0,31.0,10.0
34321,31.0,10.0,31.0,11.0
34322,31.0,10.0,26.0,12.0
34323,31.0,10.0,28.0,14.0
34324,31.0,10.0,28.0,14.0
34325,31.0,10.0,31.0,10.0
34326,31.0,10.0,32.0,10.0
34327,31.0,10.0,31.0,10.0
34328,31.0,10.0,31.0,11.0
34329,31.0,10.0,31.0,11.0
34330,31.0,10.0,32.0,10.0
34331,31.0,10.0,28.0,14.0
34332,31.0,10.0,31.0,11.0
34333,31.0,10.0,32.0,10.0
34334,31.0,10.0,31.0,10.0
34335,31.0,10.0,27.0,17.0
34336,31.0,10.0,28.0,14.0
34337,31.0,10.0,28.0,14.0
34338,31.0,10.0,28.0,14.0
34339,31.0,10.0,30.0,13.0
34340,31.0,10.0,31.0,10.0
34341,31.0,10.0,26.0,12.0
34342,31.0,10.0,31.0,11.0
34343,31.0,10.0,27.0,17.0
34344,31.0,10.0,26.0,12.0
34345,31.0,10.0,31.0,10.0
34346,31.0,10.0,27.0,17.0
34347,31.0,10.0,31.0,10.0
34348,31.0,10.0,32.0,10.0
34349,31.0,10.0,26.0,12.0
34350,31.0,10.0,31.0,10.0
34351,31.0,10.0,28.0,14.0
34352,31.0,10.0,31.0,11.0
34353,31.0,10.0,27.0,17.0
34354,31.0,10.0,31.0,10.0
34355,31.0,10.0,28.0,14.0
34356,31.0,10.0,30.0,13.0
34357,31.0,10.0,30.0,13.0
34358,31.0,10.0,31.0,10.0
34359,31.0,10.0,27.0,17.0
34360,31.0,10.0,31.0,10.0
34361,31.0,10.0,31.0,10.0
34362,31.0,10.0,31.0,11.0
34363,31.0,10.0,30.0,13.0
34364,31.0,10.0,26.0,12.0
34365,31.0,10.0,31.0,10.0
34366,31.0,10.0,26.0,12.0
34367,31.0,10.0,28.0,14.0
34368,31.0,10.0,31.0,11.0
34369,31.0,10.0,32.0,10.0
34370,31.0,10.0,27.0,17.0
34371,31.0,10.0,28.0,14.0
34372,31.0,10.0,26.0,12.0
34373,31.0,10.0,31.0,10.0
34374,31.0,10.0,27.0,17.0
34375,31.0,10.0,31.0,10.0
34376,31.0,10.0,31.0,10.0
34377,31.0,10.0,31.0,10.0
34378,31.0,10.0,31.0,11.0
34379,31.0,10.0,31.0,11.0
34380,31.0,10.0,28.0,14.0
34381,31.0,10.0,32.0,10.0
34382,31.0,10.0,28.0,14.0
34383,31.0,10.0,31.0,10.0
34384,31.0,10.0,31.0,10.0
34385,31.0,10.0,31.0,10.0
34386,31.0,10.0,31.0,10.0
34387,31.0,10.0,31.0,10.0
34388,31.0,10.0,30.0,13.0
34389,31.0,10.0,32.0,10.0
34390,31.0,10.0,28.0,14.0
34391,31.0,10.0,26.0,12.0
34392,31.0,10.0,31.0,11.0
34393,31.0,10.0,31.0,10.0
34394,31.0,10.0,32.0,10.0
34395,31.0,10.0,26.0,12.0
34396,31.0,10.0,26.0,12.0
34397,31.0,10.0,31.0,10.0
34398,31.0,10.0,31.0,10.0
34399,31.0,10.0,31.0,10.0
34400,31.0,10.0,31.0,11.0
34401,31.0,10.0,27.0,17.0
34402,31.0,10.0,31.0,10.0
34403,31.0,10.0,27.0,17.0
34404,31.0,10.0,31.0,10.0
34405,31.0,10.0,31.0,10.0
34406,31.0,10.0,31.0,10.0
34407,31.0,10.0,28.0,14.0
34408,31.0,10.0,31.0,11.0
34409,31.0,10.0,26.0,12.0
34410,31.0,10.0,27.0,17.0
34411,31.0,10.0,27.0,17.0
34412,31.0,10.0,28.0,14.0
34413,31.0,10.0,28.0,14.0
34414,31.0,10.0,30.0,13.0
34415,31.0,10.0,26.0,12.0
34416,31.0,10.0,30.0,13.0
34417,31.0,10.0,27.0,17.0
34418,31.0,10.0,28.0,14.0
34419,31.0,10.0,26.0,12.0
34420,31.0,10.0,27.0,17.0
34421,31.0,10.0,31.0,10.0
34422,31.0,10.0,26.0,12.0
34423,31.0,10.0,31.0,10.0
34424,31.0,10.0,31.0,10.0
34425,31.0,10.0,26.0,12.0
34426,31.0,10.0,31.0,10.0
34427,31.0,10.0,31.0,10.0
34428,31.0,10.0,30.0,13.0
34429,31.0,10.0,31.0,10.0
34430,31.0,10.0,26.0,12.0
34431,31.0,10.0,27.0,17.0
34432,31.0,10.0,31.0,10.0
34433,31.0,10.0,28.0,14.0
34434,31.0,10.0,27.0,17.0
34435,31.0,10.0,30.0,13.0
34436,31.0,10.0,28.0,14.0
34437,31.0,10.0,26.0,12.0
34438,31.0,10.0,31.0,10.0
34439,31.0,10.0,31.0,10.0
34440,31.0,10.0,31.0,10.0
34441,31.0,10.0,26.0,12.0
34442,31.0,10.0,28.0,14.0
34443,31.0,10.0,26.0,12.0
34444,31.0,10.0,31.0,11.0
34445,31.0,10.0,30.0,13.0
34446,31.0,10.0,32.0,10.0
34447,31.0,10.0,27.0,17.0
34448,31.0,10.0,32.0,10.0
34449,31.0,10.0,31.0,11.0
34450,31.0,10.0,31.0,10.0
34451,31.0,10.0,31.0,10.0
34452,31.0,10.0,31.0,10.0
34453,31.0,10.0,26.0,12.0
34454,31.0,10.0,28.0,14.0
34455,31.0,10.0,32.0,10.0
34456,31.0,10.0,27.0,17.0
34457,31.0,10.0,31.0,10.0
34458,31.0,10.0,30.0,13.0
34459,31.0,10.0,32.0,10.0
34460,31.0,10.0,26.0,12.0
34461,31.0,10.0,27.0,17.0
34462,31.0,10.0,26.0,12.0
34463,31.0,10.0,31.0,10.0
34464,31.0,10.0,27.0,17.0
34465,31.0,10.0,26.0,12.0
34466,31.0,10.0,32.0,10.0
34467,31.0,10.0,31.0,10.0
34468,31.0,10.0,26.0,12.0
34469,31.0,10.0,31.0,11.0
34470,31.0,10.0,27.0,17.0
34471,31.0,10.0,27.0,17.0
34472,31.0,10.0,28.0,14.0
34473,31.0,10.0,28.0,14.0
34474,31.0,10.0,31.0,10.0
34475,31.0,10.0,27.0,17.0
34476,31.0,10.0,31.0,10.0
34477,31.0,10.0,31.0,10.0
34478,31.0,10.0,26.0,12.0
34479,31.0,10.0,31.0,10.0
34480,31.0,10.0,32.0,10.0
34481,31.0,10.0,31.0,10.0
34482,31.0,10.0,31.0,10.0
34483,31.0,10.0,28.0,14.0
34484,31.0,10.0,26.0,12.0
34485,31.0,10.0,31.0,10.0
34486,31.0,10.0,31.0,11.0
34487,31.0,10.0,28.0,14.0
34488,31.0,10.0,32.0,10.0
34489,31.0,10.0,31.0,10.0
34490,31.0,10.0,26.0,12.0
34491,31.0,10.0,31.0,11.0
34492,31.0,10.0,31.0,10.0
34493,31.0,10.0,32.0,10.0
34494,31.0,10.0,31.0,11.0
34495,31.0,10.0,31.0,10.0
34496,31.0,10.0,31.0,11.0
34497,31.0,10.0,30.0,13.0
34498,31.0,10.0,31.0,10.0
34499,31.0,10.0,30.0,13.0
34500,31.0,10.0,31.0,10.0
34501,31.0,10.0,30.0,13.0
34502,31.0,10.0,30.0,13.0
34503,31.0,10.0,31.0,10.0
34504,31.0,10.0,30.0,13.0
34505,31.0,10.0,27.0,17.0
34506,31.0,10.0,31.0,11.0
34507,31.0,10.0,31.0,11.0
34508,31.0,10.0,31.0,10.0
34509,31.0,10.0,31.0,10.0
34510,31.0,10.0,26.0,12.0
34511,31.0,10.0,31.0,10.0
34512,31.0,10.0,28.0,14.0
34513,31.0,10.0,28.0,14.0
34514,31.0,10.0,27.0,17.0
34515,31.0,10.0,30.0,13.0
34516,31.0,10.0,31.0,10.0
34517,31.0,10.0,31.0,10.0
34518,31.0,10.0,31.0,10.0
34519,31.0,10.0,27.0,17.0
34520,31.0,10.0,31.0,10.0
34521,31.0,10.0,31.0,10.0
34522,31.0,10.0,26.0,12.0
34523,31.0,10.0,32.0,10.0
34524,31.0,10.0,26.0,12.0
34525,31.0,10.0,26.0,12.0
34526,31.0,10.0,32.0,10.0
34527,31.0,10.0,30.0,13.0
34528,31.0,10.0,27.0,17.0
34529,31.0,10.0,31.0,10.0
34530,31.0,10.0,31.0,10.0
34531,31.0,10.0,31.0,10.0
34532,31.0,10.0,26.0,12.0
34533,31.0,10.0,26.0,12.0
34534,31.0,10.0,27.0,17.0
34535,31.0,10.0,27.0,17.0
34536,31.0,10.0,27.0,17.0
34537,31.0,10.0,30.0,13.0
34538,31.0,10.0,31.0,10.0
34539,31.0,10.0,30.0,13.0
34540,31.0,10.0,27.0,17.0
34541,31.0,10.0,28.0,14.0
34542,31.0,10.0,30.0,13.0
34543,31.0,10.0,27.0,17.0
34544,31.0,10.0,26.0,12.0
34545,31.0,10.0,31.0,10.0
34546,31.0,10.0,30.0,13.0
34547,31.0,10.0,31.0,10.0
34548,31.0,10.0,31.0,10.0
34549,31.0,10.0,27.0,17.0
34550,31.0,10.0,28.0,14.0
34551,31.0,10.0,31.0,11.0
34552,31.0,10.0,27.0,17.0
34553,31.0,10.0,27.0,17.0
34554,31.0,10.0,27.0,17.0
34555,31.0,10.0,31.0,11.0
34556,31.0,10.0,28.0,14.0
34557,31.0,10.0,31.0,10.0
34558,31.0,10.0,26.0,12.0
34559,31.0,10.0,31.0,11.0
34560,31.0,10.0,31.0,10.0
34561,31.0,10.0,27.0,17.0
34562,31.0,10.0,31.0,10.0
34563,31.0,10.0,30.0,13.0
34564,31.0,10.0,26.0,12.0
34565,31.0,10.0,31.0,11.0
34566,31.0,10.0,32.0,10.0
34567,31.0,10.0,31.0,11.0
34568,31.0,10.0,30.0,13.0
34569,31.0,10.0,31.0,11.0
34570,31.0,10.0,31.0,10.0
34571,31.0,10.0,27.0,17.0
34572,31.0,10.0,31.0,10.0
34573,31.0,10.0,28.0,14.0
34574,31.0,10.0,32.0,10.0
34575,31.0,10.0,27.0,17.0
34576,31.0,10.0,31.0,10.0
34577,31.0,10.0,28.0,14.0
34578,31.0,10.0,28.0,14.0
34579,31.0,10.0,26.0,12.0
34580,31.0,10.0,31.0,10.0
34581,31.0,10.0,28.0,14.0
34582,31.0,10.0,30.0,13.0
34583,31.0,10.0,31.0,10.0
34584,31.0,10.0,31.0,10.0
34585,31.0,10.0,31.0,10.0
34586,31.0,10.0,30.0,13.0
34587,31.0,10.0,26.0,12.0
34588,31.0,10.0,26.0,12.0
34589,31.0,10.0,26.0,12.0
34590,31.0,10.0,28.0,14.0
34591,31.0,10.0,31.0,10.0
34592,31.0,10.0,27.0,17.0
34593,31.0,10.0,27.0,17.0
34594,31.0,10.0,31.0,10.0
34595,31.0,10.0,31.0,10.0
34596,31.0,10.0,31.0,10.0
34597,31.0,10.0,31.0,10.0
34598,31.0,10.0,31.0,11.0
34599,31.0,10.0,27.0,17.0
34600,31.0,10.0,30.0,13.0
34601,31.0,10.0,31.0,10.0
34602,31.0,10.0,31.0,10.0
34603,31.0,10.0,31.0,11.0
34604,31.0,10.0,28.0,14.0
34605,31.0,10.0,31.0,10.0
34606,31.0,10.0,31.0,11.0
34607,31.0,10.0,28.0,14.0
34608,31.0,10.0,32.0,10.0
34609,31.0,10.0,32.0,10.0
34610,31.0,10.0,27.0,17.0
34611,31.0,10.0,31.0,10.0
34612,31.0,10.0,26.0,12.0
34613,31.0,10.0,28.0,14.0
34614,31.0,10.0,26.0,12.0
34615,31.0,10.0,28.0,14.0
34616,31.0,10.0,32.0,10.0
34617,31.0,10.0,31.0,11.0
34618,31.0,10.0,31.0,11.0
34619,31.0,10.0,31.0,10.0
34620,31.0,10.0,26.0,12.0
34621,31.0,10.0,32.0,10.0
34622,31.0,10.0,31.0,10.0
34623,31.0,10.0,30.0,13.0
34624,31.0,10.0,31.0,10.0
34625,31.0,10.0,31.0,10.0
34626,31.0,10.0,30.0,13.0
34627,31.0,10.0,28.0,14.0
34628,31.0,10.0,28.0,14.0
34629,31.0,10.0,31.0,11.0
34630,31.0,10.0,32.0,10.0
34631,31.0,10.0,30.0,13.0
34632,31.0,10.0,26.0,12.0
34633,31.0,10.0,27.0,17.0
34634,31.0,10.0,28.0,14.0
34635,31.0,10.0,31.0,10.0
34636,31.0,10.0,27.0,17.0
34637,31.0,10.0,31.0,10.0
34638,31.0,10.0,28.0,14.0
34639,31.0,10.0,27.0,17.0
34640,31.0,10.0,27.0,17.0
34641,31.0,10.0,26.0,12.0
34642,31.0,10.0,28.0,14.0
34643,31.0,10.0,27.0,17.0
34644,31.0,10.0,31.0,10.0
34645,31.0,10.0,28.0,14.0
34646,31.0,10.0,30.0,13.0
34647,31.0,10.0,32.0,10.0
34648,31.0,10.0,27.0,17.0
34649,31.0,10.0,32.0,10.0
34650,31.0,10.0,30.0,13.0
34651,31.0,10.0,30.0,13.0
34652,31.0,10.0,31.0,10.0
34653,31.0,10.0,32.0,10.0
34654,31.0,10.0,26.0,12.0
34655,31.0,10.0,27.0,17.0
34656,31.0,10.0,31.0,11.0
34657,31.0,10.0,26.0,12.0
34658,31.0,10.0,28.0,14.0
34659,31.0,10.0,26.0,12.0
34660,31.0,10.0,31.0,10.0
34661,31.0,10.0,32.0,10.0
34662,31.0,10.0,31.0,10.0
34663,31.0,10.0,31.0,11.0
34664,31.0,10.0,28.0,14.0
34665,31.0,10.0,28.0,14.0
34666,31.0,10.0,32.0,10.0
34667,31.0,10.0,31.0,10.0
34668,31.0,10.0,27.0,17.0
34669,31.0,10.0,30.0,13.0
34670,31.0,10.0,31.0,10.0
34671,31.0,10.0,32.0,10.0
34672,31.0,10.0,28.0,14.0
34673,31.0,10.0,27.0,17.0
34674,31.0,10.0,30.0,13.0
34675,31.0,10.0,30.0,13.0
34676,31.0,10.0,31.0,10.0
34677,31.0,10.0,27.0,17.0
34678,31.0,10.0,26.0,12.0
34679,31.0,10.0,31.0,10.0
34680,31.0,10.0,28.0,14.0
34681,31.0,10.0,26.0,12.0
34682,31.0,10.0,31.0,10.0
34683,31.0,10.0,26.0,12.0
34684,31.0,10.0,30.0,13.0
34685,31.0,10.0,27.0,17.0
34686,31.0,10.0,26.0,12.0
34687,31.0,10.0,31.0,10.0
34688,31.0,10.0,30.0,13.0
34689,31.0,10.0,31.0,11.0
34690,31.0,10.0,27.0,17.0
34691,31.0,10.0,28.0,14.0
34692,31.0,10.0,28.0,14.0
34693,31.0,10.0,31.0,10.0
34694,31.0,10.0,32.0,10.0
34695,31.0,10.0,31.0,10.0
34696,31.0,10.0,32.0,10.0
34697,31.0,10.0,27.0,17.0
34698,31.0,10.0,32.0,10.0
34699,31.0,10.0,28.0,14.0
34700,31.0,10.0,31.0,11.0
34701,31.0,10.0,27.0,17.0
34702,31.0,10.0,28.0,14.0
34703,31.0,10.0,27.0,17.0
34704,31.0,10.0,31.0,11.0
34705,31.0,10.0,32.0,10.0
34706,31.0,10.0,27.0,17.0
34707,31.0,10.0,30.0,13.0
34708,31.0,10.0,31.0,10.0
34709,31.0,10.0,30.0,13.0
34710,31.0,10.0,31.0,10.0
34711,31.0,10.0,30.0,13.0
34712,31.0,10.0,28.0,14.0
34713,31.0,10.0,27.0,17.0
34714,31.0,10.0,31.0,10.0
34715,31.0,10.0,31.0,11.0
34716,31.0,10.0,30.0,13.0
34717,31.0,10.0,32.0,10.0
34718,31.0,10.0,26.0,12.0
34719,31.0,10.0,30.0,13.0
34720,31.0,10.0,31.0,10.0
34721,31.0,10.0,31.0,11.0
34722,31.0,10.0,30.0,13.0
34723,31.0,10.0,30.0,13.0
34724,31.0,10.0,32.0,10.0
34725,31.0,10.0,32.0,10.0
34726,31.0,10.0,31.0,10.0
34727,31.0,10.0,28.0,14.0
34728,31.0,10.0,27.0,17.0
34729,31.0,10.0,32.0,10.0
34730,31.0,10.0,31.0,10.0
34731,31.0,10.0,31.0,11.0
34732,31.0,10.0,26.0,12.0
34733,31.0,10.0,28.0,14.0
34734,31.0,10.0,31.0,10.0
34735,31.0,10.0,31.0,10.0
34736,31.0,10.0,26.0,12.0
34737,31.0,10.0,31.0,10.0
34738,31.0,10.0,28.0,14.0
34739,31.0,10.0,26.0,12.0
34740,31.0,10.0,30.0,13.0
34741,31.0,10.0,31.0,10.0
34742,31.0,10.0,31.0,10.0
34743,31.0,10.0,32.0,10.0
34744,31.0,10.0,27.0,17.0
34745,31.0,10.0,27.0,17.0
34746,31.0,10.0,30.0,13.0
34747,31.0,10.0,26.0,12.0
34748,31.0,10.0,30.0,13.0
34749,31.0,10.0,31.0,10.0
34750,31.0,10.0,30.0,13.0
34751,31.0,10.0,26.0,12.0
34752,31.0,10.0,28.0,14.0
34753,31.0,10.0,31.0,10.0
34754,31.0,10.0,30.0,13.0
34755,31.0,10.0,26.0,12.0
34756,31.0,10.0,26.0,12.0
34757,31.0,10.0,31.0,10.0
34758,31.0,10.0,32.0,10.0
34759,31.0,10.0,31.0,11.0
34760,31.0,10.0,30.0,13.0
34761,31.0,10.0,31.0,10.0
34762,31.0,10.0,31.0,10.0
34763,31.0,10.0,28.0,14.0
34764,31.0,10.0,27.0,17.0
34765,31.0,10.0,31.0,10.0
34766,31.0,10.0,27.0,17.0
34767,31.0,10.0,31.0,10.0
34768,31.0,10.0,26.0,12.0
34769,31.0,10.0,30.0,13.0
34770,31.0,10.0,30.0,13.0
34771,31.0,10.0,30.0,13.0
34772,31.0,10.0,31.0,10.0
34773,31.0,10.0,26.0,12.0
34774,31.0,10.0,30.0,13.0
34775,31.0,10.0,31.0,10.0
34776,31.0,10.0,27.0,17.0
34777,31.0,10.0,31.0,11.0
34778,31.0,10.0,27.0,17.0
34779,31.0,10.0,28.0,14.0
34780,31.0,10.0,30.0,13.0
34781,31.0,10.0,30.0,13.0
34782,31.0,10.0,27.0,17.0
34783,31.0,10.0,27.0,17.0
34784,31.0,10.0,32.0,10.0
34785,31.0,10.0,28.0,14.0
34786,31.0,10.0,31.0,10.0
34787,31.0,10.0,28.0,14.0
34788,31.0,10.0,31.0,10.0
34789,31.0,10.0,31.0,11.0
34790,31.0,10.0,27.0,17.0
34791,31.0,10.0,32.0,10.0
34792,31.0,10.0,28.0,14.0
34793,31.0,10.0,32.0,10.0
34794,31.0,10.0,31.0,11.0
34795,31.0,10.0,31.0,11.0
34796,31.0,10.0,27.0,17.0
34797,31.0,10.0,30.0,13.0
34798,31.0,10.0,31.0,10.0
34799,31.0,10.0,31.0,10.0
34800,31.0,10.0,31.0,11.0
34801,31.0,10.0,26.0,12.0
34802,31.0,10.0,31.0,11.0
34803,31.0,10.0,30.0,13.0
34804,31.0,10.0,28.0,14.0
34805,31.0,10.0,32.0,10.0
34806,31.0,10.0,31.0,10.0
34807,31.0,10.0,31.0,10.0
34808,31.0,10.0,32.0,10.0
34809,31.0,10.0,28.0,14.0
34810,31.0,10.0,32.0,10.0
34811,31.0,10.0,30.0,13.0
34812,31.0,10.0,31.0,10.0
34813,31.0,10.0,31.0,10.0
34814,31.0,10.0,31.0,10.0
34815,31.0,10.0,31.0,10.0
34816,31.0,10.0,27.0,17.0
34817,31.0,10.0,27.0,17.0
34818,31.0,10.0,28.0,14.0
34819,31.0,10.0,32.0,10.0
34820,31.0,10.0,31.0,10.0
34821,31.0,10.0,31.0,10.0
34822,31.0,10.0,31.0,11.0
34823,31.0,10.0,26.0,12.0
34824,31.0,10.0,30.0,13.0
34825,31.0,10.0,31.0,10.0
34826,31.0,10.0,26.0,12.0
34827,31.0,10.0,31.0,10.0
34828,31.0,10.0,31.0,10.0
34829,31.0,10.0,31.0,10.0
34830,31.0,10.0,32.0,10.0
34831,31.0,10.0,32.0,10.0
34832,31.0,10.0,30.0,13.0
34833,31.0,10.0,31.0,10.0
34834,31.0,10.0,31.0,10.0
34835,31.0,10.0,31.0,10.0
34836,31.0,10.0,27.0,17.0
34837,31.0,10.0,26.0,12.0
34838,31.0,10.0,30.0,13.0
34839,31.0,10.0,27.0,17.0
34840,31.0,10.0,31.0,10.0
34841,31.0,10.0,31.0,10.0
34842,31.0,10.0,31.0,11.0
34843,31.0,10.0,28.0,14.0
34844,31.0,10.0,26.0,12.0
34845,31.0,10.0,31.0,10.0
34846,31.0,10.0,31.0,10.0
34847,31.0,10.0,27.0,17.0
34848,31.0,10.0,26.0,12.0
34849,31.0,10.0,30.0,13.0
34850,31.0,10.0,26.0,12.0
34851,31.0,10.0,31.0,11.0
34852,31.0,10.0,26.0,12.0
34853,31.0,10.0,32.0,10.0
34854,31.0,10.0,26.0,12.0
34855,31.0,10.0,28.0,14.0
34856,31.0,10.0,27.0,17.0
34857,31.0,10.0,31.0,10.0
34858,31.0,10.0,28.0,14.0
34859,31.0,10.0,31.0,11.0
34860,31.0,10.0,30.0,13.0
34861,31.0,10.0,31.0,10.0
34862,31.0,10.0,32.0,10.0
34863,31.0,10.0,30.0,13.0
34864,31.0,10.0,32.0,10.0
34865,31.0,10.0,31.0,10.0
34866,31.0,10.0,32.0,10.0
34867,31.0,10.0,31.0,10.0
34868,31.0,10.0,27.0,17.0
34869,31.0,10.0,31.0,10.0
34870,31.0,10.0,27.0,17.0
34871,31.0,10.0,31.0,10.0
34872,31.0,10.0,31.0,10.0
34873,31.0,10.0,31.0,10.0
34874,31.0,10.0,31.0,10.0
34875,31.0,10.0,31.0,10.0
34876,31.0,10.0,31.0,11.0
34877,31.0,10.0,28.0,14.0
34878,31.0,10.0,28.0,14.0
34879,31.0,10.0,28.0,14.0
34880,31.0,10.0,31.0,10.0
34881,31.0,10.0,27.0,17.0
34882,31.0,10.0,31.0,10.0
34883,31.0,10.0,31.0,11.0
34884,31.0,10.0,31.0,10.0
34885,31.0,10.0,28.0,14.0
34886,31.0,10.0,32.0,10.0
34887,31.0,10.0,26.0,12.0
34888,31.0,10.0,31.0,10.0
34889,31.0,10.0,26.0,12.0
34890,31.0,10.0,31.0,11.0
34891,31.0,10.0,30.0,13.0
34892,31.0,10.0,30.0,13.0
34893,31.0,10.0,31.0,10.0
34894,31.0,10.0,31.0,10.0
34895,31.0,10.0,27.0,17.0
34896,31.0,10.0,30.0,13.0
34897,31.0,10.0,26.0,12.0
34898,31.0,10.0,26.0,12.0
34899,31.0,10.0,30.0,13.0
34900,31.0,10.0,27.0,17.0
34901,31.0,10.0,28.0,14.0
34902,31.0,10.0,31.0,10.0
34903,31.0,10.0,30.0,13.0
34904,31.0,10.0,31.0,10.0
34905,31.0,10.0,32.0,10.0
34906,31.0,10.0,31.0,10.0
34907,31.0,10.0,31.0,10.0
34908,31.0,10.0,31.0,10.0
34909,31.0,10.0,31.0,10.0
34910,31.0,10.0,31.0,11.0
34911,31.0,10.0,31.0,10.0
34912,31.0,10.0,30.0,13.0
34913,31.0,10.0,30.0,13.0
34914,31.0,10.0,26.0,12.0
34915,31.0,10.0,31.0,10.0
34916,31.0,10.0,30.0,13.0
34917,31.0,10.0,32.0,10.0
34918,31.0,10.0,32.0,10.0
34919,31.0,10.0,32.0,10.0
34920,31.0,10.0,27.0,17.0
34921,31.0,10.0,26.0,12.0
34922,31.0,10.0,31.0,10.0
34923,31.0,10.0,26.0,12.0
34924,31.0,10.0,32.0,10.0
34925,31.0,10.0,26.0,12.0
34926,31.0,10.0,31.0,11.0
34927,31.0,10.0,31.0,10.0
34928,31.0,10.0,31.0,10.0
34929,31.0,10.0,26.0,12.0
34930,31.0,10.0,32.0,10.0
34931,31.0,10.0,27.0,17.0
34932,31.0,10.0,32.0,10.0
34933,31.0,10.0,27.0,17.0
34934,31.0,10.0,31.0,10.0
34935,31.0,10.0,27.0,17.0
34936,31.0,10.0,31.0,11.0
34937,31.0,10.0,32.0,10.0
34938,31.0,10.0,31.0,10.0
34939,31.0,10.0,26.0,12.0
34940,31.0,10.0,30.0,13.0
34941,31.0,10.0,28.0,14.0
34942,31.0,10.0,31.0,10.0
34943,31.0,10.0,32.0,10.0
34944,31.0,10.0,31.0,11.0
34945,31.0,10.0,31.0,10.0
34946,31.0,10.0,30.0,13.0
34947,31.0,10.0,28.0,14.0
34948,31.0,10.0,31.0,10.0
34949,31.0,10.0,31.0,11.0
34950,31.0,10.0,31.0,11.0
34951,31.0,10.0,31.0,10.0
34952,31.0,10.0,27.0,17.0
34953,31.0,10.0,31.0,10.0
34954,31.0,10.0,32.0,10.0
34955,31.0,10.0,31.0,10.0
34956,31.0,10.0,28.0,14.0
34957,31.0,10.0,32.0,10.0
34958,31.0,10.0,31.0,10.0
34959,31.0,10.0,27.0,17.0
34960,31.0,10.0,32.0,10.0
34961,31.0,10.0,30.0,13.0
34962,31.0,10.0,31.0,10.0
34963,31.0,10.0,31.0,11.0
34964,31.0,10.0,27.0,17.0
34965,31.0,10.0,28.0,14.0
34966,31.0,10.0,26.0,12.0
34967,31.0,10.0,30.0,13.0
34968,31.0,10.0,32.0,10.0
34969,31.0,10.0,31.0,10.0
34970,31.0,10.0,26.0,12.0
34971,31.0,10.0,31.0,10.0
34972,31.0,10.0,30.0,13.0
34973,31.0,10.0,26.0,12.0
34974,31.0,10.0,26.0,12.0
34975,31.0,10.0,31.0,11.0
34976,31.0,10.0,26.0,12.0
34977,31.0,10.0,31.0,10.0
34978,31.0,10.0,26.0,12.0
34979,31.0,10.0,30.0,13.0
34980,31.0,10.0,27.0,17.0
34981,31.0,10.0,30.0,13.0
34982,31.0,10.0,30.0,13.0
34983,31.0,10.0,31.0,10.0
34984,31.0,10.0,26.0,12.0
34985,31.0,10.0,31.0,10.0
34986,31.0,10.0,30.0,13.0
34987,31.0,10.0,28.0,14.0
34988,31.0,10.0,28.0,14.0
34989,31.0,10.0,28.0,14.0
34990,31.0,10.0,28.0,14.0
34991,31.0,10.0,28.0,14.0
34992,31.0,10.0,31.0,10.0
34993,31.0,10.0,27.0,17.0
34994,31.0,10.0,32.0,10.0
34995,31.0,10.0,32.0,10.0
34996,31.0,10.0,31.0,10.0
34997,31.0,10.0,30.0,13.0
34998,31.0,10.0,31.0,10.0
34999,31.0,10.0,27.0,17.0
35000,31.0,10.0,28.0,14.0
35001,31.0,10.0,31.0,10.0
35002,31.0,10.0,28.0,14.0
35003,31.0,10.0,28.0,14.0
35004,31.0,10.0,28.0,14.0
35005,31.0,10.0,31.0,10.0
35006,31.0,10.0,31.0,10.0
35007,31.0,10.0,31.0,10.0
35008,31.0,10.0,31.0,10.0
35009,31.0,10.0,31.0,11.0
35010,31.0,10.0,30.0,13.0
35011,31.0,10.0,31.0,10.0
35012,31.0,10.0,31.0,10.0
35013,31.0,10.0,27.0,17.0
35014,31.0,10.0,31.0,10.0
35015,31.0,10.0,31.0,10.0
35016,31.0,10.0,30.0,13.0
35017,31.0,10.0,31.0,10.0
35018,31.0,10.0,30.0,13.0
35019,31.0,10.0,31.0,10.0
35020,31.0,10.0,31.0,10.0
35021,31.0,10.0,31.0,10.0
35022,31.0,10.0,31.0,11.0
35023,31.0,10.0,26.0,12.0
35024,31.0,10.0,27.0,17.0
35025,31.0,10.0,27.0,17.0
35026,31.0,10.0,31.0,10.0
35027,31.0,10.0,28.0,14.0
35028,31.0,10.0,28.0,14.0
35029,31.0,10.0,27.0,17.0
35030,31.0,10.0,32.0,10.0
35031,31.0,10.0,31.0,11.0
35032,31.0,10.0,26.0,12.0
35033,31.0,10.0,30.0,13.0
35034,31.0,10.0,27.0,17.0
35035,31.0,10.0,28.0,14.0
35036,31.0,10.0,31.0,10.0
35037,31.0,10.0,30.0,13.0
35038,31.0,10.0,30.0,13.0
35039,31.0,10.0,31.0,10.0
35040,31.0,10.0,31.0,10.0
35041,31.0,10.0,28.0,14.0
35042,31.0,10.0,26.0,12.0
35043,31.0,10.0,31.0,11.0
35044,31.0,10.0,31.0,10.0
35045,31.0,10.0,31.0,11.0
35046,31.0,10.0,31.0,11.0
35047,31.0,10.0,31.0,11.0
35048,31.0,10.0,31.0,10.0
35049,31.0,10.0,31.0,10.0
35050,31.0,10.0,31.0,10.0
35051,31.0,10.0,27.0,17.0
35052,31.0,10.0,28.0,14.0
35053,31.0,10.0,26.0,12.0
35054,31.0,10.0,31.0,10.0
35055,31.0,10.0,30.0,13.0
35056,31.0,10.0,31.0,10.0
35057,31.0,10.0,31.0,10.0
35058,31.0,10.0,27.0,17.0
35059,31.0,10.0,28.0,14.0
35060,31.0,10.0,31.0,11.0
35061,31.0,10.0,27.0,17.0
35062,31.0,10.0,28.0,14.0
35063,31.0,10.0,26.0,12.0
35064,31.0,10.0,32.0,10.0
35065,31.0,10.0,31.0,11.0
35066,31.0,10.0,28.0,14.0
35067,31.0,10.0,32.0,10.0
35068,31.0,10.0,27.0,17.0
35069,31.0,10.0,30.0,13.0
35070,31.0,10.0,27.0,17.0
35071,31.0,10.0,28.0,14.0
35072,31.0,10.0,26.0,12.0
35073,31.0,10.0,30.0,13.0
35074,31.0,10.0,31.0,11.0
35075,31.0,10.0,26.0,12.0
35076,31.0,10.0,30.0,13.0
35077,31.0,10.0,32.0,10.0
35078,31.0,10.0,32.0,10.0
35079,31.0,10.0,26.0,12.0
35080,31.0,10.0,30.0,13.0
35081,31.0,10.0,28.0,14.0
35082,31.0,10.0,32.0,10.0
35083,31.0,10.0,27.0,17.0
35084,31.0,10.0,28.0,14.0
35085,31.0,10.0,28.0,14.0
35086,31.0,10.0,27.0,17.0
35087,31.0,10.0,27.0,17.0
35088,31.0,10.0,32.0,10.0
35089,31.0,10.0,31.0,10.0
35090,31.0,10.0,27.0,17.0
35091,31.0,10.0,31.0,11.0
35092,31.0,10.0,26.0,12.0
35093,31.0,10.0,30.0,13.0
35094,31.0,10.0,31.0,10.0
35095,31.0,10.0,30.0,13.0
35096,31.0,10.0,31.0,10.0
35097,31.0,10.0,26.0,12.0
35098,31.0,10.0,30.0,13.0
35099,31.0,10.0,27.0,17.0
35100,31.0,10.0,28.0,14.0
35101,31.0,10.0,30.0,13.0
35102,31.0,10.0,31.0,10.0
35103,31.0,10.0,31.0,10.0
35104,31.0,10.0,31.0,11.0
35105,31.0,10.0,31.0,11.0
35106,31.0,10.0,31.0,10.0
35107,31.0,10.0,31.0,10.0
35108,31.0,10.0,31.0,10.0
35109,31.0,10.0,26.0,12.0
35110,31.0,10.0,31.0,10.0
35111,31.0,10.0,26.0,12.0
35112,31.0,10.0,26.0,12.0
35113,31.0,10.0,28.0,14.0
35114,31.0,10.0,31.0,10.0
35115,31.0,10.0,26.0,12.0
35116,31.0,10.0,26.0,12.0
35117,31.0,10.0,32.0,10.0
35118,31.0,10.0,26.0,12.0
35119,31.0,10.0,30.0,13.0
35120,31.0,10.0,31.0,10.0
35121,31.0,10.0,26.0,12.0
35122,31.0,10.0,27.0,17.0
35123,31.0,10.0,31.0,10.0
35124,31.0,10.0,27.0,17.0
35125,31.0,10.0,31.0,10.0
35126,31.0,10.0,31.0,10.0
35127,31.0,10.0,26.0,12.0
35128,31.0,10.0,31.0,10.0
35129,31.0,10.0,32.0,10.0
35130,31.0,10.0,26.0,12.0
35131,31.0,10.0,31.0,10.0
35132,31.0,10.0,27.0,17.0
35133,31.0,10.0,28.0,14.0
35134,31.0,10.0,31.0,11.0
35135,31.0,10.0,27.0,17.0
35136,31.0,10.0,31.0,10.0
35137,31.0,10.0,27.0,17.0
35138,31.0,10.0,27.0,17.0
35139,31.0,10.0,26.0,12.0
35140,31.0,10.0,31.0,10.0
35141,31.0,10.0,31.0,10.0
35142,31.0,10.0,30.0,13.0
35143,31.0,10.0,28.0,14.0
35144,31.0,10.0,28.0,14.0
35145,31.0,10.0,28.0,14.0
35146,31.0,10.0,31.0,10.0
35147,31.0,10.0,27.0,17.0
35148,31.0,10.0,30.0,13.0
35149,31.0,10.0,31.0,10.0
35150,31.0,10.0,27.0,17.0
35151,31.0,10.0,26.0,12.0
35152,31.0,10.0,31.0,10.0
35153,31.0,10.0,27.0,17.0
35154,31.0,10.0,28.0,14.0
35155,31.0,10.0,32.0,10.0
35156,31.0,10.0,32.0,10.0
35157,31.0,10.0,31.0,10.0
35158,31.0,10.0,31.0,10.0
35159,31.0,10.0,32.0,10.0
35160,31.0,10.0,31.0,10.0
35161,31.0,10.0,26.0,12.0
35162,31.0,10.0,31.0,11.0
35163,31.0,10.0,31.0,10.0
35164,31.0,10.0,31.0,10.0
35165,31.0,10.0,31.0,10.0
35166,31.0,10.0,31.0,10.0
35167,31.0,10.0,32.0,10.0
35168,31.0,10.0,31.0,10.0
35169,31.0,10.0,26.0,12.0
35170,31.0,10.0,31.0,10.0
35171,31.0,10.0,32.0,10.0
35172,31.0,10.0,26.0,12.0
35173,31.0,10.0,26.0,12.0
35174,31.0,10.0,31.0,10.0
35175,31.0,10.0,31.0,10.0
35176,31.0,10.0,28.0,14.0
35177,31.0,10.0,26.0,12.0
35178,31.0,10.0,31.0,10.0
35179,31.0,10.0,28.0,14.0
35180,31.0,10.0,26.0,12.0
35181,31.0,10.0,30.0,13.0
35182,31.0,10.0,31.0,10.0
35183,31.0,10.0,30.0,13.0
35184,31.0,10.0,31.0,11.0
35185,31.0,10.0,31.0,11.0
35186,31.0,10.0,26.0,12.0
35187,31.0,10.0,30.0,13.0
35188,31.0,10.0,28.0,14.0
35189,31.0,10.0,28.0,14.0
35190,31.0,10.0,27.0,17.0
35191,31.0,10.0,26.0,12.0
35192,31.0,10.0,26.0,12.0
35193,31.0,10.0,27.0,17.0
35194,31.0,10.0,27.0,17.0
35195,31.0,10.0,28.0,14.0
35196,31.0,10.0,32.0,10.0
35197,31.0,10.0,26.0,12.0
35198,31.0,10.0,27.0,17.0
35199,31.0,10.0,28.0,14.0
35200,31.0,10.0,26.0,12.0
35201,31.0,10.0,28.0,14.0
35202,31.0,10.0,31.0,10.0
35203,31.0,10.0,31.0,10.0
35204,31.0,10.0,27.0,17.0
35205,31.0,10.0,32.0,10.0
35206,31.0,10.0,26.0,12.0
35207,31.0,10.0,30.0,13.0
35208,31.0,10.0,31.0,10.0
35209,31.0,10.0,32.0,10.0
35210,31.0,10.0,31.0,10.0
35211,31.0,10.0,31.0,10.0
35212,31.0,10.0,30.0,13.0
35213,31.0,10.0,28.0,14.0
35214,31.0,10.0,30.0,13.0
35215,31.0,10.0,31.0,10.0
35216,31.0,10.0,30.0,13.0
35217,31.0,10.0,32.0,10.0
35218,31.0,10.0,26.0,12.0
35219,31.0,10.0,31.0,10.0
35220,31.0,10.0,32.0,10.0
35221,31.0,10.0,28.0,14.0
35222,31.0,10.0,30.0,13.0
35223,31.0,10.0,31.0,10.0
35224,31.0,10.0,30.0,13.0
35225,31.0,10.0,31.0,10.0
35226,31.0,10.0,28.0,14.0
35227,31.0,10.0,32.0,10.0
35228,31.0,10.0,28.0,14.0
35229,31.0,10.0,28.0,14.0
35230,31.0,10.0,32.0,10.0
35231,31.0,10.0,26.0,12.0
35232,31.0,10.0,31.0,10.0
35233,31.0,10.0,27.0,17.0
35234,31.0,10.0,31.0,10.0
35235,31.0,10.0,31.0,10.0
35236,31.0,10.0,31.0,10.0
35237,31.0,10.0,30.0,13.0
35238,31.0,10.0,31.0,11.0
35239,31.0,10.0,31.0,11.0
35240,31.0,10.0,30.0,13.0
35241,31.0,10.0,26.0,12.0
35242,31.0,10.0,31.0,10.0
35243,31.0,10.0,31.0,10.0
35244,31.0,10.0,31.0,10.0
35245,31.0,10.0,31.0,11.0
35246,31.0,10.0,31.0,10.0
35247,31.0,10.0,31.0,10.0
35248,31.0,10.0,31.0,10.0
35249,31.0,10.0,31.0,10.0
35250,31.0,10.0,32.0,10.0
35251,31.0,10.0,31.0,10.0
35252,31.0,10.0,32.0,10.0
35253,31.0,10.0,32.0,10.0
35254,31.0,10.0,31.0,10.0
35255,31.0,10.0,31.0,10.0
35256,31.0,10.0,31.0,10.0
35257,31.0,10.0,31.0,11.0
35258,31.0,10.0,31.0,11.0
35259,31.0,10.0,28.0,14.0
35260,31.0,10.0,32.0,10.0
35261,31.0,10.0,31.0,11.0
35262,31.0,10.0,28.0,14.0
35263,31.0,10.0,30.0,13.0
35264,31.0,10.0,31.0,11.0
35265,31.0,10.0,31.0,10.0
35266,31.0,10.0,27.0,17.0
35267,31.0,10.0,27.0,17.0
35268,31.0,10.0,31.0,11.0
35269,31.0,10.0,31.0,11.0
35270,31.0,10.0,31.0,10.0
35271,31.0,10.0,30.0,13.0
35272,31.0,10.0,31.0,10.0
35273,31.0,10.0,31.0,10.0
35274,31.0,10.0,32.0,10.0
35275,31.0,10.0,27.0,17.0
35276,31.0,10.0,32.0,10.0
35277,31.0,10.0,31.0,10.0
35278,31.0,10.0,31.0,11.0
35279,31.0,10.0,30.0,13.0
35280,31.0,10.0,30.0,13.0
35281,31.0,10.0,30.0,13.0
35282,31.0,10.0,27.0,17.0
35283,31.0,10.0,31.0,10.0
35284,31.0,10.0,31.0,10.0
35285,31.0,10.0,31.0,10.0
35286,31.0,10.0,28.0,14.0
35287,31.0,10.0,28.0,14.0
35288,31.0,10.0,28.0,14.0
35289,31.0,10.0,27.0,17.0
35290,31.0,10.0,30.0,13.0
35291,31.0,10.0,31.0,10.0
35292,31.0,10.0,31.0,11.0
35293,31.0,10.0,31.0,11.0
35294,31.0,10.0,26.0,12.0
35295,31.0,10.0,31.0,10.0
35296,31.0,10.0,31.0,11.0
35297,31.0,10.0,26.0,12.0
35298,31.0,10.0,28.0,14.0
35299,31.0,10.0,28.0,14.0
35300,31.0,10.0,31.0,11.0
35301,31.0,10.0,31.0,10.0
35302,31.0,10.0,32.0,10.0
35303,31.0,10.0,27.0,17.0
35304,31.0,10.0,27.0,17.0
35305,31.0,10.0,31.0,10.0
35306,31.0,10.0,31.0,10.0
35307,31.0,10.0,31.0,10.0
35308,31.0,10.0,27.0,17.0
35309,31.0,10.0,31.0,10.0
35310,31.0,10.0,32.0,10.0
35311,31.0,10.0,26.0,12.0
35312,31.0,10.0,27.0,17.0
35313,31.0,10.0,26.0,12.0
35314,31.0,10.0,31.0,10.0
35315,31.0,10.0,32.0,10.0
35316,31.0,10.0,28.0,14.0
35317,31.0,10.0,31.0,10.0
35318,31.0,10.0,31.0,10.0
35319,31.0,10.0,31.0,11.0
35320,31.0,10.0,27.0,17.0
35321,31.0,10.0,31.0,11.0
35322,31.0,10.0,27.0,17.0
35323,31.0,10.0,28.0,14.0
35324,31.0,10.0,27.0,17.0
35325,31.0,10.0,31.0,11.0
35326,31.0,10.0,32.0,10.0
35327,31.0,10.0,31.0,11.0
35328,31.0,10.0,31.0,10.0
35329,31.0,10.0,27.0,17.0
35330,31.0,10.0,27.0,17.0
35331,31.0,10.0,27.0,17.0
35332,31.0,10.0,28.0,14.0
35333,31.0,10.0,28.0,14.0
35334,31.0,10.0,31.0,10.0
35335,31.0,10.0,31.0,10.0
35336,31.0,10.0,27.0,17.0
35337,31.0,10.0,31.0,11.0
35338,31.0,10.0,32.0,10.0
35339,31.0,10.0,31.0,10.0
35340,31.0,10.0,31.0,10.0
35341,31.0,10.0,26.0,12.0
35342,31.0,10.0,31.0,11.0
35343,31.0,10.0,32.0,10.0
35344,31.0,10.0,31.0,11.0
35345,31.0,10.0,28.0,14.0
35346,31.0,10.0,27.0,17.0
35347,31.0,10.0,30.0,13.0
35348,31.0,10.0,32.0,10.0
35349,31.0,10.0,28.0,14.0
35350,31.0,10.0,31.0,11.0
35351,31.0,10.0,30.0,13.0
35352,31.0,10.0,31.0,10.0
35353,31.0,10.0,31.0,11.0
35354,31.0,10.0,31.0,10.0
35355,31.0,10.0,31.0,11.0
35356,31.0,10.0,31.0,11.0
35357,31.0,10.0,31.0,11.0
35358,31.0,10.0,26.0,12.0
35359,31.0,10.0,30.0,13.0
35360,31.0,10.0,27.0,17.0
35361,31.0,10.0,32.0,10.0
35362,31.0,10.0,28.0,14.0
35363,31.0,10.0,31.0,10.0
35364,31.0,10.0,31.0,10.0
35365,31.0,10.0,26.0,12.0
35366,31.0,10.0,30.0,13.0
35367,31.0,10.0,27.0,17.0
35368,31.0,10.0,31.0,11.0
35369,31.0,10.0,28.0,14.0
35370,31.0,10.0,32.0,10.0
35371,31.0,10.0,27.0,17.0
35372,31.0,10.0,32.0,10.0
35373,31.0,10.0,31.0,11.0
35374,31.0,10.0,28.0,14.0
35375,31.0,10.0,30.0,13.0
35376,31.0,10.0,31.0,10.0
35377,31.0,10.0,28.0,14.0
35378,31.0,10.0,31.0,10.0
35379,31.0,10.0,30.0,13.0
35380,31.0,10.0,27.0,17.0
35381,31.0,10.0,26.0,12.0
35382,31.0,10.0,27.0,17.0
35383,31.0,10.0,28.0,14.0
35384,31.0,10.0,31.0,10.0
35385,31.0,10.0,31.0,10.0
35386,31.0,10.0,32.0,10.0
35387,31.0,10.0,28.0,14.0
35388,31.0,10.0,30.0,13.0
35389,31.0,10.0,32.0,10.0
35390,31.0,10.0,28.0,14.0
35391,31.0,10.0,30.0,13.0
35392,31.0,10.0,31.0,10.0
35393,31.0,10.0,31.0,10.0
35394,31.0,10.0,27.0,17.0
35395,31.0,10.0,31.0,11.0
35396,31.0,10.0,31.0,10.0
35397,31.0,10.0,32.0,10.0
35398,31.0,10.0,32.0,10.0
35399,31.0,10.0,31.0,10.0
35400,31.0,10.0,27.0,17.0
35401,31.0,10.0,32.0,10.0
35402,31.0,10.0,31.0,10.0
35403,31.0,10.0,27.0,17.0
35404,31.0,10.0,30.0,13.0
35405,31.0,10.0,28.0,14.0
35406,31.0,10.0,31.0,10.0
35407,31.0,10.0,31.0,10.0
35408,31.0,10.0,26.0,12.0
35409,31.0,10.0,30.0,13.0
35410,31.0,10.0,31.0,11.0
35411,31.0,10.0,28.0,14.0
35412,31.0,10.0,28.0,14.0
35413,31.0,10.0,27.0,17.0
35414,31.0,10.0,31.0,10.0
35415,31.0,10.0,30.0,13.0
35416,31.0,10.0,31.0,10.0
35417,31.0,10.0,26.0,12.0
35418,31.0,10.0,27.0,17.0
35419,31.0,10.0,31.0,10.0
35420,31.0,10.0,30.0,13.0
35421,31.0,10.0,28.0,14.0
35422,31.0,10.0,27.0,17.0
35423,31.0,10.0,31.0,10.0
35424,31.0,10.0,31.0,10.0
35425,31.0,10.0,30.0,13.0
35426,31.0,10.0,28.0,14.0
35427,31.0,10.0,27.0,17.0
35428,31.0,10.0,27.0,17.0
35429,31.0,10.0,28.0,14.0
35430,31.0,10.0,28.0,14.0
35431,31.0,10.0,31.0,10.0
35432,31.0,10.0,31.0,10.0
35433,31.0,10.0,26.0,12.0
35434,31.0,10.0,31.0,10.0
35435,31.0,10.0,32.0,10.0
35436,31.0,10.0,31.0,10.0
35437,31.0,10.0,26.0,12.0
35438,31.0,10.0,27.0,17.0
35439,31.0,10.0,28.0,14.0
35440,31.0,10.0,32.0,10.0
35441,31.0,10.0,30.0,13.0
35442,31.0,10.0,27.0,17.0
35443,31.0,10.0,26.0,12.0
35444,31.0,10.0,26.0,12.0
35445,31.0,10.0,28.0,14.0
35446,31.0,10.0,32.0,10.0
35447,31.0,10.0,31.0,10.0
35448,31.0,10.0,32.0,10.0
35449,31.0,10.0,31.0,10.0
35450,31.0,10.0,26.0,12.0
35451,31.0,10.0,28.0,14.0
35452,31.0,10.0,27.0,17.0
35453,31.0,10.0,28.0,14.0
35454,31.0,10.0,30.0,13.0
35455,31.0,10.0,31.0,10.0
35456,31.0,10.0,31.0,11.0
35457,31.0,10.0,30.0,13.0
35458,31.0,10.0,27.0,17.0
35459,31.0,10.0,26.0,12.0
35460,31.0,10.0,31.0,10.0
35461,31.0,10.0,30.0,13.0
35462,31.0,10.0,28.0,14.0
35463,31.0,10.0,27.0,17.0
35464,31.0,10.0,32.0,10.0
35465,31.0,10.0,26.0,12.0
35466,31.0,10.0,32.0,10.0
35467,31.0,10.0,27.0,17.0
35468,31.0,10.0,28.0,14.0
35469,31.0,10.0,30.0,13.0
35470,31.0,10.0,27.0,17.0
35471,31.0,10.0,26.0,12.0
35472,31.0,10.0,30.0,13.0
35473,31.0,10.0,28.0,14.0
35474,31.0,10.0,30.0,13.0
35475,31.0,10.0,28.0,14.0
35476,31.0,10.0,31.0,10.0
35477,31.0,10.0,31.0,10.0
35478,31.0,10.0,30.0,13.0
35479,31.0,10.0,30.0,13.0
35480,31.0,10.0,32.0,10.0
35481,31.0,10.0,31.0,10.0
35482,31.0,10.0,28.0,14.0
35483,31.0,10.0,26.0,12.0
35484,31.0,10.0,31.0,11.0
35485,31.0,10.0,28.0,14.0
35486,31.0,10.0,31.0,10.0
35487,31.0,10.0,27.0,17.0
35488,31.0,10.0,28.0,14.0
35489,31.0,10.0,28.0,14.0
35490,31.0,10.0,32.0,10.0
35491,31.0,10.0,30.0,13.0
35492,31.0,10.0,30.0,13.0
35493,31.0,10.0,31.0,11.0
35494,31.0,10.0,30.0,13.0
35495,31.0,10.0,31.0,11.0
35496,31.0,10.0,26.0,12.0
35497,31.0,10.0,27.0,17.0
35498,31.0,10.0,30.0,13.0
35499,31.0,10.0,31.0,10.0
35500,31.0,10.0,28.0,14.0
35501,31.0,10.0,27.0,17.0
35502,31.0,10.0,28.0,14.0
35503,31.0,10.0,26.0,12.0
35504,31.0,10.0,30.0,13.0
35505,31.0,10.0,31.0,10.0
35506,31.0,10.0,31.0,10.0
35507,31.0,10.0,26.0,12.0
35508,31.0,10.0,32.0,10.0
35509,31.0,10.0,27.0,17.0
35510,31.0,10.0,27.0,17.0
35511,31.0,10.0,32.0,10.0
35512,31.0,10.0,32.0,10.0
35513,31.0,10.0,31.0,10.0
35514,31.0,10.0,32.0,10.0
35515,31.0,10.0,30.0,13.0
35516,31.0,10.0,28.0,14.0
35517,31.0,10.0,31.0,10.0
35518,31.0,10.0,28.0,14.0
35519,31.0,10.0,31.0,10.0
35520,31.0,10.0,28.0,14.0
35521,31.0,10.0,27.0,17.0
35522,31.0,10.0,26.0,12.0
35523,31.0,10.0,27.0,17.0
35524,31.0,10.0,26.0,12.0
35525,31.0,10.0,27.0,17.0
35526,31.0,10.0,27.0,17.0
35527,31.0,10.0,27.0,17.0
35528,31.0,10.0,27.0,17.0
35529,31.0,10.0,32.0,10.0
35530,31.0,10.0,31.0,10.0
35531,31.0,10.0,31.0,10.0
35532,31.0,10.0,28.0,14.0
35533,31.0,10.0,27.0,17.0
35534,31.0,10.0,30.0,13.0
35535,31.0,10.0,31.0,10.0
35536,31.0,10.0,31.0,10.0
35537,31.0,10.0,27.0,17.0
35538,31.0,10.0,31.0,10.0
35539,31.0,10.0,26.0,12.0
35540,31.0,10.0,28.0,14.0
35541,31.0,10.0,26.0,12.0
35542,31.0,10.0,31.0,10.0
35543,31.0,10.0,31.0,10.0
35544,31.0,10.0,31.0,10.0
35545,31.0,10.0,31.0,11.0
35546,31.0,10.0,31.0,10.0
35547,31.0,10.0,31.0,10.0
35548,31.0,10.0,31.0,10.0
35549,31.0,10.0,26.0,12.0
35550,31.0,10.0,26.0,12.0
35551,31.0,10.0,31.0,10.0
35552,31.0,10.0,27.0,17.0
35553,31.0,10.0,28.0,14.0
35554,31.0,10.0,30.0,13.0
35555,31.0,10.0,30.0,13.0
35556,31.0,10.0,30.0,13.0
35557,31.0,10.0,28.0,14.0
35558,31.0,10.0,31.0,10.0
35559,31.0,10.0,31.0,11.0
35560,31.0,10.0,32.0,10.0
35561,31.0,10.0,32.0,10.0
35562,31.0,10.0,28.0,14.0
35563,31.0,10.0,30.0,13.0
35564,31.0,10.0,30.0,13.0
35565,31.0,10.0,26.0,12.0
35566,31.0,10.0,28.0,14.0
35567,31.0,10.0,28.0,14.0
35568,31.0,10.0,31.0,10.0
35569,31.0,10.0,27.0,17.0
35570,31.0,10.0,27.0,17.0
35571,31.0,10.0,26.0,12.0
35572,31.0,10.0,27.0,17.0
35573,31.0,10.0,27.0,17.0
35574,31.0,10.0,26.0,12.0
35575,31.0,10.0,32.0,10.0
35576,31.0,10.0,31.0,11.0
35577,31.0,10.0,30.0,13.0
35578,31.0,10.0,31.0,11.0
35579,31.0,10.0,31.0,10.0
35580,31.0,10.0,30.0,13.0
35581,31.0,10.0,28.0,14.0
35582,31.0,10.0,31.0,10.0
35583,31.0,10.0,30.0,13.0
35584,31.0,10.0,28.0,14.0
35585,31.0,10.0,26.0,12.0
35586,31.0,10.0,30.0,13.0
35587,31.0,10.0,31.0,10.0
35588,31.0,10.0,31.0,10.0
35589,31.0,10.0,28.0,14.0
35590,31.0,10.0,26.0,12.0
35591,31.0,10.0,31.0,11.0
35592,31.0,10.0,31.0,10.0
35593,31.0,10.0,31.0,10.0
35594,31.0,10.0,28.0,14.0
35595,31.0,10.0,26.0,12.0
35596,31.0,10.0,32.0,10.0
35597,31.0,10.0,30.0,13.0
35598,31.0,10.0,26.0,12.0
35599,31.0,10.0,30.0,13.0
35600,31.0,10.0,31.0,10.0
35601,31.0,10.0,32.0,10.0
35602,31.0,10.0,31.0,10.0
35603,31.0,10.0,28.0,14.0
35604,31.0,10.0,31.0,10.0
35605,31.0,10.0,30.0,13.0
35606,31.0,10.0,31.0,10.0
35607,31.0,10.0,27.0,17.0
35608,31.0,10.0,31.0,10.0
35609,31.0,10.0,27.0,17.0
35610,31.0,10.0,26.0,12.0
35611,31.0,10.0,27.0,17.0
35612,31.0,10.0,31.0,10.0
35613,31.0,10.0,30.0,13.0
35614,31.0,10.0,31.0,10.0
35615,31.0,10.0,26.0,12.0
35616,31.0,10.0,32.0,10.0
35617,31.0,10.0,31.0,11.0
35618,31.0,10.0,27.0,17.0
35619,31.0,10.0,32.0,10.0
35620,31.0,10.0,31.0,10.0
35621,31.0,10.0,26.0,12.0
35622,31.0,10.0,32.0,10.0
35623,31.0,10.0,27.0,17.0
35624,31.0,10.0,32.0,10.0
35625,31.0,10.0,31.0,10.0
35626,31.0,10.0,31.0,10.0
35627,31.0,10.0,28.0,14.0
35628,31.0,10.0,31.0,10.0
35629,31.0,10.0,28.0,14.0
35630,31.0,10.0,28.0,14.0
35631,31.0,10.0,31.0,10.0
35632,31.0,10.0,26.0,12.0
35633,31.0,10.0,32.0,10.0
35634,31.0,10.0,32.0,10.0
35635,31.0,10.0,32.0,10.0
35636,31.0,10.0,26.0,12.0
35637,31.0,10.0,30.0,13.0
35638,31.0,10.0,26.0,12.0
35639,31.0,10.0,32.0,10.0
35640,31.0,10.0,30.0,13.0
35641,31.0,10.0,31.0,10.0
35642,31.0,10.0,31.0,10.0
35643,31.0,10.0,31.0,10.0
35644,31.0,10.0,26.0,12.0
35645,31.0,10.0,28.0,14.0
35646,31.0,10.0,32.0,10.0
35647,31.0,10.0,31.0,10.0
35648,31.0,10.0,31.0,10.0
35649,31.0,10.0,31.0,11.0
35650,31.0,10.0,32.0,10.0
35651,31.0,10.0,28.0,14.0
35652,31.0,10.0,31.0,10.0
35653,31.0,10.0,27.0,17.0
35654,31.0,10.0,32.0,10.0
35655,31.0,10.0,30.0,13.0
35656,31.0,10.0,28.0,14.0
35657,31.0,10.0,28.0,14.0
35658,31.0,10.0,31.0,11.0
35659,31.0,10.0,31.0,10.0
35660,31.0,10.0,31.0,10.0
35661,31.0,10.0,32.0,10.0
35662,31.0,10.0,27.0,17.0
35663,31.0,10.0,26.0,12.0
35664,31.0,10.0,28.0,14.0
35665,31.0,10.0,27.0,17.0
35666,31.0,10.0,31.0,10.0
35667,31.0,10.0,30.0,13.0
35668,31.0,10.0,31.0,11.0
35669,31.0,10.0,31.0,10.0
35670,31.0,10.0,31.0,11.0
35671,31.0,10.0,27.0,17.0
35672,31.0,10.0,31.0,11.0
35673,31.0,10.0,31.0,10.0
35674,31.0,10.0,31.0,11.0
35675,31.0,10.0,31.0,10.0
35676,31.0,10.0,28.0,14.0
35677,31.0,10.0,28.0,14.0
35678,31.0,10.0,26.0,12.0
35679,31.0,10.0,30.0,13.0
35680,31.0,10.0,28.0,14.0
35681,31.0,10.0,32.0,10.0
35682,31.0,10.0,32.0,10.0
35683,31.0,10.0,32.0,10.0
35684,31.0,10.0,31.0,10.0
35685,31.0,10.0,27.0,17.0
35686,31.0,10.0,26.0,12.0
35687,31.0,10.0,31.0,11.0
35688,31.0,10.0,32.0,10.0
35689,31.0,10.0,28.0,14.0
35690,31.0,10.0,31.0,10.0
35691,31.0,10.0,32.0,10.0
35692,31.0,10.0,32.0,10.0
35693,31.0,10.0,28.0,14.0
35694,31.0,10.0,31.0,10.0
35695,31.0,10.0,31.0,10.0
35696,31.0,10.0,31.0,11.0
35697,31.0,10.0,28.0,14.0
35698,31.0,10.0,31.0,10.0
35699,31.0,10.0,27.0,17.0
35700,31.0,10.0,26.0,12.0
35701,31.0,10.0,27.0,17.0
35702,31.0,10.0,32.0,10.0
35703,31.0,10.0,31.0,10.0
35704,31.0,10.0,28.0,14.0
35705,31.0,10.0,31.0,10.0
35706,31.0,10.0,28.0,14.0
35707,31.0,10.0,31.0,11.0
35708,31.0,10.0,31.0,11.0
35709,31.0,10.0,31.0,10.0
35710,31.0,10.0,28.0,14.0
35711,31.0,10.0,31.0,11.0
35712,31.0,10.0,27.0,17.0
35713,31.0,10.0,31.0,10.0
35714,31.0,10.0,28.0,14.0
35715,31.0,10.0,32.0,10.0
35716,31.0,10.0,31.0,11.0
35717,31.0,10.0,31.0,11.0
35718,31.0,10.0,32.0,10.0
35719,31.0,10.0,32.0,10.0
35720,31.0,10.0,30.0,13.0
35721,31.0,10.0,27.0,17.0
35722,31.0,10.0,31.0,10.0
35723,31.0,10.0,27.0,17.0
35724,31.0,10.0,32.0,10.0
35725,31.0,10.0,28.0,14.0
35726,31.0,10.0,31.0,10.0
35727,31.0,10.0,30.0,13.0
35728,31.0,10.0,27.0,17.0
35729,31.0,10.0,27.0,17.0
35730,31.0,10.0,31.0,10.0
35731,31.0,10.0,28.0,14.0
35732,31.0,10.0,30.0,13.0
35733,31.0,10.0,27.0,17.0
35734,31.0,10.0,32.0,10.0
35735,31.0,10.0,30.0,13.0
35736,31.0,10.0,31.0,10.0
35737,31.0,10.0,31.0,11.0
35738,31.0,10.0,31.0,10.0
35739,31.0,10.0,28.0,14.0
35740,31.0,10.0,28.0,14.0
35741,31.0,10.0,30.0,13.0
35742,31.0,10.0,26.0,12.0
35743,31.0,10.0,31.0,10.0
35744,31.0,10.0,26.0,12.0
35745,31.0,10.0,30.0,13.0
35746,31.0,10.0,30.0,13.0
35747,31.0,10.0,28.0,14.0
35748,31.0,10.0,26.0,12.0
35749,31.0,10.0,31.0,10.0
35750,31.0,10.0,31.0,10.0
35751,31.0,10.0,27.0,17.0
35752,31.0,10.0,28.0,14.0
35753,31.0,10.0,30.0,13.0
35754,31.0,10.0,32.0,10.0
35755,31.0,10.0,32.0,10.0
35756,31.0,10.0,27.0,17.0
35757,31.0,10.0,31.0,11.0
35758,31.0,10.0,32.0,10.0
35759,31.0,10.0,31.0,10.0
35760,31.0,10.0,31.0,10.0
35761,31.0,10.0,31.0,10.0
35762,31.0,10.0,31.0,10.0
35763,31.0,10.0,31.0,10.0
35764,31.0,10.0,28.0,14.0
35765,31.0,10.0,28.0,14.0
35766,31.0,10.0,27.0,17.0
35767,31.0,10.0,30.0,13.0
35768,31.0,10.0,28.0,14.0
35769,31.0,10.0,27.0,17.0
35770,31.0,10.0,31.0,10.0
35771,31.0,10.0,32.0,10.0
35772,31.0,10.0,30.0,13.0
35773,31.0,10.0,30.0,13.0
35774,31.0,10.0,32.0,10.0
35775,31.0,10.0,31.0,10.0
35776,31.0,10.0,27.0,17.0
35777,31.0,10.0,31.0,11.0
35778,31.0,10.0,28.0,14.0
35779,31.0,10.0,31.0,10.0
35780,31.0,10.0,26.0,12.0
35781,31.0,10.0,31.0,10.0
35782,31.0,10.0,31.0,11.0
35783,31.0,10.0,30.0,13.0
35784,31.0,10.0,27.0,17.0
35785,31.0,10.0,31.0,10.0
35786,31.0,10.0,31.0,10.0
35787,31.0,10.0,31.0,10.0
35788,31.0,10.0,31.0,10.0
35789,31.0,10.0,31.0,10.0
35790,31.0,10.0,31.0,10.0
35791,31.0,10.0,28.0,14.0
35792,31.0,10.0,32.0,10.0
35793,31.0,10.0,26.0,12.0
35794,31.0,10.0,27.0,17.0
35795,31.0,10.0,28.0,14.0
35796,31.0,10.0,27.0,17.0
35797,31.0,10.0,31.0,10.0
35798,31.0,10.0,31.0,10.0
35799,31.0,10.0,31.0,10.0
35800,31.0,10.0,32.0,10.0
35801,31.0,10.0,27.0,17.0
35802,31.0,10.0,28.0,14.0
35803,31.0,10.0,26.0,12.0
35804,31.0,10.0,30.0,13.0
35805,31.0,10.0,32.0,10.0
35806,31.0,10.0,32.0,10.0
35807,31.0,10.0,26.0,12.0
35808,31.0,10.0,31.0,10.0
35809,31.0,10.0,30.0,13.0
35810,31.0,10.0,28.0,14.0
35811,31.0,10.0,30.0,13.0
35812,31.0,10.0,31.0,10.0
35813,31.0,10.0,31.0,10.0
35814,31.0,10.0,31.0,10.0
35815,31.0,10.0,30.0,13.0
35816,31.0,10.0,31.0,10.0
35817,31.0,10.0,31.0,10.0
35818,31.0,10.0,31.0,10.0
35819,31.0,10.0,31.0,10.0
35820,31.0,10.0,31.0,10.0
35821,31.0,10.0,30.0,13.0
35822,31.0,10.0,31.0,10.0
35823,31.0,10.0,28.0,14.0
35824,31.0,10.0,26.0,12.0
35825,31.0,10.0,31.0,10.0
35826,31.0,10.0,30.0,13.0
35827,31.0,10.0,31.0,10.0
35828,31.0,10.0,31.0,10.0
35829,31.0,10.0,30.0,13.0
35830,31.0,10.0,32.0,10.0
35831,31.0,10.0,31.0,10.0
35832,31.0,10.0,31.0,10.0
35833,31.0,10.0,31.0,11.0
35834,31.0,10.0,27.0,17.0
35835,31.0,10.0,27.0,17.0
35836,31.0,10.0,31.0,10.0
35837,31.0,10.0,31.0,11.0
35838,31.0,10.0,26.0,12.0
35839,31.0,10.0,28.0,14.0
35840,31.0,10.0,28.0,14.0
35841,31.0,10.0,31.0,10.0
35842,31.0,10.0,26.0,12.0
35843,31.0,10.0,31.0,11.0
35844,31.0,10.0,28.0,14.0
35845,31.0,10.0,31.0,10.0
35846,31.0,10.0,30.0,13.0
35847,31.0,10.0,31.0,11.0
35848,31.0,10.0,30.0,13.0
35849,31.0,10.0,30.0,13.0
35850,31.0,10.0,31.0,10.0
35851,31.0,10.0,31.0,10.0
35852,31.0,10.0,31.0,11.0
35853,31.0,10.0,31.0,10.0
35854,31.0,10.0,30.0,13.0
35855,31.0,10.0,31.0,10.0
35856,31.0,10.0,31.0,10.0
35857,31.0,10.0,26.0,12.0
35858,31.0,10.0,31.0,11.0
35859,31.0,10.0,26.0,12.0
35860,31.0,10.0,30.0,13.0
35861,31.0,10.0,31.0,11.0
35862,31.0,10.0,32.0,10.0
35863,31.0,10.0,31.0,10.0
35864,31.0,10.0,31.0,11.0
35865,31.0,10.0,31.0,11.0
35866,31.0,10.0,30.0,13.0
35867,31.0,10.0,31.0,10.0
35868,31.0,10.0,31.0,10.0
35869,31.0,10.0,31.0,10.0
35870,31.0,10.0,30.0,13.0
35871,31.0,10.0,30.0,13.0
35872,31.0,10.0,31.0,10.0
35873,31.0,10.0,30.0,13.0
35874,31.0,10.0,31.0,10.0
35875,31.0,10.0,31.0,10.0
35876,31.0,10.0,31.0,10.0
35877,31.0,10.0,31.0,10.0
35878,31.0,10.0,27.0,17.0
35879,31.0,10.0,31.0,10.0
35880,31.0,10.0,30.0,13.0
35881,31.0,10.0,31.0,10.0
35882,31.0,10.0,32.0,10.0
35883,31.0,10.0,28.0,14.0
35884,31.0,10.0,28.0,14.0
35885,31.0,10.0,28.0,14.0
35886,31.0,10.0,31.0,10.0
35887,31.0,10.0,31.0,10.0
35888,31.0,10.0,32.0,10.0
35889,31.0,10.0,27.0,17.0
35890,31.0,10.0,28.0,14.0
35891,31.0,10.0,31.0,11.0
35892,31.0,10.0,32.0,10.0
35893,31.0,10.0,31.0,11.0
35894,31.0,10.0,30.0,13.0
35895,31.0,10.0,30.0,13.0
35896,31.0,10.0,31.0,11.0
35897,31.0,10.0,27.0,17.0
35898,31.0,10.0,26.0,12.0
35899,31.0,10.0,30.0,13.0
35900,31.0,10.0,31.0,10.0
35901,31.0,10.0,27.0,17.0
35902,31.0,10.0,27.0,17.0
35903,31.0,10.0,28.0,14.0
35904,31.0,10.0,31.0,11.0
35905,31.0,10.0,28.0,14.0
35906,31.0,10.0,31.0,10.0
35907,31.0,10.0,26.0,12.0
35908,31.0,10.0,27.0,17.0
35909,31.0,10.0,32.0,10.0
35910,31.0,10.0,30.0,13.0
35911,31.0,10.0,27.0,17.0
35912,31.0,10.0,31.0,11.0
35913,31.0,10.0,27.0,17.0
35914,31.0,10.0,30.0,13.0
35915,31.0,10.0,28.0,14.0
35916,31.0,10.0,31.0,10.0
35917,31.0,10.0,31.0,10.0
35918,31.0,10.0,27.0,17.0
35919,31.0,10.0,28.0,14.0
35920,31.0,10.0,31.0,10.0
35921,31.0,10.0,31.0,10.0
35922,31.0,10.0,32.0,10.0
35923,31.0,10.0,32.0,10.0
35924,31.0,10.0,31.0,10.0
35925,31.0,10.0,31.0,11.0
35926,31.0,10.0,31.0,10.0
35927,31.0,10.0,31.0,10.0
35928,31.0,10.0,31.0,10.0
35929,31.0,10.0,31.0,10.0
35930,31.0,10.0,28.0,14.0
35931,31.0,10.0,30.0,13.0
35932,31.0,10.0,31.0,10.0
35933,31.0,10.0,30.0,13.0
35934,31.0,10.0,31.0,10.0
35935,31.0,10.0,31.0,10.0
35936,31.0,10.0,26.0,12.0
35937,31.0,10.0,28.0,14.0
35938,31.0,10.0,31.0,10.0
35939,31.0,10.0,28.0,14.0
35940,31.0,10.0,28.0,14.0
35941,31.0,10.0,31.0,11.0
35942,31.0,10.0,31.0,11.0
35943,31.0,10.0,28.0,14.0
35944,31.0,10.0,26.0,12.0
35945,31.0,10.0,32.0,10.0
35946,31.0,10.0,31.0,11.0
35947,31.0,10.0,31.0,10.0
35948,31.0,10.0,26.0,12.0
35949,31.0,10.0,26.0,12.0
35950,31.0,10.0,32.0,10.0
35951,31.0,10.0,31.0,10.0
35952,31.0,10.0,26.0,12.0
35953,31.0,10.0,31.0,10.0
35954,31.0,10.0,28.0,14.0
35955,31.0,10.0,28.0,14.0
35956,31.0,10.0,26.0,12.0
35957,31.0,10.0,31.0,10.0
35958,31.0,10.0,32.0,10.0
35959,31.0,10.0,30.0,13.0
35960,31.0,10.0,28.0,14.0
35961,31.0,10.0,28.0,14.0
35962,31.0,10.0,26.0,12.0
35963,31.0,10.0,27.0,17.0
35964,31.0,10.0,26.0,12.0
35965,31.0,10.0,26.0,12.0
35966,31.0,10.0,26.0,12.0
35967,31.0,10.0,31.0,10.0
35968,31.0,10.0,31.0,10.0
35969,31.0,10.0,31.0,10.0
35970,31.0,10.0,32.0,10.0
35971,31.0,10.0,31.0,10.0
35972,31.0,10.0,31.0,10.0
35973,31.0,10.0,31.0,10.0
35974,31.0,10.0,31.0,11.0
35975,31.0,10.0,30.0,13.0
35976,31.0,10.0,28.0,14.0
35977,31.0,10.0,31.0,11.0
35978,31.0,10.0,31.0,10.0
35979,31.0,10.0,28.0,14.0
35980,31.0,10.0,26.0,12.0
35981,31.0,10.0,30.0,13.0
35982,31.0,10.0,31.0,10.0
35983,31.0,10.0,28.0,14.0
35984,31.0,10.0,28.0,14.0
35985,31.0,10.0,32.0,10.0
35986,31.0,10.0,31.0,10.0
35987,31.0,10.0,32.0,10.0
35988,31.0,10.0,31.0,11.0
35989,31.0,10.0,32.0,10.0
35990,31.0,10.0,31.0,10.0
35991,31.0,10.0,30.0,13.0
35992,31.0,10.0,31.0,10.0
35993,31.0,10.0,26.0,12.0
35994,31.0,10.0,31.0,11.0
35995,31.0,10.0,31.0,10.0
35996,31.0,10.0,31.0,10.0
35997,31.0,10.0,30.0,13.0
35998,31.0,10.0,28.0,14.0
35999,31.0,10.0,26.0,12.0
36000,31.0,10.0,30.0,13.0
36001,31.0,10.0,31.0,10.0
36002,31.0,10.0,26.0,12.0
36003,31.0,10.0,32.0,10.0
36004,31.0,10.0,31.0,10.0
36005,31.0,10.0,30.0,13.0
36006,31.0,10.0,31.0,10.0
36007,31.0,10.0,31.0,10.0
36008,31.0,10.0,28.0,14.0
36009,31.0,10.0,31.0,11.0
36010,31.0,10.0,31.0,10.0
36011,31.0,10.0,31.0,11.0
36012,31.0,10.0,27.0,17.0
36013,31.0,10.0,26.0,12.0
36014,31.0,10.0,32.0,10.0
36015,31.0,10.0,28.0,14.0
36016,31.0,10.0,32.0,10.0
36017,31.0,10.0,31.0,10.0
36018,31.0,10.0,32.0,10.0
36019,31.0,10.0,30.0,13.0
36020,31.0,10.0,30.0,13.0
36021,31.0,10.0,32.0,10.0
36022,31.0,10.0,32.0,10.0
36023,31.0,10.0,31.0,11.0
36024,31.0,10.0,32.0,10.0
36025,31.0,10.0,31.0,11.0
36026,31.0,10.0,26.0,12.0
36027,31.0,10.0,31.0,10.0
36028,31.0,10.0,31.0,10.0
36029,31.0,10.0,32.0,10.0
36030,31.0,10.0,28.0,14.0
36031,31.0,10.0,31.0,10.0
36032,31.0,10.0,30.0,13.0
36033,31.0,10.0,26.0,12.0
36034,31.0,10.0,27.0,17.0
36035,31.0,10.0,27.0,17.0
36036,31.0,10.0,26.0,12.0
36037,31.0,10.0,27.0,17.0
36038,31.0,10.0,28.0,14.0
36039,31.0,10.0,26.0,12.0
36040,31.0,10.0,27.0,17.0
36041,31.0,10.0,31.0,10.0
36042,31.0,10.0,31.0,11.0
36043,31.0,10.0,26.0,12.0
36044,31.0,10.0,32.0,10.0
36045,31.0,10.0,31.0,10.0
36046,31.0,10.0,30.0,13.0
36047,31.0,10.0,32.0,10.0
36048,31.0,10.0,32.0,10.0
36049,31.0,10.0,28.0,14.0
36050,31.0,10.0,28.0,14.0
36051,31.0,10.0,28.0,14.0
36052,31.0,10.0,30.0,13.0
36053,31.0,10.0,26.0,12.0
36054,31.0,10.0,31.0,10.0
36055,31.0,10.0,28.0,14.0
36056,31.0,10.0,28.0,14.0
36057,31.0,10.0,31.0,10.0
36058,31.0,10.0,28.0,14.0
36059,31.0,10.0,30.0,13.0
36060,31.0,10.0,28.0,14.0
36061,31.0,10.0,31.0,10.0
36062,31.0,10.0,31.0,10.0
36063,31.0,10.0,28.0,14.0
36064,31.0,10.0,31.0,11.0
36065,31.0,10.0,31.0,10.0
36066,31.0,10.0,27.0,17.0
36067,31.0,10.0,31.0,11.0
36068,31.0,10.0,28.0,14.0
36069,31.0,10.0,31.0,10.0
36070,31.0,10.0,32.0,10.0
36071,31.0,10.0,32.0,10.0
36072,31.0,10.0,27.0,17.0
36073,31.0,10.0,28.0,14.0
36074,31.0,10.0,28.0,14.0
36075,31.0,10.0,31.0,10.0
36076,31.0,10.0,31.0,10.0
36077,31.0,10.0,26.0,12.0
36078,31.0,10.0,30.0,13.0
36079,31.0,10.0,32.0,10.0
36080,31.0,10.0,31.0,11.0
36081,31.0,10.0,28.0,14.0
36082,31.0,10.0,31.0,10.0
36083,31.0,10.0,28.0,14.0
36084,31.0,10.0,31.0,10.0
36085,31.0,10.0,28.0,14.0
36086,31.0,10.0,31.0,11.0
36087,31.0,10.0,31.0,10.0
36088,31.0,10.0,31.0,11.0
36089,31.0,10.0,31.0,10.0
36090,31.0,10.0,31.0,10.0
36091,31.0,10.0,31.0,10.0
36092,31.0,10.0,28.0,14.0
36093,31.0,10.0,31.0,10.0
36094,31.0,10.0,30.0,13.0
36095,31.0,10.0,31.0,10.0
36096,31.0,10.0,32.0,10.0
36097,31.0,10.0,31.0,10.0
36098,31.0,10.0,30.0,13.0
36099,31.0,10.0,28.0,14.0
36100,31.0,10.0,31.0,10.0
36101,31.0,10.0,26.0,12.0
36102,31.0,10.0,28.0,14.0
36103,31.0,10.0,32.0,10.0
36104,31.0,10.0,31.0,10.0
36105,31.0,10.0,27.0,17.0
36106,31.0,10.0,31.0,10.0
36107,31.0,10.0,30.0,13.0
36108,31.0,10.0,28.0,14.0
36109,31.0,10.0,28.0,14.0
36110,31.0,10.0,31.0,10.0
36111,31.0,10.0,30.0,13.0
36112,31.0,10.0,30.0,13.0
36113,31.0,10.0,31.0,11.0
36114,31.0,10.0,31.0,11.0
36115,31.0,10.0,31.0,11.0
36116,31.0,10.0,28.0,14.0
36117,31.0,10.0,31.0,10.0
36118,31.0,10.0,30.0,13.0
36119,31.0,10.0,32.0,10.0
36120,31.0,10.0,31.0,11.0
36121,31.0,10.0,27.0,17.0
36122,31.0,10.0,26.0,12.0
36123,31.0,10.0,31.0,11.0
36124,31.0,10.0,28.0,14.0
36125,31.0,10.0,31.0,11.0
36126,31.0,10.0,31.0,10.0
36127,31.0,10.0,31.0,11.0
36128,31.0,10.0,27.0,17.0
36129,31.0,10.0,27.0,17.0
36130,31.0,10.0,26.0,12.0
36131,31.0,10.0,31.0,10.0
36132,31.0,10.0,30.0,13.0
36133,31.0,10.0,26.0,12.0
36134,31.0,10.0,31.0,11.0
36135,31.0,10.0,27.0,17.0
36136,31.0,10.0,27.0,17.0
36137,31.0,10.0,30.0,13.0
36138,31.0,10.0,32.0,10.0
36139,31.0,10.0,30.0,13.0
36140,31.0,10.0,26.0,12.0
36141,31.0,10.0,30.0,13.0
36142,31.0,10.0,30.0,13.0
36143,31.0,10.0,28.0,14.0
36144,31.0,10.0,31.0,11.0
36145,31.0,10.0,31.0,10.0
36146,31.0,10.0,32.0,10.0
36147,31.0,10.0,31.0,10.0
36148,31.0,10.0,30.0,13.0
36149,31.0,10.0,31.0,10.0
36150,31.0,10.0,26.0,12.0
36151,31.0,10.0,32.0,10.0
36152,31.0,10.0,31.0,10.0
36153,31.0,10.0,27.0,17.0
36154,31.0,10.0,26.0,12.0
36155,31.0,10.0,28.0,14.0
36156,31.0,10.0,28.0,14.0
36157,31.0,10.0,31.0,10.0
36158,31.0,10.0,31.0,10.0
36159,31.0,10.0,30.0,13.0
36160,31.0,10.0,31.0,10.0
36161,31.0,10.0,30.0,13.0
36162,31.0,10.0,28.0,14.0
36163,31.0,10.0,32.0,10.0
36164,31.0,10.0,28.0,14.0
36165,31.0,10.0,26.0,12.0
36166,31.0,10.0,28.0,14.0
36167,31.0,10.0,30.0,13.0
36168,31.0,10.0,28.0,14.0
36169,31.0,10.0,26.0,12.0
36170,31.0,10.0,31.0,10.0
36171,31.0,10.0,31.0,11.0
36172,31.0,10.0,31.0,10.0
36173,31.0,10.0,31.0,11.0
36174,31.0,10.0,28.0,14.0
36175,31.0,10.0,28.0,14.0
36176,31.0,10.0,27.0,17.0
36177,31.0,10.0,32.0,10.0
36178,31.0,10.0,32.0,10.0
36179,31.0,10.0,31.0,10.0
36180,31.0,10.0,31.0,10.0
36181,31.0,10.0,31.0,10.0
36182,31.0,10.0,31.0,10.0
36183,31.0,10.0,27.0,17.0
36184,31.0,10.0,26.0,12.0
36185,31.0,10.0,28.0,14.0
36186,31.0,10.0,31.0,11.0
36187,31.0,10.0,31.0,11.0
36188,31.0,10.0,28.0,14.0
36189,31.0,10.0,31.0,10.0
36190,31.0,10.0,31.0,10.0
36191,31.0,10.0,30.0,13.0
36192,31.0,10.0,28.0,14.0
36193,31.0,10.0,32.0,10.0
36194,31.0,10.0,31.0,10.0
36195,31.0,10.0,27.0,17.0
36196,31.0,10.0,32.0,10.0
36197,31.0,10.0,32.0,10.0
36198,31.0,10.0,30.0,13.0
36199,31.0,10.0,31.0,10.0
36200,31.0,10.0,31.0,10.0
36201,31.0,10.0,31.0,10.0
36202,31.0,10.0,26.0,12.0
36203,31.0,10.0,26.0,12.0
36204,31.0,10.0,30.0,13.0
36205,31.0,10.0,32.0,10.0
36206,31.0,10.0,27.0,17.0
36207,31.0,10.0,30.0,13.0
36208,31.0,10.0,26.0,12.0
36209,31.0,10.0,31.0,10.0
36210,31.0,10.0,31.0,10.0
36211,31.0,10.0,31.0,10.0
36212,31.0,10.0,31.0,10.0
36213,31.0,10.0,30.0,13.0
36214,31.0,10.0,32.0,10.0
36215,31.0,10.0,26.0,12.0
36216,31.0,10.0,28.0,14.0
36217,31.0,10.0,26.0,12.0
36218,31.0,10.0,27.0,17.0
36219,31.0,10.0,28.0,14.0
36220,31.0,10.0,28.0,14.0
36221,31.0,10.0,27.0,17.0
36222,31.0,10.0,31.0,10.0
36223,31.0,10.0,30.0,13.0
36224,31.0,10.0,27.0,17.0
36225,31.0,10.0,32.0,10.0
36226,31.0,10.0,27.0,17.0
36227,31.0,10.0,32.0,10.0
36228,31.0,10.0,31.0,11.0
36229,31.0,10.0,27.0,17.0
36230,31.0,10.0,27.0,17.0
36231,31.0,10.0,31.0,10.0
36232,31.0,10.0,27.0,17.0
36233,31.0,10.0,26.0,12.0
36234,31.0,10.0,31.0,10.0
36235,31.0,10.0,31.0,10.0
36236,31.0,10.0,30.0,13.0
36237,31.0,10.0,31.0,10.0
36238,31.0,10.0,26.0,12.0
36239,31.0,10.0,32.0,10.0
36240,31.0,10.0,28.0,14.0
36241,31.0,10.0,31.0,11.0
36242,31.0,10.0,32.0,10.0
36243,31.0,10.0,26.0,12.0
36244,31.0,10.0,26.0,12.0
36245,31.0,10.0,27.0,17.0
36246,31.0,10.0,32.0,10.0
36247,31.0,10.0,26.0,12.0
36248,31.0,10.0,26.0,12.0
36249,31.0,10.0,31.0,10.0
36250,31.0,10.0,30.0,13.0
36251,31.0,10.0,31.0,10.0
36252,31.0,10.0,28.0,14.0
36253,31.0,10.0,27.0,17.0
36254,31.0,10.0,27.0,17.0
36255,31.0,10.0,32.0,10.0
36256,31.0,10.0,27.0,17.0
36257,31.0,10.0,31.0,11.0
36258,31.0,10.0,27.0,17.0
36259,31.0,10.0,31.0,10.0
36260,31.0,10.0,30.0,13.0
36261,31.0,10.0,28.0,14.0
36262,31.0,10.0,28.0,14.0
36263,31.0,10.0,31.0,10.0
36264,31.0,10.0,27.0,17.0
36265,31.0,10.0,31.0,11.0
36266,31.0,10.0,28.0,14.0
36267,31.0,10.0,31.0,10.0
36268,31.0,10.0,31.0,10.0
36269,31.0,10.0,31.0,10.0
36270,31.0,10.0,28.0,14.0
36271,31.0,10.0,31.0,10.0
36272,31.0,10.0,31.0,10.0
36273,31.0,10.0,30.0,13.0
36274,31.0,10.0,31.0,10.0
36275,31.0,10.0,31.0,10.0
36276,31.0,10.0,31.0,10.0
36277,31.0,10.0,31.0,11.0
36278,31.0,10.0,28.0,14.0
36279,31.0,10.0,30.0,13.0
36280,31.0,10.0,27.0,17.0
36281,31.0,10.0,31.0,10.0
36282,31.0,10.0,28.0,14.0
36283,31.0,10.0,31.0,11.0
36284,31.0,10.0,30.0,13.0
36285,31.0,10.0,30.0,13.0
36286,31.0,10.0,31.0,10.0
36287,31.0,10.0,32.0,10.0
36288,31.0,10.0,32.0,10.0
36289,31.0,10.0,31.0,10.0
36290,31.0,10.0,31.0,10.0
36291,31.0,10.0,28.0,14.0
36292,31.0,10.0,27.0,17.0
36293,31.0,10.0,28.0,14.0
36294,31.0,10.0,26.0,12.0
36295,31.0,10.0,26.0,12.0
36296,31.0,10.0,28.0,14.0
36297,31.0,10.0,31.0,10.0
36298,31.0,10.0,32.0,10.0
36299,31.0,10.0,32.0,10.0
36300,31.0,10.0,27.0,17.0
36301,31.0,10.0,30.0,13.0
36302,31.0,10.0,26.0,12.0
36303,31.0,10.0,28.0,14.0
36304,31.0,10.0,26.0,12.0
36305,31.0,10.0,31.0,10.0
36306,31.0,10.0,27.0,17.0
36307,31.0,10.0,27.0,17.0
36308,31.0,10.0,30.0,13.0
36309,31.0,10.0,32.0,10.0
36310,31.0,10.0,31.0,11.0
36311,31.0,10.0,31.0,10.0
36312,31.0,10.0,27.0,17.0
36313,31.0,10.0,31.0,10.0
36314,31.0,10.0,28.0,14.0
36315,31.0,10.0,27.0,17.0
36316,31.0,10.0,31.0,11.0
36317,31.0,10.0,31.0,10.0
36318,31.0,10.0,26.0,12.0
36319,31.0,10.0,32.0,10.0
36320,31.0,10.0,32.0,10.0
36321,31.0,10.0,32.0,10.0
36322,31.0,10.0,31.0,11.0
36323,31.0,10.0,32.0,10.0
36324,31.0,10.0,31.0,11.0
36325,31.0,10.0,32.0,10.0
36326,31.0,10.0,28.0,14.0
36327,31.0,10.0,32.0,10.0
36328,31.0,10.0,31.0,10.0
36329,31.0,10.0,27.0,17.0
36330,31.0,10.0,26.0,12.0
36331,31.0,10.0,31.0,10.0
36332,31.0,10.0,27.0,17.0
36333,31.0,10.0,31.0,10.0
36334,31.0,10.0,26.0,12.0
36335,31.0,10.0,31.0,11.0
36336,31.0,10.0,31.0,11.0
36337,31.0,10.0,27.0,17.0
36338,31.0,10.0,30.0,13.0
36339,31.0,10.0,31.0,10.0
36340,31.0,10.0,26.0,12.0
36341,31.0,10.0,31.0,10.0
36342,31.0,10.0,27.0,17.0
36343,31.0,10.0,27.0,17.0
36344,31.0,10.0,28.0,14.0
36345,31.0,10.0,31.0,10.0
36346,31.0,10.0,31.0,11.0
36347,31.0,10.0,31.0,10.0
36348,31.0,10.0,28.0,14.0
36349,31.0,10.0,28.0,14.0
36350,31.0,10.0,28.0,14.0
36351,31.0,10.0,31.0,11.0
36352,31.0,10.0,32.0,10.0
36353,31.0,10.0,31.0,11.0
36354,31.0,10.0,28.0,14.0
36355,31.0,10.0,28.0,14.0
36356,31.0,10.0,27.0,17.0
36357,31.0,10.0,30.0,13.0
36358,31.0,10.0,31.0,10.0
36359,31.0,10.0,31.0,10.0
36360,31.0,10.0,27.0,17.0
36361,31.0,10.0,30.0,13.0
36362,31.0,10.0,26.0,12.0
36363,31.0,10.0,28.0,14.0
36364,31.0,10.0,31.0,11.0
36365,31.0,10.0,28.0,14.0
36366,31.0,10.0,31.0,10.0
36367,31.0,10.0,31.0,10.0
36368,31.0,10.0,31.0,11.0
36369,31.0,10.0,31.0,10.0
36370,31.0,10.0,31.0,10.0
36371,31.0,10.0,26.0,12.0
36372,31.0,10.0,27.0,17.0
36373,31.0,10.0,31.0,10.0
36374,31.0,10.0,31.0,11.0
36375,31.0,10.0,32.0,10.0
36376,31.0,10.0,32.0,10.0
36377,31.0,10.0,31.0,11.0
36378,31.0,10.0,26.0,12.0
36379,31.0,10.0,31.0,10.0
36380,31.0,10.0,26.0,12.0
36381,31.0,10.0,28.0,14.0
36382,31.0,10.0,30.0,13.0
36383,31.0,10.0,28.0,14.0
36384,31.0,10.0,31.0,11.0
36385,31.0,10.0,31.0,11.0
36386,31.0,10.0,28.0,14.0
36387,31.0,10.0,26.0,12.0
36388,31.0,10.0,26.0,12.0
36389,31.0,10.0,31.0,10.0
36390,31.0,10.0,27.0,17.0
36391,31.0,10.0,31.0,10.0
36392,31.0,10.0,31.0,10.0
36393,31.0,10.0,31.0,10.0
36394,31.0,10.0,31.0,11.0
36395,31.0,10.0,28.0,14.0
36396,31.0,10.0,26.0,12.0
36397,31.0,10.0,31.0,10.0
36398,31.0,10.0,31.0,11.0
36399,31.0,10.0,26.0,12.0
36400,31.0,10.0,31.0,11.0
36401,31.0,10.0,31.0,11.0
36402,31.0,10.0,32.0,10.0
36403,31.0,10.0,31.0,10.0
36404,31.0,10.0,27.0,17.0
36405,31.0,10.0,31.0,10.0
36406,31.0,10.0,31.0,11.0
36407,31.0,10.0,28.0,14.0
36408,31.0,10.0,31.0,10.0
36409,31.0,10.0,27.0,17.0
36410,31.0,10.0,32.0,10.0
36411,31.0,10.0,31.0,11.0
36412,31.0,10.0,28.0,14.0
36413,31.0,10.0,26.0,12.0
36414,31.0,10.0,31.0,10.0
36415,31.0,10.0,31.0,10.0
36416,31.0,10.0,27.0,17.0
36417,31.0,10.0,31.0,10.0
36418,31.0,10.0,31.0,10.0
36419,31.0,10.0,31.0,11.0
36420,31.0,10.0,31.0,11.0
36421,31.0,10.0,32.0,10.0
36422,31.0,10.0,32.0,10.0
36423,31.0,10.0,31.0,10.0
36424,31.0,10.0,30.0,13.0
36425,31.0,10.0,30.0,13.0
36426,31.0,10.0,31.0,11.0
36427,31.0,10.0,32.0,10.0
36428,31.0,10.0,30.0,13.0
36429,31.0,10.0,28.0,14.0
36430,31.0,10.0,31.0,10.0
36431,31.0,10.0,26.0,12.0
36432,31.0,10.0,31.0,10.0
36433,31.0,10.0,28.0,14.0
36434,31.0,10.0,31.0,11.0
36435,31.0,10.0,26.0,12.0
36436,31.0,10.0,31.0,10.0
36437,31.0,10.0,28.0,14.0
36438,31.0,10.0,28.0,14.0
36439,31.0,10.0,32.0,10.0
36440,31.0,10.0,31.0,11.0
36441,31.0,10.0,27.0,17.0
36442,31.0,10.0,28.0,14.0
36443,31.0,10.0,28.0,14.0
36444,31.0,10.0,28.0,14.0
36445,31.0,10.0,32.0,10.0
36446,31.0,10.0,27.0,17.0
36447,31.0,10.0,31.0,10.0
36448,31.0,10.0,31.0,10.0
36449,31.0,10.0,27.0,17.0
36450,31.0,10.0,27.0,17.0
36451,31.0,10.0,30.0,13.0
36452,31.0,10.0,32.0,10.0
36453,31.0,10.0,32.0,10.0
36454,31.0,10.0,31.0,10.0
36455,31.0,10.0,27.0,17.0
36456,31.0,10.0,31.0,10.0
36457,31.0,10.0,27.0,17.0
36458,31.0,10.0,31.0,11.0
36459,31.0,10.0,31.0,11.0
36460,31.0,10.0,31.0,10.0
36461,31.0,10.0,31.0,10.0
36462,31.0,10.0,27.0,17.0
36463,31.0,10.0,31.0,11.0
36464,31.0,10.0,32.0,10.0
36465,31.0,10.0,27.0,17.0
36466,31.0,10.0,32.0,10.0
36467,31.0,10.0,30.0,13.0
36468,31.0,10.0,27.0,17.0
36469,31.0,10.0,28.0,14.0
36470,31.0,10.0,28.0,14.0
36471,31.0,10.0,32.0,10.0
36472,31.0,10.0,27.0,17.0
36473,31.0,10.0,26.0,12.0
36474,31.0,10.0,31.0,11.0
36475,31.0,10.0,27.0,17.0
36476,31.0,10.0,31.0,10.0
36477,31.0,10.0,28.0,14.0
36478,31.0,10.0,27.0,17.0
36479,31.0,10.0,31.0,10.0
36480,31.0,10.0,27.0,17.0
36481,31.0,10.0,28.0,14.0
36482,31.0,10.0,31.0,10.0
36483,31.0,10.0,32.0,10.0
36484,31.0,10.0,26.0,12.0
36485,31.0,10.0,26.0,12.0
36486,31.0,10.0,28.0,14.0
36487,31.0,10.0,27.0,17.0
36488,31.0,10.0,30.0,13.0
36489,31.0,10.0,30.0,13.0
36490,31.0,10.0,30.0,13.0
36491,31.0,10.0,28.0,14.0
36492,31.0,10.0,26.0,12.0
36493,31.0,10.0,28.0,14.0
36494,31.0,10.0,31.0,10.0
36495,31.0,10.0,32.0,10.0
36496,31.0,10.0,32.0,10.0
36497,31.0,10.0,27.0,17.0
36498,31.0,10.0,26.0,12.0
36499,31.0,10.0,31.0,10.0
36500,31.0,10.0,31.0,10.0
36501,31.0,10.0,31.0,10.0
36502,31.0,10.0,32.0,10.0
36503,31.0,10.0,32.0,10.0
36504,31.0,10.0,26.0,12.0
36505,31.0,10.0,26.0,12.0
36506,31.0,10.0,32.0,10.0
36507,31.0,10.0,31.0,11.0
36508,31.0,10.0,26.0,12.0
36509,31.0,10.0,32.0,10.0
36510,31.0,10.0,31.0,11.0
36511,31.0,10.0,27.0,17.0
36512,31.0,10.0,26.0,12.0
36513,31.0,10.0,26.0,12.0
36514,31.0,10.0,30.0,13.0
36515,31.0,10.0,28.0,14.0
36516,31.0,10.0,28.0,14.0
36517,31.0,10.0,31.0,10.0
36518,31.0,10.0,31.0,10.0
36519,31.0,10.0,27.0,17.0
36520,31.0,10.0,27.0,17.0
36521,31.0,10.0,28.0,14.0
36522,31.0,10.0,31.0,11.0
36523,31.0,10.0,28.0,14.0
36524,31.0,10.0,31.0,11.0
36525,31.0,10.0,32.0,10.0
36526,31.0,10.0,27.0,17.0
36527,31.0,10.0,31.0,11.0
36528,31.0,10.0,30.0,13.0
36529,31.0,10.0,32.0,10.0
36530,31.0,10.0,32.0,10.0
36531,31.0,10.0,26.0,12.0
36532,31.0,10.0,28.0,14.0
36533,31.0,10.0,27.0,17.0
36534,31.0,10.0,30.0,13.0
36535,31.0,10.0,26.0,12.0
36536,31.0,10.0,27.0,17.0
36537,31.0,10.0,32.0,10.0
36538,31.0,10.0,28.0,14.0
36539,31.0,10.0,31.0,10.0
36540,31.0,10.0,31.0,10.0
36541,31.0,10.0,26.0,12.0
36542,31.0,10.0,28.0,14.0
36543,31.0,10.0,27.0,17.0
36544,31.0,10.0,30.0,13.0
36545,31.0,10.0,26.0,12.0
36546,31.0,10.0,32.0,10.0
36547,31.0,10.0,31.0,10.0
36548,31.0,10.0,27.0,17.0
36549,31.0,10.0,31.0,10.0
36550,31.0,10.0,27.0,17.0
36551,31.0,10.0,27.0,17.0
36552,31.0,10.0,27.0,17.0
36553,31.0,10.0,31.0,10.0
36554,31.0,10.0,28.0,14.0
36555,31.0,10.0,31.0,11.0
36556,31.0,10.0,28.0,14.0
36557,31.0,10.0,26.0,12.0
36558,31.0,10.0,31.0,11.0
36559,31.0,10.0,27.0,17.0
36560,31.0,10.0,31.0,11.0
36561,31.0,10.0,26.0,12.0
36562,31.0,10.0,26.0,12.0
36563,31.0,10.0,28.0,14.0
36564,31.0,10.0,26.0,12.0
36565,31.0,10.0,28.0,14.0
36566,31.0,10.0,30.0,13.0
36567,31.0,10.0,28.0,14.0
36568,31.0,10.0,31.0,11.0
36569,31.0,10.0,31.0,10.0
36570,31.0,10.0,27.0,17.0
36571,31.0,10.0,30.0,13.0
36572,31.0,10.0,32.0,10.0
36573,31.0,10.0,30.0,13.0
36574,31.0,10.0,28.0,14.0
36575,31.0,10.0,28.0,14.0
36576,31.0,10.0,31.0,10.0
36577,31.0,10.0,28.0,14.0
36578,31.0,10.0,26.0,12.0
36579,31.0,10.0,28.0,14.0
36580,31.0,10.0,30.0,13.0
36581,31.0,10.0,30.0,13.0
36582,31.0,10.0,31.0,10.0
36583,31.0,10.0,27.0,17.0
36584,31.0,10.0,32.0,10.0
36585,31.0,10.0,31.0,10.0
36586,31.0,10.0,28.0,14.0
36587,31.0,10.0,31.0,10.0
36588,31.0,10.0,28.0,14.0
36589,31.0,10.0,32.0,10.0
36590,31.0,10.0,26.0,12.0
36591,31.0,10.0,31.0,11.0
36592,31.0,10.0,32.0,10.0
36593,31.0,10.0,31.0,11.0
36594,31.0,10.0,27.0,17.0
36595,31.0,10.0,26.0,12.0
36596,31.0,10.0,31.0,10.0
36597,31.0,10.0,31.0,10.0
36598,31.0,10.0,27.0,17.0
36599,31.0,10.0,31.0,10.0
36600,31.0,10.0,31.0,10.0
36601,31.0,10.0,30.0,13.0
36602,31.0,10.0,28.0,14.0
36603,31.0,10.0,32.0,10.0
36604,31.0,10.0,32.0,10.0
36605,31.0,10.0,31.0,10.0
36606,31.0,10.0,30.0,13.0
36607,31.0,10.0,31.0,10.0
36608,31.0,10.0,28.0,14.0
36609,31.0,10.0,31.0,11.0
36610,31.0,10.0,30.0,13.0
36611,31.0,10.0,28.0,14.0
36612,31.0,10.0,31.0,11.0
36613,31.0,10.0,31.0,10.0
36614,31.0,10.0,32.0,10.0
36615,31.0,10.0,27.0,17.0
36616,31.0,10.0,26.0,12.0
36617,31.0,10.0,31.0,10.0
36618,31.0,10.0,32.0,10.0
36619,31.0,10.0,28.0,14.0
36620,31.0,10.0,30.0,13.0
36621,31.0,10.0,30.0,13.0
36622,31.0,10.0,31.0,10.0
36623,31.0,10.0,31.0,10.0
36624,31.0,10.0,32.0,10.0
36625,31.0,10.0,26.0,12.0
36626,31.0,10.0,31.0,10.0
36627,31.0,10.0,31.0,10.0
36628,31.0,10.0,28.0,14.0
36629,31.0,10.0,30.0,13.0
36630,31.0,10.0,32.0,10.0
36631,31.0,10.0,31.0,10.0
36632,31.0,10.0,27.0,17.0
36633,31.0,10.0,32.0,10.0
36634,31.0,10.0,31.0,11.0
36635,31.0,10.0,31.0,10.0
36636,31.0,10.0,31.0,10.0
36637,31.0,10.0,26.0,12.0
36638,31.0,10.0,30.0,13.0
36639,31.0,10.0,30.0,13.0
36640,31.0,10.0,32.0,10.0
36641,31.0,10.0,27.0,17.0
36642,31.0,10.0,31.0,10.0
36643,31.0,10.0,31.0,10.0
36644,31.0,10.0,30.0,13.0
36645,31.0,10.0,31.0,10.0
36646,31.0,10.0,32.0,10.0
36647,31.0,10.0,31.0,10.0
36648,31.0,10.0,28.0,14.0
36649,31.0,10.0,30.0,13.0
36650,31.0,10.0,31.0,10.0
36651,31.0,10.0,28.0,14.0
36652,31.0,10.0,28.0,14.0
36653,31.0,10.0,31.0,10.0
36654,31.0,10.0,31.0,11.0
36655,31.0,10.0,30.0,13.0
36656,31.0,10.0,26.0,12.0
36657,31.0,10.0,31.0,10.0
36658,31.0,10.0,31.0,10.0
36659,31.0,10.0,31.0,10.0
36660,31.0,10.0,26.0,12.0
36661,31.0,10.0,26.0,12.0
36662,31.0,10.0,26.0,12.0
36663,31.0,10.0,28.0,14.0
36664,31.0,10.0,27.0,17.0
36665,31.0,10.0,31.0,10.0
36666,31.0,10.0,26.0,12.0
36667,31.0,10.0,28.0,14.0
36668,31.0,10.0,31.0,10.0
36669,31.0,10.0,32.0,10.0
36670,31.0,10.0,30.0,13.0
36671,31.0,10.0,31.0,10.0
36672,31.0,10.0,28.0,14.0
36673,31.0,10.0,32.0,10.0
36674,31.0,10.0,31.0,11.0
36675,31.0,10.0,31.0,10.0
36676,31.0,10.0,31.0,10.0
36677,31.0,10.0,31.0,11.0
36678,31.0,10.0,30.0,13.0
36679,31.0,10.0,28.0,14.0
36680,31.0,10.0,27.0,17.0
36681,31.0,10.0,31.0,10.0
36682,31.0,10.0,31.0,11.0
36683,31.0,10.0,32.0,10.0
36684,31.0,10.0,32.0,10.0
36685,31.0,10.0,31.0,10.0
36686,31.0,10.0,31.0,10.0
36687,31.0,10.0,31.0,10.0
36688,31.0,10.0,26.0,12.0
36689,31.0,10.0,31.0,10.0
36690,31.0,10.0,27.0,17.0
36691,31.0,10.0,26.0,12.0
36692,31.0,10.0,32.0,10.0
36693,31.0,10.0,27.0,17.0
36694,31.0,10.0,32.0,10.0
36695,31.0,10.0,31.0,10.0
36696,31.0,10.0,31.0,10.0
36697,31.0,10.0,31.0,10.0
36698,31.0,10.0,26.0,12.0
36699,31.0,10.0,31.0,10.0
36700,31.0,10.0,28.0,14.0
36701,31.0,10.0,31.0,10.0
36702,31.0,10.0,31.0,10.0
36703,31.0,10.0,26.0,12.0
36704,31.0,10.0,26.0,12.0
36705,31.0,10.0,32.0,10.0
36706,31.0,10.0,31.0,11.0
36707,31.0,10.0,30.0,13.0
36708,31.0,10.0,31.0,11.0
36709,31.0,10.0,28.0,14.0
36710,31.0,10.0,31.0,11.0
36711,31.0,10.0,26.0,12.0
36712,31.0,10.0,28.0,14.0
36713,31.0,10.0,30.0,13.0
36714,31.0,10.0,28.0,14.0
36715,31.0,10.0,31.0,11.0
36716,31.0,10.0,28.0,14.0
36717,31.0,10.0,32.0,10.0
36718,31.0,10.0,30.0,13.0
36719,31.0,10.0,28.0,14.0
36720,31.0,10.0,28.0,14.0
36721,31.0,10.0,26.0,12.0
36722,31.0,10.0,27.0,17.0
36723,31.0,10.0,31.0,10.0
36724,31.0,10.0,30.0,13.0
36725,31.0,10.0,31.0,10.0
36726,31.0,10.0,31.0,10.0
36727,31.0,10.0,28.0,14.0
36728,31.0,10.0,31.0,10.0
36729,31.0,10.0,26.0,12.0
36730,31.0,10.0,31.0,11.0
36731,31.0,10.0,30.0,13.0
36732,31.0,10.0,31.0,10.0
36733,31.0,10.0,26.0,12.0
36734,31.0,10.0,28.0,14.0
36735,31.0,10.0,31.0,10.0
36736,31.0,10.0,27.0,17.0
36737,31.0,10.0,31.0,10.0
36738,31.0,10.0,30.0,13.0
36739,31.0,10.0,30.0,13.0
36740,31.0,10.0,28.0,14.0
36741,31.0,10.0,27.0,17.0
36742,31.0,10.0,26.0,12.0
36743,31.0,10.0,31.0,10.0
36744,31.0,10.0,31.0,10.0
36745,31.0,10.0,28.0,14.0
36746,31.0,10.0,28.0,14.0
36747,31.0,10.0,28.0,14.0
36748,31.0,10.0,26.0,12.0
36749,31.0,10.0,31.0,11.0
36750,31.0,10.0,26.0,12.0
36751,31.0,10.0,26.0,12.0
36752,31.0,10.0,28.0,14.0
36753,31.0,10.0,31.0,10.0
36754,31.0,10.0,32.0,10.0
36755,31.0,10.0,27.0,17.0
36756,31.0,10.0,27.0,17.0
36757,31.0,10.0,27.0,17.0
36758,31.0,10.0,31.0,11.0
36759,31.0,10.0,27.0,17.0
36760,31.0,10.0,31.0,10.0
36761,31.0,10.0,31.0,10.0
36762,31.0,10.0,30.0,13.0
36763,31.0,10.0,26.0,12.0
36764,31.0,10.0,31.0,10.0
36765,31.0,10.0,26.0,12.0
36766,31.0,10.0,26.0,12.0
36767,31.0,10.0,32.0,10.0
36768,31.0,10.0,31.0,10.0
36769,31.0,10.0,30.0,13.0
36770,31.0,10.0,27.0,17.0
36771,31.0,10.0,32.0,10.0
36772,31.0,10.0,27.0,17.0
36773,31.0,10.0,31.0,10.0
36774,31.0,10.0,31.0,10.0
36775,31.0,10.0,31.0,11.0
36776,31.0,10.0,31.0,10.0
36777,31.0,10.0,31.0,10.0
36778,31.0,10.0,30.0,13.0
36779,31.0,10.0,26.0,12.0
36780,31.0,10.0,31.0,10.0
36781,31.0,10.0,28.0,14.0
36782,31.0,10.0,31.0,10.0
36783,31.0,10.0,32.0,10.0
36784,31.0,10.0,30.0,13.0
36785,31.0,10.0,28.0,14.0
36786,31.0,10.0,30.0,13.0
36787,31.0,10.0,31.0,10.0
36788,31.0,10.0,31.0,10.0
36789,31.0,10.0,26.0,12.0
36790,31.0,10.0,28.0,14.0
36791,31.0,10.0,31.0,11.0
36792,31.0,10.0,31.0,10.0
36793,31.0,10.0,27.0,17.0
36794,31.0,10.0,26.0,12.0
36795,31.0,10.0,30.0,13.0
36796,31.0,10.0,31.0,11.0
36797,31.0,10.0,26.0,12.0
36798,31.0,10.0,31.0,10.0
36799,31.0,10.0,32.0,10.0
36800,31.0,10.0,30.0,13.0
36801,31.0,10.0,28.0,14.0
36802,31.0,10.0,31.0,10.0
36803,31.0,10.0,27.0,17.0
36804,31.0,10.0,31.0,10.0
36805,31.0,10.0,31.0,10.0
36806,31.0,10.0,28.0,14.0
36807,31.0,10.0,30.0,13.0
36808,31.0,10.0,28.0,14.0
36809,31.0,10.0,28.0,14.0
36810,31.0,10.0,31.0,10.0
36811,31.0,10.0,31.0,11.0
36812,31.0,10.0,27.0,17.0
36813,31.0,10.0,31.0,10.0
36814,31.0,10.0,27.0,17.0
36815,31.0,10.0,31.0,10.0
36816,31.0,10.0,31.0,11.0
36817,31.0,10.0,31.0,10.0
36818,31.0,10.0,32.0,10.0
36819,31.0,10.0,31.0,10.0
36820,31.0,10.0,30.0,13.0
36821,31.0,10.0,28.0,14.0
36822,31.0,10.0,32.0,10.0
36823,31.0,10.0,27.0,17.0
36824,31.0,10.0,32.0,10.0
36825,31.0,10.0,31.0,11.0
36826,31.0,10.0,26.0,12.0
36827,31.0,10.0,31.0,10.0
36828,31.0,10.0,31.0,10.0
36829,31.0,10.0,28.0,14.0
36830,31.0,10.0,30.0,13.0
36831,31.0,10.0,32.0,10.0
36832,31.0,10.0,32.0,10.0
36833,31.0,10.0,30.0,13.0
36834,31.0,10.0,28.0,14.0
36835,31.0,10.0,31.0,10.0
36836,31.0,10.0,31.0,11.0
36837,31.0,10.0,28.0,14.0
36838,31.0,10.0,30.0,13.0
36839,31.0,10.0,26.0,12.0
36840,31.0,10.0,26.0,12.0
36841,31.0,10.0,31.0,10.0
36842,31.0,10.0,28.0,14.0
36843,31.0,10.0,31.0,10.0
36844,31.0,10.0,26.0,12.0
36845,31.0,10.0,31.0,10.0
36846,31.0,10.0,28.0,14.0
36847,31.0,10.0,31.0,10.0
36848,31.0,10.0,28.0,14.0
36849,31.0,10.0,27.0,17.0
36850,31.0,10.0,31.0,11.0
36851,31.0,10.0,31.0,10.0
36852,31.0,10.0,31.0,11.0
36853,31.0,10.0,27.0,17.0
36854,31.0,10.0,31.0,10.0
36855,31.0,10.0,28.0,14.0
36856,31.0,10.0,28.0,14.0
36857,31.0,10.0,31.0,10.0
36858,31.0,10.0,31.0,10.0
36859,31.0,10.0,31.0,10.0
36860,31.0,10.0,31.0,11.0
36861,31.0,10.0,30.0,13.0
36862,31.0,10.0,32.0,10.0
36863,31.0,10.0,31.0,10.0
36864,31.0,10.0,26.0,12.0
36865,31.0,10.0,26.0,12.0
36866,31.0,10.0,26.0,12.0
36867,31.0,10.0,27.0,17.0
36868,31.0,10.0,32.0,10.0
36869,31.0,10.0,32.0,10.0
36870,31.0,10.0,32.0,10.0
36871,31.0,10.0,26.0,12.0
36872,31.0,10.0,31.0,10.0
36873,31.0,10.0,26.0,12.0
36874,31.0,10.0,31.0,11.0
36875,31.0,10.0,31.0,10.0
36876,31.0,10.0,31.0,10.0
36877,31.0,10.0,27.0,17.0
36878,31.0,10.0,28.0,14.0
36879,31.0,10.0,28.0,14.0
36880,31.0,10.0,31.0,10.0
36881,31.0,10.0,28.0,14.0
36882,31.0,10.0,31.0,11.0
36883,31.0,10.0,31.0,10.0
36884,31.0,10.0,30.0,13.0
36885,31.0,10.0,30.0,13.0
36886,31.0,10.0,31.0,10.0
36887,31.0,10.0,31.0,10.0
36888,31.0,10.0,31.0,10.0
36889,31.0,10.0,31.0,10.0
36890,31.0,10.0,26.0,12.0
36891,31.0,10.0,28.0,14.0
36892,31.0,10.0,30.0,13.0
36893,31.0,10.0,26.0,12.0
36894,31.0,10.0,28.0,14.0
36895,31.0,10.0,28.0,14.0
36896,31.0,10.0,31.0,11.0
36897,31.0,10.0,27.0,17.0
36898,31.0,10.0,32.0,10.0
36899,31.0,10.0,31.0,10.0
36900,31.0,10.0,31.0,10.0
36901,31.0,10.0,26.0,12.0
36902,31.0,10.0,31.0,10.0
36903,31.0,10.0,28.0,14.0
36904,31.0,10.0,27.0,17.0
36905,31.0,10.0,28.0,14.0
36906,31.0,10.0,31.0,10.0
36907,31.0,10.0,31.0,11.0
36908,31.0,10.0,30.0,13.0
36909,31.0,10.0,32.0,10.0
36910,31.0,10.0,31.0,10.0
36911,31.0,10.0,26.0,12.0
36912,31.0,10.0,32.0,10.0
36913,31.0,10.0,28.0,14.0
36914,31.0,10.0,27.0,17.0
36915,31.0,10.0,27.0,17.0
36916,31.0,10.0,31.0,10.0
36917,31.0,10.0,27.0,17.0
36918,31.0,10.0,30.0,13.0
36919,31.0,10.0,32.0,10.0
36920,31.0,10.0,31.0,10.0
36921,31.0,10.0,28.0,14.0
36922,31.0,10.0,28.0,14.0
36923,31.0,10.0,27.0,17.0
36924,31.0,10.0,31.0,10.0
36925,31.0,10.0,30.0,13.0
36926,31.0,10.0,31.0,10.0
36927,31.0,10.0,31.0,10.0
36928,31.0,10.0,26.0,12.0
36929,31.0,10.0,26.0,12.0
36930,31.0,10.0,31.0,11.0
36931,31.0,10.0,31.0,10.0
36932,31.0,10.0,32.0,10.0
36933,31.0,10.0,31.0,10.0
36934,31.0,10.0,26.0,12.0
36935,31.0,10.0,32.0,10.0
36936,31.0,10.0,32.0,10.0
36937,31.0,10.0,26.0,12.0
36938,31.0,10.0,30.0,13.0
36939,31.0,10.0,28.0,14.0
36940,31.0,10.0,30.0,13.0
36941,31.0,10.0,26.0,12.0
36942,31.0,10.0,31.0,10.0
36943,31.0,10.0,26.0,12.0
36944,31.0,10.0,28.0,14.0
36945,31.0,10.0,26.0,12.0
36946,31.0,10.0,27.0,17.0
36947,31.0,10.0,27.0,17.0
36948,31.0,10.0,32.0,10.0
36949,31.0,10.0,27.0,17.0
36950,31.0,10.0,28.0,14.0
36951,31.0,10.0,28.0,14.0
36952,31.0,10.0,30.0,13.0
36953,31.0,10.0,31.0,10.0
36954,31.0,10.0,31.0,10.0
36955,31.0,10.0,26.0,12.0
36956,31.0,10.0,32.0,10.0
36957,31.0,10.0,31.0,10.0
36958,31.0,10.0,27.0,17.0
36959,31.0,10.0,31.0,10.0
36960,31.0,10.0,31.0,10.0
36961,31.0,10.0,30.0,13.0
36962,31.0,10.0,31.0,11.0
36963,31.0,10.0,31.0,11.0
36964,31.0,10.0,28.0,14.0
36965,31.0,10.0,31.0,10.0
36966,31.0,10.0,26.0,12.0
36967,31.0,10.0,31.0,10.0
36968,31.0,10.0,27.0,17.0
36969,31.0,10.0,26.0,12.0
36970,31.0,10.0,31.0,10.0
36971,31.0,10.0,31.0,10.0
36972,31.0,10.0,30.0,13.0
36973,31.0,10.0,31.0,10.0
36974,31.0,10.0,26.0,12.0
36975,31.0,10.0,30.0,13.0
36976,31.0,10.0,31.0,10.0
36977,31.0,10.0,28.0,14.0
36978,31.0,10.0,27.0,17.0
36979,31.0,10.0,32.0,10.0
36980,31.0,10.0,31.0,10.0
36981,31.0,10.0,26.0,12.0
36982,31.0,10.0,32.0,10.0
36983,31.0,10.0,28.0,14.0
36984,31.0,10.0,26.0,12.0
36985,31.0,10.0,31.0,10.0
36986,31.0,10.0,31.0,10.0
36987,31.0,10.0,30.0,13.0
36988,31.0,10.0,30.0,13.0
36989,31.0,10.0,31.0,10.0
36990,31.0,10.0,30.0,13.0
36991,31.0,10.0,26.0,12.0
36992,31.0,10.0,26.0,12.0
36993,31.0,10.0,31.0,10.0
36994,31.0,10.0,28.0,14.0
36995,31.0,10.0,26.0,12.0
36996,31.0,10.0,28.0,14.0
36997,31.0,10.0,30.0,13.0
36998,31.0,10.0,28.0,14.0
36999,31.0,10.0,31.0,10.0
37000,31.0,10.0,28.0,14.0
37001,31.0,10.0,31.0,11.0
37002,31.0,10.0,32.0,10.0
37003,31.0,10.0,32.0,10.0
37004,31.0,10.0,31.0,10.0
37005,31.0,10.0,31.0,11.0
37006,31.0,10.0,31.0,11.0
37007,31.0,10.0,28.0,14.0
37008,31.0,10.0,32.0,10.0
37009,31.0,10.0,31.0,10.0
37010,31.0,10.0,31.0,10.0
37011,31.0,10.0,31.0,10.0
37012,31.0,10.0,27.0,17.0
37013,31.0,10.0,32.0,10.0
37014,31.0,10.0,31.0,10.0
37015,31.0,10.0,32.0,10.0
37016,31.0,10.0,28.0,14.0
37017,31.0,10.0,31.0,10.0
37018,31.0,10.0,26.0,12.0
37019,31.0,10.0,30.0,13.0
37020,31.0,10.0,28.0,14.0
37021,31.0,10.0,31.0,10.0
37022,31.0,10.0,27.0,17.0
37023,31.0,10.0,26.0,12.0
37024,31.0,10.0,27.0,17.0
37025,31.0,10.0,31.0,11.0
37026,31.0,10.0,26.0,12.0
37027,31.0,10.0,27.0,17.0
37028,31.0,10.0,31.0,11.0
37029,31.0,10.0,26.0,12.0
37030,31.0,10.0,30.0,13.0
37031,31.0,10.0,31.0,10.0
37032,31.0,10.0,31.0,10.0
37033,31.0,10.0,31.0,10.0
37034,31.0,10.0,31.0,10.0
37035,31.0,10.0,31.0,11.0
37036,31.0,10.0,27.0,17.0
37037,31.0,10.0,28.0,14.0
37038,31.0,10.0,31.0,11.0
37039,31.0,10.0,31.0,10.0
37040,31.0,10.0,28.0,14.0
37041,31.0,10.0,26.0,12.0
37042,31.0,10.0,31.0,10.0
37043,31.0,10.0,31.0,10.0
37044,31.0,10.0,31.0,10.0
37045,31.0,10.0,27.0,17.0
37046,31.0,10.0,31.0,11.0
37047,31.0,10.0,26.0,12.0
37048,31.0,10.0,27.0,17.0
37049,31.0,10.0,27.0,17.0
37050,31.0,10.0,26.0,12.0
37051,31.0,10.0,32.0,10.0
37052,31.0,10.0,31.0,11.0
37053,31.0,10.0,27.0,17.0
37054,31.0,10.0,31.0,10.0
37055,31.0,10.0,31.0,11.0
37056,31.0,10.0,32.0,10.0
37057,31.0,10.0,31.0,10.0
37058,31.0,10.0,30.0,13.0
37059,31.0,10.0,28.0,14.0
37060,31.0,10.0,32.0,10.0
37061,31.0,10.0,30.0,13.0
37062,31.0,10.0,32.0,10.0
37063,31.0,10.0,31.0,10.0
37064,31.0,10.0,30.0,13.0
37065,31.0,10.0,30.0,13.0
37066,31.0,10.0,27.0,17.0
37067,31.0,10.0,32.0,10.0
37068,31.0,10.0,31.0,10.0
37069,31.0,10.0,31.0,10.0
37070,31.0,10.0,27.0,17.0
37071,31.0,10.0,31.0,10.0
37072,31.0,10.0,31.0,11.0
37073,31.0,10.0,31.0,11.0
37074,31.0,10.0,26.0,12.0
37075,31.0,10.0,31.0,10.0
37076,31.0,10.0,31.0,10.0
37077,31.0,10.0,28.0,14.0
37078,31.0,10.0,28.0,14.0
37079,31.0,10.0,31.0,10.0
37080,31.0,10.0,27.0,17.0
37081,31.0,10.0,32.0,10.0
37082,31.0,10.0,27.0,17.0
37083,31.0,10.0,27.0,17.0
37084,31.0,10.0,31.0,10.0
37085,31.0,10.0,31.0,10.0
37086,31.0,10.0,26.0,12.0
37087,31.0,10.0,31.0,10.0
37088,31.0,10.0,27.0,17.0
37089,31.0,10.0,31.0,10.0
37090,31.0,10.0,26.0,12.0
37091,31.0,10.0,26.0,12.0
37092,31.0,10.0,31.0,11.0
37093,31.0,10.0,30.0,13.0
37094,31.0,10.0,31.0,11.0
37095,31.0,10.0,26.0,12.0
37096,31.0,10.0,31.0,10.0
37097,31.0,10.0,30.0,13.0
37098,31.0,10.0,31.0,10.0
37099,31.0,10.0,26.0,12.0
37100,31.0,10.0,31.0,10.0
37101,31.0,10.0,32.0,10.0
37102,31.0,10.0,30.0,13.0
37103,31.0,10.0,26.0,12.0
37104,31.0,10.0,26.0,12.0
37105,31.0,10.0,27.0,17.0
37106,31.0,10.0,28.0,14.0
37107,31.0,10.0,32.0,10.0
37108,31.0,10.0,26.0,12.0
37109,31.0,10.0,30.0,13.0
37110,31.0,10.0,30.0,13.0
37111,31.0,10.0,30.0,13.0
37112,31.0,10.0,28.0,14.0
37113,31.0,10.0,26.0,12.0
37114,31.0,10.0,31.0,10.0
37115,31.0,10.0,31.0,10.0
37116,31.0,10.0,31.0,11.0
37117,31.0,10.0,27.0,17.0
37118,31.0,10.0,31.0,10.0
37119,31.0,10.0,32.0,10.0
37120,31.0,10.0,27.0,17.0
37121,31.0,10.0,31.0,11.0
37122,31.0,10.0,26.0,12.0
37123,31.0,10.0,31.0,11.0
37124,31.0,10.0,26.0,12.0
37125,31.0,10.0,28.0,14.0
37126,31.0,10.0,27.0,17.0
37127,31.0,10.0,31.0,10.0
37128,31.0,10.0,26.0,12.0
37129,31.0,10.0,30.0,13.0
37130,31.0,10.0,27.0,17.0
37131,31.0,10.0,27.0,17.0
37132,31.0,10.0,32.0,10.0
37133,31.0,10.0,26.0,12.0
37134,31.0,10.0,31.0,10.0
37135,31.0,10.0,31.0,10.0
37136,31.0,10.0,26.0,12.0
37137,31.0,10.0,26.0,12.0
37138,31.0,10.0,28.0,14.0
37139,31.0,10.0,28.0,14.0
37140,31.0,10.0,32.0,10.0
37141,31.0,10.0,31.0,10.0
37142,31.0,10.0,32.0,10.0
37143,31.0,10.0,31.0,10.0
37144,31.0,10.0,32.0,10.0
37145,31.0,10.0,27.0,17.0
37146,31.0,10.0,31.0,10.0
37147,31.0,10.0,31.0,11.0
37148,31.0,10.0,27.0,17.0
37149,31.0,10.0,31.0,10.0
37150,31.0,10.0,28.0,14.0
37151,31.0,10.0,28.0,14.0
37152,31.0,10.0,31.0,10.0
37153,31.0,10.0,32.0,10.0
37154,31.0,10.0,31.0,10.0
37155,31.0,10.0,32.0,10.0
37156,31.0,10.0,31.0,10.0
37157,31.0,10.0,31.0,10.0
37158,31.0,10.0,26.0,12.0
37159,31.0,10.0,26.0,12.0
37160,31.0,10.0,26.0,12.0
37161,31.0,10.0,28.0,14.0
37162,31.0,10.0,30.0,13.0
37163,31.0,10.0,28.0,14.0
37164,31.0,10.0,30.0,13.0
37165,31.0,10.0,32.0,10.0
37166,31.0,10.0,32.0,10.0
37167,31.0,10.0,28.0,14.0
37168,31.0,10.0,30.0,13.0
37169,31.0,10.0,31.0,11.0
37170,31.0,10.0,32.0,10.0
37171,31.0,10.0,31.0,11.0
37172,31.0,10.0,31.0,11.0
37173,31.0,10.0,31.0,11.0
37174,31.0,10.0,30.0,13.0
37175,31.0,10.0,27.0,17.0
37176,31.0,10.0,31.0,10.0
37177,31.0,10.0,31.0,10.0
37178,31.0,10.0,30.0,13.0
37179,31.0,10.0,30.0,13.0
37180,31.0,10.0,28.0,14.0
37181,31.0,10.0,26.0,12.0
37182,31.0,10.0,31.0,10.0
37183,31.0,10.0,28.0,14.0
37184,31.0,10.0,26.0,12.0
37185,31.0,10.0,31.0,10.0
37186,31.0,10.0,31.0,10.0
37187,31.0,10.0,31.0,10.0
37188,31.0,10.0,28.0,14.0
37189,31.0,10.0,32.0,10.0
37190,31.0,10.0,31.0,10.0
37191,31.0,10.0,31.0,10.0
37192,31.0,10.0,31.0,10.0
37193,31.0,10.0,30.0,13.0
37194,31.0,10.0,28.0,14.0
37195,31.0,10.0,28.0,14.0
37196,31.0,10.0,31.0,11.0
37197,31.0,10.0,27.0,17.0
37198,31.0,10.0,28.0,14.0
37199,31.0,10.0,31.0,10.0
37200,31.0,10.0,27.0,17.0
37201,31.0,10.0,31.0,10.0
37202,31.0,10.0,32.0,10.0
37203,31.0,10.0,31.0,10.0
37204,31.0,10.0,31.0,10.0
37205,31.0,10.0,27.0,17.0
37206,31.0,10.0,31.0,11.0
37207,31.0,10.0,30.0,13.0
37208,31.0,10.0,26.0,12.0
37209,31.0,10.0,26.0,12.0
37210,31.0,10.0,30.0,13.0
37211,31.0,10.0,27.0,17.0
37212,31.0,10.0,30.0,13.0
37213,31.0,10.0,28.0,14.0
37214,31.0,10.0,26.0,12.0
37215,31.0,10.0,27.0,17.0
37216,31.0,10.0,31.0,10.0
37217,31.0,10.0,31.0,10.0
37218,31.0,10.0,30.0,13.0
37219,31.0,10.0,31.0,10.0
37220,31.0,10.0,27.0,17.0
37221,31.0,10.0,27.0,17.0
37222,31.0,10.0,32.0,10.0
37223,31.0,10.0,30.0,13.0
37224,31.0,10.0,26.0,12.0
37225,31.0,10.0,31.0,11.0
37226,31.0,10.0,31.0,10.0
37227,31.0,10.0,31.0,10.0
37228,31.0,10.0,31.0,10.0
37229,31.0,10.0,30.0,13.0
37230,31.0,10.0,31.0,10.0
37231,31.0,10.0,30.0,13.0
37232,31.0,10.0,28.0,14.0
37233,31.0,10.0,26.0,12.0
37234,31.0,10.0,31.0,10.0
37235,31.0,10.0,28.0,14.0
37236,31.0,10.0,27.0,17.0
37237,31.0,10.0,26.0,12.0
37238,31.0,10.0,32.0,10.0
37239,31.0,10.0,27.0,17.0
37240,31.0,10.0,31.0,10.0
37241,31.0,10.0,32.0,10.0
37242,31.0,10.0,31.0,10.0
37243,31.0,10.0,28.0,14.0
37244,31.0,10.0,31.0,10.0
37245,31.0,10.0,31.0,11.0
37246,31.0,10.0,31.0,10.0
37247,31.0,10.0,30.0,13.0
37248,31.0,10.0,30.0,13.0
37249,31.0,10.0,32.0,10.0
37250,31.0,10.0,31.0,10.0
37251,31.0,10.0,31.0,10.0
37252,31.0,10.0,31.0,10.0
37253,31.0,10.0,32.0,10.0
37254,31.0,10.0,31.0,10.0
37255,31.0,10.0,31.0,10.0
37256,31.0,10.0,28.0,14.0
37257,31.0,10.0,31.0,10.0
37258,31.0,10.0,32.0,10.0
37259,31.0,10.0,31.0,10.0
37260,31.0,10.0,27.0,17.0
37261,31.0,10.0,31.0,10.0
37262,31.0,10.0,32.0,10.0
37263,31.0,10.0,31.0,10.0
37264,31.0,10.0,31.0,10.0
37265,31.0,10.0,31.0,10.0
37266,31.0,10.0,32.0,10.0
37267,31.0,10.0,28.0,14.0
37268,31.0,10.0,28.0,14.0
37269,31.0,10.0,31.0,10.0
37270,31.0,10.0,31.0,10.0
37271,31.0,10.0,27.0,17.0
37272,31.0,10.0,26.0,12.0
37273,31.0,10.0,26.0,12.0
37274,31.0,10.0,26.0,12.0
37275,31.0,10.0,31.0,10.0
37276,31.0,10.0,28.0,14.0
37277,31.0,10.0,31.0,10.0
37278,31.0,10.0,28.0,14.0
37279,31.0,10.0,31.0,11.0
37280,31.0,10.0,31.0,11.0
37281,31.0,10.0,31.0,11.0
37282,31.0,10.0,31.0,10.0
37283,31.0,10.0,31.0,10.0
37284,31.0,10.0,31.0,10.0
37285,31.0,10.0,31.0,10.0
37286,31.0,10.0,32.0,10.0
37287,31.0,10.0,31.0,10.0
37288,31.0,10.0,30.0,13.0
37289,31.0,10.0,32.0,10.0
37290,31.0,10.0,31.0,10.0
37291,31.0,10.0,32.0,10.0
37292,31.0,10.0,26.0,12.0
37293,31.0,10.0,30.0,13.0
37294,31.0,10.0,28.0,14.0
37295,31.0,10.0,32.0,10.0
37296,31.0,10.0,27.0,17.0
37297,31.0,10.0,28.0,14.0
37298,31.0,10.0,30.0,13.0
37299,31.0,10.0,28.0,14.0
37300,31.0,10.0,31.0,11.0
37301,31.0,10.0,31.0,10.0
37302,31.0,10.0,31.0,10.0
37303,31.0,10.0,31.0,10.0
37304,31.0,10.0,31.0,10.0
37305,31.0,10.0,32.0,10.0
37306,31.0,10.0,31.0,10.0
37307,31.0,10.0,30.0,13.0
37308,31.0,10.0,28.0,14.0
37309,31.0,10.0,28.0,14.0
37310,31.0,10.0,31.0,10.0
37311,31.0,10.0,31.0,10.0
37312,31.0,10.0,27.0,17.0
37313,31.0,10.0,27.0,17.0
37314,31.0,10.0,27.0,17.0
37315,31.0,10.0,27.0,17.0
37316,31.0,10.0,28.0,14.0
37317,31.0,10.0,30.0,13.0
37318,31.0,10.0,31.0,10.0
37319,31.0,10.0,31.0,10.0
37320,31.0,10.0,28.0,14.0
37321,31.0,10.0,30.0,13.0
37322,31.0,10.0,28.0,14.0
37323,31.0,10.0,28.0,14.0
37324,31.0,10.0,26.0,12.0
37325,31.0,10.0,31.0,10.0
37326,31.0,10.0,27.0,17.0
37327,31.0,10.0,28.0,14.0
37328,31.0,10.0,27.0,17.0
37329,31.0,10.0,28.0,14.0
37330,31.0,10.0,31.0,10.0
37331,31.0,10.0,31.0,11.0
37332,31.0,10.0,28.0,14.0
37333,31.0,10.0,30.0,13.0
37334,31.0,10.0,31.0,10.0
37335,31.0,10.0,32.0,10.0
37336,31.0,10.0,31.0,10.0
37337,31.0,10.0,32.0,10.0
37338,31.0,10.0,30.0,13.0
37339,31.0,10.0,31.0,10.0
37340,31.0,10.0,26.0,12.0
37341,31.0,10.0,32.0,10.0
37342,31.0,10.0,32.0,10.0
37343,31.0,10.0,30.0,13.0
37344,31.0,10.0,31.0,11.0
37345,31.0,10.0,31.0,11.0
37346,31.0,10.0,32.0,10.0
37347,31.0,10.0,31.0,10.0
37348,31.0,10.0,26.0,12.0
37349,31.0,10.0,31.0,11.0
37350,31.0,10.0,31.0,10.0
37351,31.0,10.0,30.0,13.0
37352,31.0,10.0,30.0,13.0
37353,31.0,10.0,31.0,11.0
37354,31.0,10.0,26.0,12.0
37355,31.0,10.0,26.0,12.0
37356,31.0,10.0,31.0,10.0
37357,31.0,10.0,31.0,11.0
37358,31.0,10.0,31.0,10.0
37359,31.0,10.0,28.0,14.0
37360,31.0,10.0,30.0,13.0
37361,31.0,10.0,31.0,10.0
37362,31.0,10.0,30.0,13.0
37363,31.0,10.0,31.0,10.0
37364,31.0,10.0,31.0,10.0
37365,31.0,10.0,31.0,10.0
37366,31.0,10.0,31.0,10.0
37367,31.0,10.0,31.0,11.0
37368,31.0,10.0,30.0,13.0
37369,31.0,10.0,28.0,14.0
37370,31.0,10.0,31.0,10.0
37371,31.0,10.0,30.0,13.0
37372,31.0,10.0,30.0,13.0
37373,31.0,10.0,31.0,10.0
37374,31.0,10.0,31.0,11.0
37375,31.0,10.0,28.0,14.0
37376,31.0,10.0,26.0,12.0
37377,31.0,10.0,31.0,11.0
37378,31.0,10.0,32.0,10.0
37379,31.0,10.0,31.0,10.0
37380,31.0,10.0,28.0,14.0
37381,31.0,10.0,30.0,13.0
37382,31.0,10.0,27.0,17.0
37383,31.0,10.0,31.0,11.0
37384,31.0,10.0,26.0,12.0
37385,31.0,10.0,31.0,11.0
37386,31.0,10.0,31.0,11.0
37387,31.0,10.0,31.0,11.0
37388,31.0,10.0,28.0,14.0
37389,31.0,10.0,28.0,14.0
37390,31.0,10.0,31.0,10.0
37391,31.0,10.0,31.0,10.0
37392,31.0,10.0,31.0,10.0
37393,31.0,10.0,31.0,10.0
37394,31.0,10.0,28.0,14.0
37395,31.0,10.0,32.0,10.0
37396,31.0,10.0,28.0,14.0
37397,31.0,10.0,27.0,17.0
37398,31.0,10.0,31.0,11.0
37399,31.0,10.0,30.0,13.0
37400,31.0,10.0,28.0,14.0
37401,31.0,10.0,27.0,17.0
37402,31.0,10.0,32.0,10.0
37403,31.0,10.0,28.0,14.0
37404,31.0,10.0,31.0,11.0
37405,31.0,10.0,28.0,14.0
37406,31.0,10.0,28.0,14.0
37407,31.0,10.0,31.0,10.0
37408,31.0,10.0,31.0,10.0
37409,31.0,10.0,31.0,11.0
37410,31.0,10.0,27.0,17.0
37411,31.0,10.0,30.0,13.0
37412,31.0,10.0,26.0,12.0
37413,31.0,10.0,31.0,10.0
37414,31.0,10.0,26.0,12.0
37415,31.0,10.0,26.0,12.0
37416,31.0,10.0,26.0,12.0
37417,31.0,10.0,31.0,10.0
37418,31.0,10.0,28.0,14.0
37419,31.0,10.0,31.0,10.0
37420,31.0,10.0,31.0,10.0
37421,31.0,10.0,31.0,10.0
37422,31.0,10.0,26.0,12.0
37423,31.0,10.0,31.0,10.0
37424,31.0,10.0,31.0,10.0
37425,31.0,10.0,30.0,13.0
37426,31.0,10.0,28.0,14.0
37427,31.0,10.0,31.0,10.0
37428,31.0,10.0,28.0,14.0
37429,31.0,10.0,30.0,13.0
37430,31.0,10.0,27.0,17.0
37431,31.0,10.0,30.0,13.0
37432,31.0,10.0,32.0,10.0
37433,31.0,10.0,30.0,13.0
37434,31.0,10.0,26.0,12.0
37435,31.0,10.0,28.0,14.0
37436,31.0,10.0,28.0,14.0
37437,31.0,10.0,32.0,10.0
37438,31.0,10.0,27.0,17.0
37439,31.0,10.0,32.0,10.0
37440,31.0,10.0,27.0,17.0
37441,31.0,10.0,32.0,10.0
37442,31.0,10.0,31.0,10.0
37443,31.0,10.0,31.0,10.0
37444,31.0,10.0,26.0,12.0
37445,31.0,10.0,32.0,10.0
37446,31.0,10.0,31.0,11.0
37447,31.0,10.0,27.0,17.0
37448,31.0,10.0,31.0,11.0
37449,31.0,10.0,31.0,11.0
37450,31.0,10.0,31.0,11.0
37451,31.0,10.0,27.0,17.0
37452,31.0,10.0,27.0,17.0
37453,31.0,10.0,32.0,10.0
37454,31.0,10.0,32.0,10.0
37455,31.0,10.0,31.0,10.0
37456,31.0,10.0,31.0,10.0
37457,31.0,10.0,28.0,14.0
37458,31.0,10.0,26.0,12.0
37459,31.0,10.0,30.0,13.0
37460,31.0,10.0,26.0,12.0
37461,31.0,10.0,28.0,14.0
37462,31.0,10.0,30.0,13.0
37463,31.0,10.0,26.0,12.0
37464,31.0,10.0,27.0,17.0
37465,31.0,10.0,27.0,17.0
37466,31.0,10.0,30.0,13.0
37467,31.0,10.0,31.0,10.0
37468,31.0,10.0,31.0,10.0
37469,31.0,10.0,31.0,10.0
37470,31.0,10.0,31.0,10.0
37471,31.0,10.0,31.0,11.0
37472,31.0,10.0,26.0,12.0
37473,31.0,10.0,30.0,13.0
37474,31.0,10.0,31.0,10.0
37475,31.0,10.0,30.0,13.0
37476,31.0,10.0,31.0,11.0
37477,31.0,10.0,32.0,10.0
37478,31.0,10.0,31.0,10.0
37479,31.0,10.0,28.0,14.0
37480,31.0,10.0,32.0,10.0
37481,31.0,10.0,31.0,11.0
37482,31.0,10.0,31.0,10.0
37483,31.0,10.0,30.0,13.0
37484,31.0,10.0,30.0,13.0
37485,31.0,10.0,32.0,10.0
37486,31.0,10.0,28.0,14.0
37487,31.0,10.0,31.0,10.0
37488,31.0,10.0,31.0,10.0
37489,31.0,10.0,31.0,10.0
37490,31.0,10.0,32.0,10.0
37491,31.0,10.0,31.0,10.0
37492,31.0,10.0,27.0,17.0
37493,31.0,10.0,26.0,12.0
37494,31.0,10.0,31.0,10.0
37495,31.0,10.0,26.0,12.0
37496,31.0,10.0,30.0,13.0
37497,31.0,10.0,26.0,12.0
37498,31.0,10.0,28.0,14.0
37499,31.0,10.0,26.0,12.0
37500,31.0,10.0,31.0,10.0
37501,31.0,10.0,31.0,11.0
37502,31.0,10.0,31.0,10.0
37503,31.0,10.0,32.0,10.0
37504,31.0,10.0,28.0,14.0
37505,31.0,10.0,31.0,10.0
37506,31.0,10.0,32.0,10.0
37507,31.0,10.0,30.0,13.0
37508,31.0,10.0,28.0,14.0
37509,31.0,10.0,31.0,10.0
37510,31.0,10.0,28.0,14.0
37511,31.0,10.0,31.0,10.0
37512,31.0,10.0,26.0,12.0
37513,31.0,10.0,31.0,11.0
37514,31.0,10.0,32.0,10.0
37515,31.0,10.0,31.0,11.0
37516,31.0,10.0,31.0,11.0
37517,31.0,10.0,28.0,14.0
37518,31.0,10.0,32.0,10.0
37519,31.0,10.0,27.0,17.0
37520,31.0,10.0,27.0,17.0
37521,31.0,10.0,30.0,13.0
37522,31.0,10.0,28.0,14.0
37523,31.0,10.0,31.0,10.0
37524,31.0,10.0,31.0,10.0
37525,31.0,10.0,31.0,10.0
37526,31.0,10.0,26.0,12.0
37527,31.0,10.0,31.0,10.0
37528,31.0,10.0,32.0,10.0
37529,31.0,10.0,28.0,14.0
37530,31.0,10.0,31.0,10.0
37531,31.0,10.0,32.0,10.0
37532,31.0,10.0,31.0,10.0
37533,31.0,10.0,27.0,17.0
37534,31.0,10.0,26.0,12.0
37535,31.0,10.0,32.0,10.0
37536,31.0,10.0,30.0,13.0
37537,31.0,10.0,30.0,13.0
37538,31.0,10.0,31.0,11.0
37539,31.0,10.0,31.0,11.0
37540,31.0,10.0,26.0,12.0
37541,31.0,10.0,31.0,10.0
37542,31.0,10.0,28.0,14.0
37543,31.0,10.0,31.0,10.0
37544,31.0,10.0,32.0,10.0
37545,31.0,10.0,31.0,11.0
37546,31.0,10.0,28.0,14.0
37547,31.0,10.0,28.0,14.0
37548,31.0,10.0,28.0,14.0
37549,31.0,10.0,31.0,11.0
37550,31.0,10.0,26.0,12.0
37551,31.0,10.0,27.0,17.0
37552,31.0,10.0,32.0,10.0
37553,31.0,10.0,31.0,10.0
37554,31.0,10.0,32.0,10.0
37555,31.0,10.0,26.0,12.0
37556,31.0,10.0,27.0,17.0
37557,31.0,10.0,31.0,10.0
37558,31.0,10.0,27.0,17.0
37559,31.0,10.0,32.0,10.0
37560,31.0,10.0,26.0,12.0
37561,31.0,10.0,30.0,13.0
37562,31.0,10.0,26.0,12.0
37563,31.0,10.0,28.0,14.0
37564,31.0,10.0,30.0,13.0
37565,31.0,10.0,31.0,11.0
37566,31.0,10.0,28.0,14.0
37567,31.0,10.0,26.0,12.0
37568,31.0,10.0,30.0,13.0
37569,31.0,10.0,32.0,10.0
37570,31.0,10.0,26.0,12.0
37571,31.0,10.0,31.0,10.0
37572,31.0,10.0,27.0,17.0
37573,31.0,10.0,26.0,12.0
37574,31.0,10.0,31.0,11.0
37575,31.0,10.0,27.0,17.0
37576,31.0,10.0,31.0,10.0
37577,31.0,10.0,31.0,10.0
37578,31.0,10.0,27.0,17.0
37579,31.0,10.0,31.0,10.0
37580,31.0,10.0,31.0,10.0
37581,31.0,10.0,31.0,10.0
37582,31.0,10.0,30.0,13.0
37583,31.0,10.0,31.0,10.0
37584,31.0,10.0,26.0,12.0
37585,31.0,10.0,32.0,10.0
37586,31.0,10.0,28.0,14.0
37587,31.0,10.0,32.0,10.0
37588,31.0,10.0,28.0,14.0
37589,31.0,10.0,31.0,10.0
37590,31.0,10.0,31.0,10.0
37591,31.0,10.0,32.0,10.0
37592,31.0,10.0,27.0,17.0
37593,31.0,10.0,27.0,17.0
37594,31.0,10.0,31.0,11.0
37595,31.0,10.0,28.0,14.0
37596,31.0,10.0,32.0,10.0
37597,31.0,10.0,27.0,17.0
37598,31.0,10.0,27.0,17.0
37599,31.0,10.0,27.0,17.0
37600,31.0,10.0,32.0,10.0
37601,31.0,10.0,31.0,10.0
37602,31.0,10.0,31.0,10.0
37603,31.0,10.0,26.0,12.0
37604,31.0,10.0,31.0,10.0
37605,31.0,10.0,28.0,14.0
37606,31.0,10.0,28.0,14.0
37607,31.0,10.0,26.0,12.0
37608,31.0,10.0,28.0,14.0
37609,31.0,10.0,31.0,10.0
37610,31.0,10.0,31.0,10.0
37611,31.0,10.0,28.0,14.0
37612,31.0,10.0,31.0,11.0
37613,31.0,10.0,26.0,12.0
37614,31.0,10.0,32.0,10.0
37615,31.0,10.0,27.0,17.0
37616,31.0,10.0,28.0,14.0
37617,31.0,10.0,31.0,10.0
37618,31.0,10.0,27.0,17.0
37619,31.0,10.0,30.0,13.0
37620,31.0,10.0,28.0,14.0
37621,31.0,10.0,27.0,17.0
37622,31.0,10.0,31.0,11.0
37623,31.0,10.0,31.0,11.0
37624,31.0,10.0,31.0,10.0
37625,31.0,10.0,31.0,10.0
37626,31.0,10.0,30.0,13.0
37627,31.0,10.0,31.0,10.0
37628,31.0,10.0,30.0,13.0
37629,31.0,10.0,31.0,10.0
37630,31.0,10.0,30.0,13.0
37631,31.0,10.0,31.0,11.0
37632,31.0,10.0,26.0,12.0
37633,31.0,10.0,28.0,14.0
37634,31.0,10.0,31.0,11.0
37635,31.0,10.0,27.0,17.0
37636,31.0,10.0,26.0,12.0
37637,31.0,10.0,26.0,12.0
37638,31.0,10.0,26.0,12.0
37639,31.0,10.0,31.0,10.0
37640,31.0,10.0,28.0,14.0
37641,31.0,10.0,31.0,10.0
37642,31.0,10.0,26.0,12.0
37643,31.0,10.0,30.0,13.0
37644,31.0,10.0,31.0,10.0
37645,31.0,10.0,28.0,14.0
37646,31.0,10.0,28.0,14.0
37647,31.0,10.0,31.0,10.0
37648,31.0,10.0,30.0,13.0
37649,31.0,10.0,30.0,13.0
37650,31.0,10.0,32.0,10.0
37651,31.0,10.0,27.0,17.0
37652,31.0,10.0,26.0,12.0
37653,31.0,10.0,31.0,10.0
37654,31.0,10.0,31.0,10.0
37655,31.0,10.0,32.0,10.0
37656,31.0,10.0,32.0,10.0
37657,31.0,10.0,27.0,17.0
37658,31.0,10.0,31.0,10.0
37659,31.0,10.0,31.0,10.0
37660,31.0,10.0,28.0,14.0
37661,31.0,10.0,31.0,10.0
37662,31.0,10.0,31.0,10.0
37663,31.0,10.0,31.0,10.0
37664,31.0,10.0,31.0,10.0
37665,31.0,10.0,26.0,12.0
37666,31.0,10.0,32.0,10.0
37667,31.0,10.0,28.0,14.0
37668,31.0,10.0,27.0,17.0
37669,31.0,10.0,31.0,10.0
37670,31.0,10.0,31.0,10.0
37671,31.0,10.0,31.0,10.0
37672,31.0,10.0,26.0,12.0
37673,31.0,10.0,31.0,10.0
37674,31.0,10.0,26.0,12.0
37675,31.0,10.0,30.0,13.0
37676,31.0,10.0,28.0,14.0
37677,31.0,10.0,31.0,10.0
37678,31.0,10.0,31.0,11.0
37679,31.0,10.0,28.0,14.0
37680,31.0,10.0,27.0,17.0
37681,31.0,10.0,27.0,17.0
37682,31.0,10.0,27.0,17.0
37683,31.0,10.0,30.0,13.0
37684,31.0,10.0,30.0,13.0
37685,31.0,10.0,31.0,11.0
37686,31.0,10.0,26.0,12.0
37687,31.0,10.0,26.0,12.0
37688,31.0,10.0,31.0,10.0
37689,31.0,10.0,31.0,10.0
37690,31.0,10.0,26.0,12.0
37691,31.0,10.0,31.0,10.0
37692,31.0,10.0,28.0,14.0
37693,31.0,10.0,30.0,13.0
37694,31.0,10.0,26.0,12.0
37695,31.0,10.0,31.0,10.0
37696,31.0,10.0,28.0,14.0
37697,31.0,10.0,30.0,13.0
37698,31.0,10.0,26.0,12.0
37699,31.0,10.0,28.0,14.0
37700,31.0,10.0,31.0,10.0
37701,31.0,10.0,31.0,10.0
37702,31.0,10.0,31.0,11.0
37703,31.0,10.0,26.0,12.0
37704,31.0,10.0,28.0,14.0
37705,31.0,10.0,31.0,11.0
37706,31.0,10.0,26.0,12.0
37707,31.0,10.0,32.0,10.0
37708,31.0,10.0,28.0,14.0
37709,31.0,10.0,27.0,17.0
37710,31.0,10.0,28.0,14.0
37711,31.0,10.0,31.0,10.0
37712,31.0,10.0,28.0,14.0
37713,31.0,10.0,31.0,10.0
37714,31.0,10.0,31.0,10.0
37715,31.0,10.0,28.0,14.0
37716,31.0,10.0,27.0,17.0
37717,31.0,10.0,31.0,11.0
37718,31.0,10.0,32.0,10.0
37719,31.0,10.0,31.0,10.0
37720,31.0,10.0,31.0,11.0
37721,31.0,10.0,26.0,12.0
37722,31.0,10.0,32.0,10.0
37723,31.0,10.0,30.0,13.0
37724,31.0,10.0,27.0,17.0
37725,31.0,10.0,31.0,10.0
37726,31.0,10.0,31.0,10.0
37727,31.0,10.0,26.0,12.0
37728,31.0,10.0,31.0,10.0
37729,31.0,10.0,31.0,10.0
37730,31.0,10.0,28.0,14.0
37731,31.0,10.0,32.0,10.0
37732,31.0,10.0,31.0,10.0
37733,31.0,10.0,31.0,10.0
37734,31.0,10.0,30.0,13.0
37735,31.0,10.0,30.0,13.0
37736,31.0,10.0,30.0,13.0
37737,31.0,10.0,31.0,10.0
37738,31.0,10.0,31.0,10.0
37739,31.0,10.0,27.0,17.0
37740,31.0,10.0,30.0,13.0
37741,31.0,10.0,32.0,10.0
37742,31.0,10.0,31.0,10.0
37743,31.0,10.0,28.0,14.0
37744,31.0,10.0,26.0,12.0
37745,31.0,10.0,26.0,12.0
37746,31.0,10.0,31.0,10.0
37747,31.0,10.0,26.0,12.0
37748,31.0,10.0,31.0,11.0
37749,31.0,10.0,30.0,13.0
37750,31.0,10.0,26.0,12.0
37751,31.0,10.0,31.0,10.0
37752,31.0,10.0,28.0,14.0
37753,31.0,10.0,31.0,10.0
37754,31.0,10.0,30.0,13.0
37755,31.0,10.0,28.0,14.0
37756,31.0,10.0,31.0,10.0
37757,31.0,10.0,26.0,12.0
37758,31.0,10.0,31.0,11.0
37759,31.0,10.0,32.0,10.0
37760,31.0,10.0,31.0,10.0
37761,31.0,10.0,27.0,17.0
37762,31.0,10.0,28.0,14.0
37763,31.0,10.0,28.0,14.0
37764,31.0,10.0,31.0,10.0
37765,31.0,10.0,27.0,17.0
37766,31.0,10.0,28.0,14.0
37767,31.0,10.0,32.0,10.0
37768,31.0,10.0,26.0,12.0
37769,31.0,10.0,31.0,11.0
37770,31.0,10.0,31.0,10.0
37771,31.0,10.0,26.0,12.0
37772,31.0,10.0,28.0,14.0
37773,31.0,10.0,31.0,10.0
37774,31.0,10.0,30.0,13.0
37775,31.0,10.0,31.0,10.0
37776,31.0,10.0,31.0,10.0
37777,31.0,10.0,28.0,14.0
37778,31.0,10.0,31.0,10.0
37779,31.0,10.0,26.0,12.0
37780,31.0,10.0,27.0,17.0
37781,31.0,10.0,31.0,11.0
37782,31.0,10.0,27.0,17.0
37783,31.0,10.0,31.0,10.0
37784,31.0,10.0,31.0,10.0
37785,31.0,10.0,26.0,12.0
37786,31.0,10.0,32.0,10.0
37787,31.0,10.0,31.0,11.0
37788,31.0,10.0,28.0,14.0
37789,31.0,10.0,30.0,13.0
37790,31.0,10.0,32.0,10.0
37791,31.0,10.0,28.0,14.0
37792,31.0,10.0,28.0,14.0
37793,31.0,10.0,30.0,13.0
37794,31.0,10.0,32.0,10.0
37795,31.0,10.0,32.0,10.0
37796,31.0,10.0,31.0,11.0
37797,31.0,10.0,31.0,10.0
37798,31.0,10.0,31.0,11.0
37799,31.0,10.0,28.0,14.0
37800,31.0,10.0,28.0,14.0
37801,31.0,10.0,31.0,10.0
37802,31.0,10.0,27.0,17.0
37803,31.0,10.0,32.0,10.0
37804,31.0,10.0,27.0,17.0
37805,31.0,10.0,31.0,10.0
37806,31.0,10.0,31.0,10.0
37807,31.0,10.0,31.0,10.0
37808,31.0,10.0,27.0,17.0
37809,31.0,10.0,31.0,10.0
37810,31.0,10.0,31.0,10.0
37811,31.0,10.0,31.0,10.0
37812,31.0,10.0,31.0,10.0
37813,31.0,10.0,30.0,13.0
37814,31.0,10.0,31.0,10.0
37815,31.0,10.0,28.0,14.0
37816,31.0,10.0,31.0,11.0
37817,31.0,10.0,31.0,10.0
37818,31.0,10.0,31.0,10.0
37819,31.0,10.0,32.0,10.0
37820,31.0,10.0,27.0,17.0
37821,31.0,10.0,30.0,13.0
37822,31.0,10.0,26.0,12.0
37823,31.0,10.0,31.0,10.0
37824,31.0,10.0,26.0,12.0
37825,31.0,10.0,27.0,17.0
37826,31.0,10.0,31.0,10.0
37827,31.0,10.0,27.0,17.0
37828,31.0,10.0,27.0,17.0
37829,31.0,10.0,28.0,14.0
37830,31.0,10.0,30.0,13.0
37831,31.0,10.0,31.0,11.0
37832,31.0,10.0,30.0,13.0
37833,31.0,10.0,26.0,12.0
37834,31.0,10.0,30.0,13.0
37835,31.0,10.0,28.0,14.0
37836,31.0,10.0,26.0,12.0
37837,31.0,10.0,26.0,12.0
37838,31.0,10.0,31.0,10.0
37839,31.0,10.0,31.0,10.0
37840,31.0,10.0,31.0,10.0
37841,31.0,10.0,32.0,10.0
37842,31.0,10.0,26.0,12.0
37843,31.0,10.0,27.0,17.0
37844,31.0,10.0,28.0,14.0
37845,31.0,10.0,26.0,12.0
37846,31.0,10.0,27.0,17.0
37847,31.0,10.0,31.0,11.0
37848,31.0,10.0,32.0,10.0
37849,31.0,10.0,27.0,17.0
37850,31.0,10.0,27.0,17.0
37851,31.0,10.0,30.0,13.0
37852,31.0,10.0,31.0,10.0
37853,31.0,10.0,26.0,12.0
37854,31.0,10.0,31.0,10.0
37855,31.0,10.0,32.0,10.0
37856,31.0,10.0,28.0,14.0
37857,31.0,10.0,26.0,12.0
37858,31.0,10.0,28.0,14.0
37859,31.0,10.0,32.0,10.0
37860,31.0,10.0,31.0,11.0
37861,31.0,10.0,32.0,10.0
37862,31.0,10.0,30.0,13.0
37863,31.0,10.0,28.0,14.0
37864,31.0,10.0,30.0,13.0
37865,31.0,10.0,31.0,10.0
37866,31.0,10.0,32.0,10.0
37867,31.0,10.0,31.0,10.0
37868,31.0,10.0,28.0,14.0
37869,31.0,10.0,31.0,10.0
37870,31.0,10.0,26.0,12.0
37871,31.0,10.0,31.0,11.0
37872,31.0,10.0,26.0,12.0
37873,31.0,10.0,28.0,14.0
37874,31.0,10.0,32.0,10.0
37875,31.0,10.0,31.0,10.0
37876,31.0,10.0,26.0,12.0
37877,31.0,10.0,26.0,12.0
37878,31.0,10.0,28.0,14.0
37879,31.0,10.0,28.0,14.0
37880,31.0,10.0,28.0,14.0
37881,31.0,10.0,31.0,10.0
37882,31.0,10.0,31.0,10.0
37883,31.0,10.0,32.0,10.0
37884,31.0,10.0,26.0,12.0
37885,31.0,10.0,26.0,12.0
37886,31.0,10.0,31.0,11.0
37887,31.0,10.0,31.0,10.0
37888,31.0,10.0,27.0,17.0
37889,31.0,10.0,32.0,10.0
37890,31.0,10.0,31.0,10.0
37891,31.0,10.0,31.0,10.0
37892,31.0,10.0,32.0,10.0
37893,31.0,10.0,31.0,11.0
37894,31.0,10.0,26.0,12.0
37895,31.0,10.0,31.0,10.0
37896,31.0,10.0,30.0,13.0
37897,31.0,10.0,32.0,10.0
37898,31.0,10.0,31.0,11.0
37899,31.0,10.0,31.0,10.0
37900,31.0,10.0,31.0,10.0
37901,31.0,10.0,30.0,13.0
37902,31.0,10.0,28.0,14.0
37903,31.0,10.0,28.0,14.0
37904,31.0,10.0,27.0,17.0
37905,31.0,10.0,31.0,11.0
37906,31.0,10.0,27.0,17.0
37907,31.0,10.0,28.0,14.0
37908,31.0,10.0,31.0,10.0
37909,31.0,10.0,30.0,13.0
37910,31.0,10.0,28.0,14.0
37911,31.0,10.0,26.0,12.0
37912,31.0,10.0,32.0,10.0
37913,31.0,10.0,28.0,14.0
37914,31.0,10.0,30.0,13.0
37915,31.0,10.0,28.0,14.0
37916,31.0,10.0,31.0,10.0
37917,31.0,10.0,31.0,10.0
37918,31.0,10.0,30.0,13.0
37919,31.0,10.0,31.0,11.0
37920,31.0,10.0,27.0,17.0
37921,31.0,10.0,26.0,12.0
37922,31.0,10.0,30.0,13.0
37923,31.0,10.0,30.0,13.0
37924,31.0,10.0,26.0,12.0
37925,31.0,10.0,31.0,10.0
37926,31.0,10.0,27.0,17.0
37927,31.0,10.0,27.0,17.0
37928,31.0,10.0,27.0,17.0
37929,31.0,10.0,30.0,13.0
37930,31.0,10.0,28.0,14.0
37931,31.0,10.0,30.0,13.0
37932,31.0,10.0,32.0,10.0
37933,31.0,10.0,31.0,10.0
37934,31.0,10.0,28.0,14.0
37935,31.0,10.0,26.0,12.0
37936,31.0,10.0,31.0,11.0
37937,31.0,10.0,28.0,14.0
37938,31.0,10.0,28.0,14.0
37939,31.0,10.0,26.0,12.0
37940,31.0,10.0,26.0,12.0
37941,31.0,10.0,28.0,14.0
37942,31.0,10.0,26.0,12.0
37943,31.0,10.0,31.0,11.0
37944,31.0,10.0,31.0,10.0
37945,31.0,10.0,31.0,10.0
37946,31.0,10.0,27.0,17.0
37947,31.0,10.0,27.0,17.0
37948,31.0,10.0,31.0,11.0
37949,31.0,10.0,26.0,12.0
37950,31.0,10.0,28.0,14.0
37951,31.0,10.0,27.0,17.0
37952,31.0,10.0,30.0,13.0
37953,31.0,10.0,31.0,10.0
37954,31.0,10.0,26.0,12.0
37955,31.0,10.0,28.0,14.0
37956,31.0,10.0,31.0,10.0
37957,31.0,10.0,32.0,10.0
37958,31.0,10.0,32.0,10.0
37959,31.0,10.0,31.0,10.0
37960,31.0,10.0,31.0,11.0
37961,31.0,10.0,31.0,11.0
37962,31.0,10.0,30.0,13.0
37963,31.0,10.0,31.0,10.0
37964,31.0,10.0,31.0,11.0
37965,31.0,10.0,28.0,14.0
37966,31.0,10.0,27.0,17.0
37967,31.0,10.0,28.0,14.0
37968,31.0,10.0,28.0,14.0
37969,31.0,10.0,31.0,11.0
37970,31.0,10.0,31.0,10.0
37971,31.0,10.0,27.0,17.0
37972,31.0,10.0,28.0,14.0
37973,31.0,10.0,31.0,11.0
37974,31.0,10.0,28.0,14.0
37975,31.0,10.0,30.0,13.0
37976,31.0,10.0,31.0,10.0
37977,31.0,10.0,27.0,17.0
37978,31.0,10.0,31.0,11.0
37979,31.0,10.0,26.0,12.0
37980,31.0,10.0,26.0,12.0
37981,31.0,10.0,30.0,13.0
37982,31.0,10.0,28.0,14.0
37983,31.0,10.0,31.0,10.0
37984,31.0,10.0,26.0,12.0
37985,31.0,10.0,28.0,14.0
37986,31.0,10.0,31.0,10.0
37987,31.0,10.0,28.0,14.0
37988,31.0,10.0,31.0,10.0
37989,31.0,10.0,26.0,12.0
37990,31.0,10.0,31.0,10.0
37991,31.0,10.0,26.0,12.0
37992,31.0,10.0,27.0,17.0
37993,31.0,10.0,31.0,11.0
37994,31.0,10.0,31.0,10.0
37995,31.0,10.0,31.0,11.0
37996,31.0,10.0,27.0,17.0
37997,31.0,10.0,32.0,10.0
37998,31.0,10.0,31.0,10.0
37999,31.0,10.0,26.0,12.0
38000,31.0,10.0,31.0,10.0
38001,31.0,10.0,31.0,10.0
38002,31.0,10.0,32.0,10.0
38003,31.0,10.0,30.0,13.0
38004,31.0,10.0,26.0,12.0
38005,31.0,10.0,28.0,14.0
38006,31.0,10.0,30.0,13.0
38007,31.0,10.0,30.0,13.0
38008,31.0,10.0,26.0,12.0
38009,31.0,10.0,32.0,10.0
38010,31.0,10.0,31.0,11.0
38011,31.0,10.0,26.0,12.0
38012,31.0,10.0,31.0,10.0
38013,31.0,10.0,31.0,10.0
38014,31.0,10.0,31.0,10.0
38015,31.0,10.0,31.0,10.0
38016,31.0,10.0,28.0,14.0
38017,31.0,10.0,32.0,10.0
38018,31.0,10.0,26.0,12.0
38019,31.0,10.0,27.0,17.0
38020,31.0,10.0,27.0,17.0
38021,31.0,10.0,26.0,12.0
38022,31.0,10.0,31.0,11.0
38023,31.0,10.0,28.0,14.0
38024,31.0,10.0,31.0,11.0
38025,31.0,10.0,30.0,13.0
38026,31.0,10.0,30.0,13.0
38027,31.0,10.0,28.0,14.0
38028,31.0,10.0,28.0,14.0
38029,31.0,10.0,30.0,13.0
38030,31.0,10.0,30.0,13.0
38031,31.0,10.0,31.0,10.0
38032,31.0,10.0,26.0,12.0
38033,31.0,10.0,31.0,11.0
38034,31.0,10.0,31.0,10.0
38035,31.0,10.0,28.0,14.0
38036,31.0,10.0,31.0,10.0
38037,31.0,10.0,32.0,10.0
38038,31.0,10.0,31.0,10.0
38039,31.0,10.0,26.0,12.0
38040,31.0,10.0,30.0,13.0
38041,31.0,10.0,30.0,13.0
38042,31.0,10.0,31.0,11.0
38043,31.0,10.0,31.0,10.0
38044,31.0,10.0,28.0,14.0
38045,31.0,10.0,27.0,17.0
38046,31.0,10.0,30.0,13.0
38047,31.0,10.0,31.0,11.0
38048,31.0,10.0,31.0,10.0
38049,31.0,10.0,27.0,17.0
38050,31.0,10.0,26.0,12.0
38051,31.0,10.0,26.0,12.0
38052,31.0,10.0,31.0,10.0
38053,31.0,10.0,31.0,11.0
38054,31.0,10.0,28.0,14.0
38055,31.0,10.0,30.0,13.0
38056,31.0,10.0,31.0,11.0
38057,31.0,10.0,31.0,10.0
38058,31.0,10.0,28.0,14.0
38059,31.0,10.0,27.0,17.0
38060,31.0,10.0,27.0,17.0
38061,31.0,10.0,31.0,10.0
38062,31.0,10.0,31.0,10.0
38063,31.0,10.0,30.0,13.0
38064,31.0,10.0,28.0,14.0
38065,31.0,10.0,27.0,17.0
38066,31.0,10.0,28.0,14.0
38067,31.0,10.0,26.0,12.0
38068,31.0,10.0,28.0,14.0
38069,31.0,10.0,32.0,10.0
38070,31.0,10.0,30.0,13.0
38071,31.0,10.0,31.0,10.0
38072,31.0,10.0,31.0,10.0
38073,31.0,10.0,27.0,17.0
38074,31.0,10.0,31.0,10.0
38075,31.0,10.0,31.0,10.0
38076,31.0,10.0,31.0,10.0
38077,31.0,10.0,32.0,10.0
38078,31.0,10.0,31.0,10.0
38079,31.0,10.0,31.0,11.0
38080,31.0,10.0,27.0,17.0
38081,31.0,10.0,28.0,14.0
38082,31.0,10.0,27.0,17.0
38083,31.0,10.0,31.0,10.0
38084,31.0,10.0,32.0,10.0
38085,31.0,10.0,28.0,14.0
38086,31.0,10.0,31.0,10.0
38087,31.0,10.0,31.0,10.0
38088,31.0,10.0,31.0,10.0
38089,31.0,10.0,30.0,13.0
38090,31.0,10.0,28.0,14.0
38091,31.0,10.0,28.0,14.0
38092,31.0,10.0,32.0,10.0
38093,31.0,10.0,31.0,11.0
38094,31.0,10.0,30.0,13.0
38095,31.0,10.0,26.0,12.0
38096,31.0,10.0,31.0,10.0
38097,31.0,10.0,27.0,17.0
38098,31.0,10.0,26.0,12.0
38099,31.0,10.0,27.0,17.0
38100,31.0,10.0,28.0,14.0
38101,31.0,10.0,27.0,17.0
38102,31.0,10.0,26.0,12.0
38103,31.0,10.0,31.0,10.0
38104,31.0,10.0,28.0,14.0
38105,31.0,10.0,27.0,17.0
38106,31.0,10.0,32.0,10.0
38107,31.0,10.0,28.0,14.0
38108,31.0,10.0,31.0,11.0
38109,31.0,10.0,31.0,11.0
38110,31.0,10.0,30.0,13.0
38111,31.0,10.0,31.0,10.0
38112,31.0,10.0,32.0,10.0
38113,31.0,10.0,27.0,17.0
38114,31.0,10.0,31.0,10.0
38115,31.0,10.0,32.0,10.0
38116,31.0,10.0,31.0,10.0
38117,31.0,10.0,31.0,11.0
38118,31.0,10.0,26.0,12.0
38119,31.0,10.0,31.0,10.0
38120,31.0,10.0,31.0,10.0
38121,31.0,10.0,28.0,14.0
38122,31.0,10.0,31.0,10.0
38123,31.0,10.0,31.0,10.0
38124,31.0,10.0,30.0,13.0
38125,31.0,10.0,31.0,10.0
38126,31.0,10.0,31.0,10.0
38127,31.0,10.0,28.0,14.0
38128,31.0,10.0,30.0,13.0
38129,31.0,10.0,26.0,12.0
38130,31.0,10.0,32.0,10.0
38131,31.0,10.0,28.0,14.0
38132,31.0,10.0,28.0,14.0
38133,31.0,10.0,28.0,14.0
38134,31.0,10.0,31.0,10.0
38135,31.0,10.0,28.0,14.0
38136,31.0,10.0,26.0,12.0
38137,31.0,10.0,31.0,10.0
38138,31.0,10.0,26.0,12.0
38139,31.0,10.0,31.0,11.0
38140,31.0,10.0,28.0,14.0
38141,31.0,10.0,28.0,14.0
38142,31.0,10.0,27.0,17.0
38143,31.0,10.0,26.0,12.0
38144,31.0,10.0,32.0,10.0
38145,31.0,10.0,28.0,14.0
38146,31.0,10.0,31.0,10.0
38147,31.0,10.0,31.0,10.0
38148,31.0,10.0,30.0,13.0
38149,31.0,10.0,28.0,14.0
38150,31.0,10.0,30.0,13.0
38151,31.0,10.0,31.0,10.0
38152,31.0,10.0,30.0,13.0
38153,31.0,10.0,27.0,17.0
38154,31.0,10.0,31.0,11.0
38155,31.0,10.0,31.0,10.0
38156,31.0,10.0,28.0,14.0
38157,31.0,10.0,28.0,14.0
38158,31.0,10.0,31.0,10.0
38159,31.0,10.0,31.0,10.0
38160,31.0,10.0,32.0,10.0
38161,31.0,10.0,32.0,10.0
38162,31.0,10.0,32.0,10.0
38163,31.0,10.0,31.0,10.0
38164,31.0,10.0,27.0,17.0
38165,31.0,10.0,28.0,14.0
38166,31.0,10.0,26.0,12.0
38167,31.0,10.0,30.0,13.0
38168,31.0,10.0,26.0,12.0
38169,31.0,10.0,31.0,10.0
38170,31.0,10.0,28.0,14.0
38171,31.0,10.0,32.0,10.0
38172,31.0,10.0,30.0,13.0
38173,31.0,10.0,26.0,12.0
38174,31.0,10.0,26.0,12.0
38175,31.0,10.0,31.0,10.0
38176,31.0,10.0,28.0,14.0
38177,31.0,10.0,31.0,10.0
38178,31.0,10.0,31.0,11.0
38179,31.0,10.0,26.0,12.0
38180,31.0,10.0,31.0,11.0
38181,31.0,10.0,31.0,10.0
38182,31.0,10.0,32.0,10.0
38183,31.0,10.0,31.0,10.0
38184,31.0,10.0,32.0,10.0
38185,31.0,10.0,31.0,11.0
38186,31.0,10.0,31.0,10.0
38187,31.0,10.0,31.0,10.0
38188,31.0,10.0,26.0,12.0
38189,31.0,10.0,28.0,14.0
38190,31.0,10.0,31.0,10.0
38191,31.0,10.0,32.0,10.0
38192,31.0,10.0,27.0,17.0
38193,31.0,10.0,31.0,10.0
38194,31.0,10.0,31.0,10.0
38195,31.0,10.0,31.0,11.0
38196,31.0,10.0,31.0,10.0
38197,31.0,10.0,28.0,14.0
38198,31.0,10.0,32.0,10.0
38199,31.0,10.0,26.0,12.0
38200,31.0,10.0,26.0,12.0
38201,31.0,10.0,28.0,14.0
38202,31.0,10.0,27.0,17.0
38203,31.0,10.0,31.0,11.0
38204,31.0,10.0,32.0,10.0
38205,31.0,10.0,26.0,12.0
38206,31.0,10.0,27.0,17.0
38207,31.0,10.0,26.0,12.0
38208,31.0,10.0,31.0,10.0
38209,31.0,10.0,27.0,17.0
38210,31.0,10.0,27.0,17.0
38211,31.0,10.0,31.0,10.0
38212,31.0,10.0,30.0,13.0
38213,31.0,10.0,26.0,12.0
38214,31.0,10.0,26.0,12.0
38215,31.0,10.0,26.0,12.0
38216,31.0,10.0,31.0,11.0
38217,31.0,10.0,27.0,17.0
38218,31.0,10.0,27.0,17.0
38219,31.0,10.0,32.0,10.0
38220,31.0,10.0,31.0,10.0
38221,31.0,10.0,27.0,17.0
38222,31.0,10.0,28.0,14.0
38223,31.0,10.0,31.0,11.0
38224,31.0,10.0,31.0,10.0
38225,31.0,10.0,26.0,12.0
38226,31.0,10.0,31.0,11.0
38227,31.0,10.0,27.0,17.0
38228,31.0,10.0,30.0,13.0
38229,31.0,10.0,31.0,10.0
38230,31.0,10.0,28.0,14.0
38231,31.0,10.0,27.0,17.0
38232,31.0,10.0,31.0,10.0
38233,31.0,10.0,32.0,10.0
38234,31.0,10.0,32.0,10.0
38235,31.0,10.0,30.0,13.0
38236,31.0,10.0,31.0,10.0
38237,31.0,10.0,28.0,14.0
38238,31.0,10.0,30.0,13.0
38239,31.0,10.0,31.0,10.0
38240,31.0,10.0,30.0,13.0
38241,31.0,10.0,27.0,17.0
38242,31.0,10.0,28.0,14.0
38243,31.0,10.0,31.0,10.0
38244,31.0,10.0,31.0,11.0
38245,31.0,10.0,26.0,12.0
38246,31.0,10.0,28.0,14.0
38247,31.0,10.0,26.0,12.0
38248,31.0,10.0,28.0,14.0
38249,31.0,10.0,30.0,13.0
38250,31.0,10.0,30.0,13.0
38251,31.0,10.0,30.0,13.0
38252,31.0,10.0,31.0,10.0
38253,31.0,10.0,31.0,10.0
38254,31.0,10.0,28.0,14.0
38255,31.0,10.0,28.0,14.0
38256,31.0,10.0,28.0,14.0
38257,31.0,10.0,31.0,10.0
38258,31.0,10.0,26.0,12.0
38259,31.0,10.0,28.0,14.0
38260,31.0,10.0,32.0,10.0
38261,31.0,10.0,28.0,14.0
38262,31.0,10.0,30.0,13.0
38263,31.0,10.0,28.0,14.0
38264,31.0,10.0,31.0,10.0
38265,31.0,10.0,31.0,10.0
38266,31.0,10.0,31.0,10.0
38267,31.0,10.0,27.0,17.0
38268,31.0,10.0,31.0,10.0
38269,31.0,10.0,31.0,10.0
38270,31.0,10.0,32.0,10.0
38271,31.0,10.0,26.0,12.0
38272,31.0,10.0,28.0,14.0
38273,31.0,10.0,28.0,14.0
38274,31.0,10.0,28.0,14.0
38275,31.0,10.0,28.0,14.0
38276,31.0,10.0,31.0,10.0
38277,31.0,10.0,32.0,10.0
38278,31.0,10.0,28.0,14.0
38279,31.0,10.0,31.0,10.0
38280,31.0,10.0,31.0,10.0
38281,31.0,10.0,31.0,10.0
38282,31.0,10.0,31.0,10.0
38283,31.0,10.0,31.0,11.0
38284,31.0,10.0,28.0,14.0
38285,31.0,10.0,28.0,14.0
38286,31.0,10.0,31.0,10.0
38287,31.0,10.0,27.0,17.0
38288,31.0,10.0,31.0,10.0
38289,31.0,10.0,31.0,10.0
38290,31.0,10.0,32.0,10.0
38291,31.0,10.0,30.0,13.0
38292,31.0,10.0,31.0,10.0
38293,31.0,10.0,31.0,10.0
38294,31.0,10.0,28.0,14.0
38295,31.0,10.0,28.0,14.0
38296,31.0,10.0,26.0,12.0
38297,31.0,10.0,31.0,10.0
38298,31.0,10.0,27.0,17.0
38299,31.0,10.0,31.0,10.0
38300,31.0,10.0,31.0,10.0
38301,31.0,10.0,31.0,10.0
38302,31.0,10.0,26.0,12.0
38303,31.0,10.0,27.0,17.0
38304,31.0,10.0,27.0,17.0
38305,31.0,10.0,27.0,17.0
38306,31.0,10.0,27.0,17.0
38307,31.0,10.0,31.0,10.0
38308,31.0,10.0,30.0,13.0
38309,31.0,10.0,31.0,10.0
38310,31.0,10.0,31.0,11.0
38311,31.0,10.0,30.0,13.0
38312,31.0,10.0,31.0,10.0
38313,31.0,10.0,30.0,13.0
38314,31.0,10.0,31.0,10.0
38315,31.0,10.0,28.0,14.0
38316,31.0,10.0,27.0,17.0
38317,31.0,10.0,28.0,14.0
38318,31.0,10.0,32.0,10.0
38319,31.0,10.0,31.0,10.0
38320,31.0,10.0,31.0,10.0
38321,31.0,10.0,32.0,10.0
38322,31.0,10.0,27.0,17.0
38323,31.0,10.0,31.0,10.0
38324,31.0,10.0,31.0,10.0
38325,31.0,10.0,31.0,10.0
38326,31.0,10.0,26.0,12.0
38327,31.0,10.0,31.0,10.0
38328,31.0,10.0,31.0,10.0
38329,31.0,10.0,27.0,17.0
38330,31.0,10.0,31.0,11.0
38331,31.0,10.0,32.0,10.0
38332,31.0,10.0,31.0,10.0
38333,31.0,10.0,31.0,10.0
38334,31.0,10.0,28.0,14.0
38335,31.0,10.0,31.0,10.0
38336,31.0,10.0,27.0,17.0
38337,31.0,10.0,31.0,10.0
38338,31.0,10.0,30.0,13.0
38339,31.0,10.0,28.0,14.0
38340,31.0,10.0,31.0,11.0
38341,31.0,10.0,31.0,10.0
38342,31.0,10.0,31.0,10.0
38343,31.0,10.0,31.0,11.0
38344,31.0,10.0,31.0,10.0
38345,31.0,10.0,32.0,10.0
38346,31.0,10.0,32.0,10.0
38347,31.0,10.0,32.0,10.0
38348,31.0,10.0,28.0,14.0
38349,31.0,10.0,31.0,10.0
38350,31.0,10.0,31.0,10.0
38351,31.0,10.0,28.0,14.0
38352,31.0,10.0,30.0,13.0
38353,31.0,10.0,31.0,10.0
38354,31.0,10.0,32.0,10.0
38355,31.0,10.0,30.0,13.0
38356,31.0,10.0,31.0,10.0
38357,31.0,10.0,28.0,14.0
38358,31.0,10.0,31.0,11.0
38359,31.0,10.0,30.0,13.0
38360,31.0,10.0,31.0,11.0
38361,31.0,10.0,28.0,14.0
38362,31.0,10.0,31.0,10.0
38363,31.0,10.0,27.0,17.0
38364,31.0,10.0,32.0,10.0
38365,31.0,10.0,31.0,10.0
38366,31.0,10.0,31.0,10.0
38367,31.0,10.0,26.0,12.0
38368,31.0,10.0,31.0,10.0
38369,31.0,10.0,27.0,17.0
38370,31.0,10.0,31.0,11.0
38371,31.0,10.0,26.0,12.0
38372,31.0,10.0,28.0,14.0
38373,31.0,10.0,26.0,12.0
38374,31.0,10.0,31.0,10.0
38375,31.0,10.0,26.0,12.0
38376,31.0,10.0,26.0,12.0
38377,31.0,10.0,32.0,10.0
38378,31.0,10.0,30.0,13.0
38379,31.0,10.0,28.0,14.0
38380,31.0,10.0,31.0,10.0
38381,31.0,10.0,31.0,10.0
38382,31.0,10.0,31.0,10.0
38383,31.0,10.0,30.0,13.0
38384,31.0,10.0,30.0,13.0
38385,31.0,10.0,31.0,10.0
38386,31.0,10.0,28.0,14.0
38387,31.0,10.0,26.0,12.0
38388,31.0,10.0,28.0,14.0
38389,31.0,10.0,32.0,10.0
38390,31.0,10.0,28.0,14.0
38391,31.0,10.0,32.0,10.0
38392,31.0,10.0,31.0,10.0
38393,31.0,10.0,27.0,17.0
38394,31.0,10.0,31.0,10.0
38395,31.0,10.0,31.0,10.0
38396,31.0,10.0,28.0,14.0
38397,31.0,10.0,28.0,14.0
38398,31.0,10.0,32.0,10.0
38399,31.0,10.0,28.0,14.0
38400,31.0,10.0,31.0,11.0
38401,31.0,10.0,26.0,12.0
38402,31.0,10.0,32.0,10.0
38403,31.0,10.0,28.0,14.0
38404,31.0,10.0,31.0,10.0
38405,31.0,10.0,26.0,12.0
38406,31.0,10.0,31.0,10.0
38407,31.0,10.0,32.0,10.0
38408,31.0,10.0,32.0,10.0
38409,31.0,10.0,27.0,17.0
38410,31.0,10.0,28.0,14.0
38411,31.0,10.0,27.0,17.0
38412,31.0,10.0,30.0,13.0
38413,31.0,10.0,31.0,10.0
38414,31.0,10.0,32.0,10.0
38415,31.0,10.0,28.0,14.0
38416,31.0,10.0,31.0,10.0
38417,31.0,10.0,28.0,14.0
38418,31.0,10.0,27.0,17.0
38419,31.0,10.0,31.0,10.0
38420,31.0,10.0,30.0,13.0
38421,31.0,10.0,32.0,10.0
38422,31.0,10.0,31.0,10.0
38423,31.0,10.0,31.0,10.0
38424,31.0,10.0,27.0,17.0
38425,31.0,10.0,28.0,14.0
38426,31.0,10.0,31.0,10.0
38427,31.0,10.0,27.0,17.0
38428,31.0,10.0,26.0,12.0
38429,31.0,10.0,31.0,11.0
38430,31.0,10.0,31.0,11.0
38431,31.0,10.0,27.0,17.0
38432,31.0,10.0,32.0,10.0
38433,31.0,10.0,28.0,14.0
38434,31.0,10.0,31.0,10.0
38435,31.0,10.0,27.0,17.0
38436,31.0,10.0,27.0,17.0
38437,31.0,10.0,31.0,10.0
38438,31.0,10.0,30.0,13.0
38439,31.0,10.0,31.0,10.0
38440,31.0,10.0,30.0,13.0
38441,31.0,10.0,32.0,10.0
38442,31.0,10.0,31.0,10.0
38443,31.0,10.0,26.0,12.0
38444,31.0,10.0,28.0,14.0
38445,31.0,10.0,31.0,10.0
38446,31.0,10.0,27.0,17.0
38447,31.0,10.0,32.0,10.0
38448,31.0,10.0,32.0,10.0
38449,31.0,10.0,31.0,11.0
38450,31.0,10.0,30.0,13.0
38451,31.0,10.0,30.0,13.0
38452,31.0,10.0,31.0,10.0
38453,31.0,10.0,32.0,10.0
38454,31.0,10.0,30.0,13.0
38455,31.0,10.0,26.0,12.0
38456,31.0,10.0,30.0,13.0
38457,31.0,10.0,32.0,10.0
38458,31.0,10.0,26.0,12.0
38459,31.0,10.0,31.0,10.0
38460,31.0,10.0,30.0,13.0
38461,31.0,10.0,30.0,13.0
38462,31.0,10.0,31.0,11.0
38463,31.0,10.0,28.0,14.0
38464,31.0,10.0,32.0,10.0
38465,31.0,10.0,31.0,10.0
38466,31.0,10.0,26.0,12.0
38467,31.0,10.0,31.0,10.0
38468,31.0,10.0,30.0,13.0
38469,31.0,10.0,31.0,10.0
38470,31.0,10.0,31.0,10.0
38471,31.0,10.0,30.0,13.0
38472,31.0,10.0,31.0,11.0
38473,31.0,10.0,32.0,10.0
38474,31.0,10.0,31.0,10.0
38475,31.0,10.0,30.0,13.0
38476,31.0,10.0,28.0,14.0
38477,31.0,10.0,31.0,10.0
38478,31.0,10.0,26.0,12.0
38479,31.0,10.0,31.0,11.0
38480,31.0,10.0,31.0,10.0
38481,31.0,10.0,28.0,14.0
38482,31.0,10.0,30.0,13.0
38483,31.0,10.0,31.0,10.0
38484,31.0,10.0,32.0,10.0
38485,31.0,10.0,32.0,10.0
38486,31.0,10.0,31.0,10.0
38487,31.0,10.0,30.0,13.0
38488,31.0,10.0,32.0,10.0
38489,31.0,10.0,27.0,17.0
38490,31.0,10.0,28.0,14.0
38491,31.0,10.0,32.0,10.0
38492,31.0,10.0,27.0,17.0
38493,31.0,10.0,31.0,10.0
38494,31.0,10.0,31.0,10.0
38495,31.0,10.0,28.0,14.0
38496,31.0,10.0,28.0,14.0
38497,31.0,10.0,26.0,12.0
38498,31.0,10.0,31.0,10.0
38499,31.0,10.0,28.0,14.0
38500,31.0,10.0,32.0,10.0
38501,31.0,10.0,28.0,14.0
38502,31.0,10.0,26.0,12.0
38503,31.0,10.0,31.0,10.0
38504,31.0,10.0,31.0,10.0
38505,31.0,10.0,31.0,11.0
38506,31.0,10.0,31.0,11.0
38507,31.0,10.0,31.0,11.0
38508,31.0,10.0,27.0,17.0
38509,31.0,10.0,28.0,14.0
38510,31.0,10.0,27.0,17.0
38511,31.0,10.0,26.0,12.0
38512,31.0,10.0,32.0,10.0
38513,31.0,10.0,31.0,10.0
38514,31.0,10.0,31.0,10.0
38515,31.0,10.0,31.0,11.0
38516,31.0,10.0,31.0,10.0
38517,31.0,10.0,30.0,13.0
38518,31.0,10.0,28.0,14.0
38519,31.0,10.0,32.0,10.0
38520,31.0,10.0,31.0,11.0
38521,31.0,10.0,31.0,10.0
38522,31.0,10.0,30.0,13.0
38523,31.0,10.0,28.0,14.0
38524,31.0,10.0,31.0,10.0
38525,31.0,10.0,30.0,13.0
38526,31.0,10.0,30.0,13.0
38527,31.0,10.0,31.0,11.0
38528,31.0,10.0,31.0,11.0
38529,31.0,10.0,31.0,10.0
38530,31.0,10.0,26.0,12.0
38531,31.0,10.0,26.0,12.0
38532,31.0,10.0,28.0,14.0
38533,31.0,10.0,32.0,10.0
38534,31.0,10.0,26.0,12.0
38535,31.0,10.0,31.0,10.0
38536,31.0,10.0,28.0,14.0
38537,31.0,10.0,27.0,17.0
38538,31.0,10.0,31.0,10.0
38539,31.0,10.0,31.0,10.0
38540,31.0,10.0,26.0,12.0
38541,31.0,10.0,31.0,10.0
38542,31.0,10.0,26.0,12.0
38543,31.0,10.0,28.0,14.0
38544,31.0,10.0,28.0,14.0
38545,31.0,10.0,31.0,10.0
38546,31.0,10.0,28.0,14.0
38547,31.0,10.0,27.0,17.0
38548,31.0,10.0,31.0,10.0
38549,31.0,10.0,28.0,14.0
38550,31.0,10.0,31.0,10.0
38551,31.0,10.0,31.0,10.0
38552,31.0,10.0,31.0,10.0
38553,31.0,10.0,32.0,10.0
38554,31.0,10.0,32.0,10.0
38555,31.0,10.0,31.0,11.0
38556,31.0,10.0,31.0,11.0
38557,31.0,10.0,32.0,10.0
38558,31.0,10.0,31.0,11.0
38559,31.0,10.0,28.0,14.0
38560,31.0,10.0,28.0,14.0
38561,31.0,10.0,26.0,12.0
38562,31.0,10.0,31.0,11.0
38563,31.0,10.0,30.0,13.0
38564,31.0,10.0,32.0,10.0
38565,31.0,10.0,31.0,11.0
38566,31.0,10.0,28.0,14.0
38567,31.0,10.0,30.0,13.0
38568,31.0,10.0,30.0,13.0
38569,31.0,10.0,26.0,12.0
38570,31.0,10.0,31.0,11.0
38571,31.0,10.0,28.0,14.0
38572,31.0,10.0,30.0,13.0
38573,31.0,10.0,28.0,14.0
38574,31.0,10.0,31.0,10.0
38575,31.0,10.0,30.0,13.0
38576,31.0,10.0,31.0,10.0
38577,31.0,10.0,27.0,17.0
38578,31.0,10.0,31.0,10.0
38579,31.0,10.0,32.0,10.0
38580,31.0,10.0,32.0,10.0
38581,31.0,10.0,32.0,10.0
38582,31.0,10.0,31.0,10.0
38583,31.0,10.0,26.0,12.0
38584,31.0,10.0,31.0,10.0
38585,31.0,10.0,27.0,17.0
38586,31.0,10.0,32.0,10.0
38587,31.0,10.0,31.0,10.0
38588,31.0,10.0,32.0,10.0
38589,31.0,10.0,30.0,13.0
38590,31.0,10.0,30.0,13.0
38591,31.0,10.0,31.0,10.0
38592,31.0,10.0,32.0,10.0
38593,31.0,10.0,28.0,14.0
38594,31.0,10.0,32.0,10.0
38595,31.0,10.0,30.0,13.0
38596,31.0,10.0,30.0,13.0
38597,31.0,10.0,26.0,12.0
38598,31.0,10.0,32.0,10.0
38599,31.0,10.0,30.0,13.0
38600,31.0,10.0,28.0,14.0
38601,31.0,10.0,31.0,10.0
38602,31.0,10.0,31.0,10.0
38603,31.0,10.0,26.0,12.0
38604,31.0,10.0,26.0,12.0
38605,31.0,10.0,30.0,13.0
38606,31.0,10.0,30.0,13.0
38607,31.0,10.0,26.0,12.0
38608,31.0,10.0,31.0,11.0
38609,31.0,10.0,31.0,10.0
38610,31.0,10.0,31.0,10.0
38611,31.0,10.0,31.0,10.0
38612,31.0,10.0,32.0,10.0
38613,31.0,10.0,28.0,14.0
38614,31.0,10.0,31.0,10.0
38615,31.0,10.0,26.0,12.0
38616,31.0,10.0,27.0,17.0
38617,31.0,10.0,31.0,10.0
38618,31.0,10.0,27.0,17.0
38619,31.0,10.0,26.0,12.0
38620,31.0,10.0,31.0,11.0
38621,31.0,10.0,31.0,10.0
38622,31.0,10.0,32.0,10.0
38623,31.0,10.0,31.0,11.0
38624,31.0,10.0,31.0,10.0
38625,31.0,10.0,31.0,10.0
38626,31.0,10.0,31.0,10.0
38627,31.0,10.0,26.0,12.0
38628,31.0,10.0,31.0,11.0
38629,31.0,10.0,31.0,11.0
38630,31.0,10.0,31.0,10.0
38631,31.0,10.0,31.0,10.0
38632,31.0,10.0,27.0,17.0
38633,31.0,10.0,32.0,10.0
38634,31.0,10.0,32.0,10.0
38635,31.0,10.0,27.0,17.0
38636,31.0,10.0,28.0,14.0
38637,31.0,10.0,28.0,14.0
38638,31.0,10.0,31.0,10.0
38639,31.0,10.0,28.0,14.0
38640,31.0,10.0,27.0,17.0
38641,31.0,10.0,31.0,10.0
38642,31.0,10.0,28.0,14.0
38643,31.0,10.0,26.0,12.0
38644,31.0,10.0,32.0,10.0
38645,31.0,10.0,31.0,10.0
38646,31.0,10.0,31.0,10.0
38647,31.0,10.0,31.0,10.0
38648,31.0,10.0,28.0,14.0
38649,31.0,10.0,28.0,14.0
38650,31.0,10.0,27.0,17.0
38651,31.0,10.0,27.0,17.0
38652,31.0,10.0,31.0,10.0
38653,31.0,10.0,31.0,10.0
38654,31.0,10.0,27.0,17.0
38655,31.0,10.0,27.0,17.0
38656,31.0,10.0,31.0,11.0
38657,31.0,10.0,31.0,10.0
38658,31.0,10.0,32.0,10.0
38659,31.0,10.0,27.0,17.0
38660,31.0,10.0,30.0,13.0
38661,31.0,10.0,31.0,11.0
38662,31.0,10.0,28.0,14.0
38663,31.0,10.0,32.0,10.0
38664,31.0,10.0,31.0,10.0
38665,31.0,10.0,27.0,17.0
38666,31.0,10.0,31.0,10.0
38667,31.0,10.0,31.0,10.0
38668,31.0,10.0,28.0,14.0
38669,31.0,10.0,32.0,10.0
38670,31.0,10.0,26.0,12.0
38671,31.0,10.0,31.0,10.0
38672,31.0,10.0,31.0,11.0
38673,31.0,10.0,31.0,10.0
38674,31.0,10.0,31.0,11.0
38675,31.0,10.0,31.0,10.0
38676,31.0,10.0,31.0,11.0
38677,31.0,10.0,31.0,10.0
38678,31.0,10.0,28.0,14.0
38679,31.0,10.0,27.0,17.0
38680,31.0,10.0,28.0,14.0
38681,31.0,10.0,32.0,10.0
38682,31.0,10.0,31.0,10.0
38683,31.0,10.0,28.0,14.0
38684,31.0,10.0,32.0,10.0
38685,31.0,10.0,31.0,10.0
38686,31.0,10.0,31.0,10.0
38687,31.0,10.0,31.0,10.0
38688,31.0,10.0,27.0,17.0
38689,31.0,10.0,32.0,10.0
38690,31.0,10.0,27.0,17.0
38691,31.0,10.0,27.0,17.0
38692,31.0,10.0,28.0,14.0
38693,31.0,10.0,32.0,10.0
38694,31.0,10.0,31.0,10.0
38695,31.0,10.0,32.0,10.0
38696,31.0,10.0,30.0,13.0
38697,31.0,10.0,28.0,14.0
38698,31.0,10.0,31.0,10.0
38699,31.0,10.0,30.0,13.0
38700,31.0,10.0,26.0,12.0
38701,31.0,10.0,31.0,10.0
38702,31.0,10.0,31.0,10.0
38703,31.0,10.0,26.0,12.0
38704,31.0,10.0,31.0,10.0
38705,31.0,10.0,28.0,14.0
38706,31.0,10.0,26.0,12.0
38707,31.0,10.0,28.0,14.0
38708,31.0,10.0,31.0,10.0
38709,31.0,10.0,31.0,10.0
38710,31.0,10.0,28.0,14.0
38711,31.0,10.0,31.0,11.0
38712,31.0,10.0,28.0,14.0
38713,31.0,10.0,28.0,14.0
38714,31.0,10.0,31.0,10.0
38715,31.0,10.0,31.0,10.0
38716,31.0,10.0,30.0,13.0
38717,31.0,10.0,32.0,10.0
38718,31.0,10.0,30.0,13.0
38719,31.0,10.0,28.0,14.0
38720,31.0,10.0,30.0,13.0
38721,31.0,10.0,31.0,10.0
38722,31.0,10.0,31.0,10.0
38723,31.0,10.0,31.0,10.0
38724,31.0,10.0,31.0,10.0
38725,31.0,10.0,32.0,10.0
38726,31.0,10.0,31.0,10.0
38727,31.0,10.0,31.0,10.0
38728,31.0,10.0,32.0,10.0
38729,31.0,10.0,28.0,14.0
38730,31.0,10.0,30.0,13.0
38731,31.0,10.0,27.0,17.0
38732,31.0,10.0,31.0,10.0
38733,31.0,10.0,28.0,14.0
38734,31.0,10.0,27.0,17.0
38735,31.0,10.0,31.0,11.0
38736,31.0,10.0,30.0,13.0
38737,31.0,10.0,30.0,13.0
38738,31.0,10.0,30.0,13.0
38739,31.0,10.0,31.0,11.0
38740,31.0,10.0,30.0,13.0
38741,31.0,10.0,31.0,11.0
38742,31.0,10.0,31.0,10.0
38743,31.0,10.0,31.0,10.0
38744,31.0,10.0,32.0,10.0
38745,31.0,10.0,26.0,12.0
38746,31.0,10.0,30.0,13.0
38747,31.0,10.0,28.0,14.0
38748,31.0,10.0,28.0,14.0
38749,31.0,10.0,31.0,10.0
38750,31.0,10.0,28.0,14.0
38751,31.0,10.0,30.0,13.0
38752,31.0,10.0,32.0,10.0
38753,31.0,10.0,30.0,13.0
38754,31.0,10.0,31.0,11.0
38755,31.0,10.0,27.0,17.0
38756,31.0,10.0,31.0,10.0
38757,31.0,10.0,32.0,10.0
38758,31.0,10.0,31.0,11.0
38759,31.0,10.0,31.0,10.0
38760,31.0,10.0,28.0,14.0
38761,31.0,10.0,27.0,17.0
38762,31.0,10.0,31.0,10.0
38763,31.0,10.0,31.0,10.0
38764,31.0,10.0,32.0,10.0
38765,31.0,10.0,28.0,14.0
38766,31.0,10.0,32.0,10.0
38767,31.0,10.0,31.0,10.0
38768,31.0,10.0,31.0,10.0
38769,31.0,10.0,31.0,10.0
38770,31.0,10.0,31.0,11.0
38771,31.0,10.0,31.0,10.0
38772,31.0,10.0,32.0,10.0
38773,31.0,10.0,31.0,10.0
38774,31.0,10.0,31.0,10.0
38775,31.0,10.0,32.0,10.0
38776,31.0,10.0,26.0,12.0
38777,31.0,10.0,31.0,10.0
38778,31.0,10.0,28.0,14.0
38779,31.0,10.0,31.0,11.0
38780,31.0,10.0,28.0,14.0
38781,31.0,10.0,27.0,17.0
38782,31.0,10.0,31.0,10.0
38783,31.0,10.0,31.0,11.0
38784,31.0,10.0,31.0,11.0
38785,31.0,10.0,31.0,11.0
38786,31.0,10.0,28.0,14.0
38787,31.0,10.0,30.0,13.0
38788,31.0,10.0,32.0,10.0
38789,31.0,10.0,31.0,10.0
38790,31.0,10.0,28.0,14.0
38791,31.0,10.0,26.0,12.0
38792,31.0,10.0,27.0,17.0
38793,31.0,10.0,31.0,11.0
38794,31.0,10.0,32.0,10.0
38795,31.0,10.0,32.0,10.0
38796,31.0,10.0,31.0,11.0
38797,31.0,10.0,31.0,10.0
38798,31.0,10.0,28.0,14.0
38799,31.0,10.0,31.0,10.0
38800,31.0,10.0,31.0,10.0
38801,31.0,10.0,27.0,17.0
38802,31.0,10.0,28.0,14.0
38803,31.0,10.0,31.0,10.0
38804,31.0,10.0,31.0,11.0
38805,31.0,10.0,31.0,10.0
38806,31.0,10.0,31.0,10.0
38807,31.0,10.0,26.0,12.0
38808,31.0,10.0,30.0,13.0
38809,31.0,10.0,30.0,13.0
38810,31.0,10.0,30.0,13.0
38811,31.0,10.0,31.0,11.0
38812,31.0,10.0,31.0,10.0
38813,31.0,10.0,32.0,10.0
38814,31.0,10.0,26.0,12.0
38815,31.0,10.0,31.0,10.0
38816,31.0,10.0,31.0,10.0
38817,31.0,10.0,27.0,17.0
38818,31.0,10.0,28.0,14.0
38819,31.0,10.0,31.0,11.0
38820,31.0,10.0,31.0,10.0
38821,31.0,10.0,31.0,10.0
38822,31.0,10.0,31.0,10.0
38823,31.0,10.0,27.0,17.0
38824,31.0,10.0,31.0,10.0
38825,31.0,10.0,31.0,11.0
38826,31.0,10.0,31.0,11.0
38827,31.0,10.0,28.0,14.0
38828,31.0,10.0,31.0,11.0
38829,31.0,10.0,28.0,14.0
38830,31.0,10.0,32.0,10.0
38831,31.0,10.0,26.0,12.0
38832,31.0,10.0,28.0,14.0
38833,31.0,10.0,30.0,13.0
38834,31.0,10.0,27.0,17.0
38835,31.0,10.0,27.0,17.0
38836,31.0,10.0,30.0,13.0
38837,31.0,10.0,31.0,11.0
38838,31.0,10.0,30.0,13.0
38839,31.0,10.0,26.0,12.0
38840,31.0,10.0,28.0,14.0
38841,31.0,10.0,28.0,14.0
38842,31.0,10.0,28.0,14.0
38843,31.0,10.0,32.0,10.0
38844,31.0,10.0,28.0,14.0
38845,31.0,10.0,28.0,14.0
38846,31.0,10.0,30.0,13.0
38847,31.0,10.0,31.0,10.0
38848,31.0,10.0,30.0,13.0
38849,31.0,10.0,27.0,17.0
38850,31.0,10.0,27.0,17.0
38851,31.0,10.0,28.0,14.0
38852,31.0,10.0,31.0,10.0
38853,31.0,10.0,30.0,13.0
38854,31.0,10.0,28.0,14.0
38855,31.0,10.0,31.0,11.0
38856,31.0,10.0,31.0,10.0
38857,31.0,10.0,27.0,17.0
38858,31.0,10.0,31.0,10.0
38859,31.0,10.0,30.0,13.0
38860,31.0,10.0,27.0,17.0
38861,31.0,10.0,32.0,10.0
38862,31.0,10.0,27.0,17.0
38863,31.0,10.0,31.0,10.0
38864,31.0,10.0,32.0,10.0
38865,31.0,10.0,26.0,12.0
38866,31.0,10.0,28.0,14.0
38867,31.0,10.0,26.0,12.0
38868,31.0,10.0,31.0,11.0
38869,31.0,10.0,31.0,10.0
38870,31.0,10.0,30.0,13.0
38871,31.0,10.0,32.0,10.0
38872,31.0,10.0,31.0,10.0
38873,31.0,10.0,28.0,14.0
38874,31.0,10.0,32.0,10.0
38875,31.0,10.0,31.0,11.0
38876,31.0,10.0,28.0,14.0
38877,31.0,10.0,30.0,13.0
38878,31.0,10.0,28.0,14.0
38879,31.0,10.0,31.0,10.0
38880,31.0,10.0,31.0,11.0
38881,31.0,10.0,27.0,17.0
38882,31.0,10.0,31.0,10.0
38883,31.0,10.0,30.0,13.0
38884,31.0,10.0,32.0,10.0
38885,31.0,10.0,31.0,10.0
38886,31.0,10.0,30.0,13.0
38887,31.0,10.0,28.0,14.0
38888,31.0,10.0,32.0,10.0
38889,31.0,10.0,27.0,17.0
38890,31.0,10.0,28.0,14.0
38891,31.0,10.0,30.0,13.0
38892,31.0,10.0,27.0,17.0
38893,31.0,10.0,31.0,10.0
38894,31.0,10.0,30.0,13.0
38895,31.0,10.0,31.0,10.0
38896,31.0,10.0,30.0,13.0
38897,31.0,10.0,28.0,14.0
38898,31.0,10.0,26.0,12.0
38899,31.0,10.0,27.0,17.0
38900,31.0,10.0,31.0,10.0
38901,31.0,10.0,31.0,10.0
38902,31.0,10.0,28.0,14.0
38903,31.0,10.0,27.0,17.0
38904,31.0,10.0,28.0,14.0
38905,31.0,10.0,28.0,14.0
38906,31.0,10.0,28.0,14.0
38907,31.0,10.0,26.0,12.0
38908,31.0,10.0,26.0,12.0
38909,31.0,10.0,31.0,10.0
38910,31.0,10.0,28.0,14.0
38911,31.0,10.0,31.0,10.0
38912,31.0,10.0,26.0,12.0
38913,31.0,10.0,26.0,12.0
38914,31.0,10.0,32.0,10.0
38915,31.0,10.0,31.0,10.0
38916,31.0,10.0,31.0,10.0
38917,31.0,10.0,32.0,10.0
38918,31.0,10.0,31.0,10.0
38919,31.0,10.0,26.0,12.0
38920,31.0,10.0,26.0,12.0
38921,31.0,10.0,31.0,10.0
38922,31.0,10.0,26.0,12.0
38923,31.0,10.0,30.0,13.0
38924,31.0,10.0,30.0,13.0
38925,31.0,10.0,30.0,13.0
38926,31.0,10.0,31.0,10.0
38927,31.0,10.0,30.0,13.0
38928,31.0,10.0,31.0,10.0
38929,31.0,10.0,31.0,10.0
38930,31.0,10.0,31.0,10.0
38931,31.0,10.0,31.0,11.0
38932,31.0,10.0,31.0,10.0
38933,31.0,10.0,28.0,14.0
38934,31.0,10.0,31.0,11.0
38935,31.0,10.0,32.0,10.0
38936,31.0,10.0,31.0,10.0
38937,31.0,10.0,31.0,11.0
38938,31.0,10.0,32.0,10.0
38939,31.0,10.0,31.0,10.0
38940,31.0,10.0,30.0,13.0
38941,31.0,10.0,27.0,17.0
38942,31.0,10.0,31.0,10.0
38943,31.0,10.0,27.0,17.0
38944,31.0,10.0,27.0,17.0
38945,31.0,10.0,31.0,11.0
38946,31.0,10.0,30.0,13.0
38947,31.0,10.0,31.0,10.0
38948,31.0,10.0,31.0,10.0
38949,31.0,10.0,26.0,12.0
38950,31.0,10.0,27.0,17.0
38951,31.0,10.0,31.0,10.0
38952,31.0,10.0,28.0,14.0
38953,31.0,10.0,26.0,12.0
38954,31.0,10.0,31.0,10.0
38955,31.0,10.0,26.0,12.0
38956,31.0,10.0,27.0,17.0
38957,31.0,10.0,31.0,11.0
38958,31.0,10.0,32.0,10.0
38959,31.0,10.0,26.0,12.0
38960,31.0,10.0,31.0,11.0
38961,31.0,10.0,27.0,17.0
38962,31.0,10.0,31.0,10.0
38963,31.0,10.0,26.0,12.0
38964,31.0,10.0,31.0,10.0
38965,31.0,10.0,31.0,10.0
38966,31.0,10.0,26.0,12.0
38967,31.0,10.0,26.0,12.0
38968,31.0,10.0,30.0,13.0
38969,31.0,10.0,31.0,11.0
38970,31.0,10.0,28.0,14.0
38971,31.0,10.0,31.0,10.0
38972,31.0,10.0,32.0,10.0
38973,31.0,10.0,30.0,13.0
38974,31.0,10.0,28.0,14.0
38975,31.0,10.0,26.0,12.0
38976,31.0,10.0,31.0,10.0
38977,31.0,10.0,28.0,14.0
38978,31.0,10.0,31.0,10.0
38979,31.0,10.0,31.0,10.0
38980,31.0,10.0,28.0,14.0
38981,31.0,10.0,26.0,12.0
38982,31.0,10.0,26.0,12.0
38983,31.0,10.0,27.0,17.0
38984,31.0,10.0,30.0,13.0
38985,31.0,10.0,32.0,10.0
38986,31.0,10.0,31.0,10.0
38987,31.0,10.0,27.0,17.0
38988,31.0,10.0,32.0,10.0
38989,31.0,10.0,28.0,14.0
38990,31.0,10.0,31.0,10.0
38991,31.0,10.0,28.0,14.0
38992,31.0,10.0,31.0,11.0
38993,31.0,10.0,31.0,10.0
38994,31.0,10.0,31.0,11.0
38995,31.0,10.0,31.0,11.0
38996,31.0,10.0,31.0,11.0
38997,31.0,10.0,30.0,13.0
38998,31.0,10.0,27.0,17.0
38999,31.0,10.0,32.0,10.0
39000,31.0,10.0,30.0,13.0
39001,31.0,10.0,31.0,11.0
39002,31.0,10.0,32.0,10.0
39003,31.0,10.0,26.0,12.0
39004,31.0,10.0,31.0,11.0
39005,31.0,10.0,26.0,12.0
39006,31.0,10.0,28.0,14.0
39007,31.0,10.0,31.0,11.0
39008,31.0,10.0,32.0,10.0
39009,31.0,10.0,31.0,10.0
39010,31.0,10.0,28.0,14.0
39011,31.0,10.0,31.0,10.0
39012,31.0,10.0,32.0,10.0
39013,31.0,10.0,32.0,10.0
39014,31.0,10.0,31.0,10.0
39015,31.0,10.0,26.0,12.0
39016,31.0,10.0,31.0,10.0
39017,31.0,10.0,27.0,17.0
39018,31.0,10.0,26.0,12.0
39019,31.0,10.0,28.0,14.0
39020,31.0,10.0,31.0,10.0
39021,31.0,10.0,27.0,17.0
39022,31.0,10.0,28.0,14.0
39023,31.0,10.0,26.0,12.0
39024,31.0,10.0,27.0,17.0
39025,31.0,10.0,31.0,10.0
39026,31.0,10.0,27.0,17.0
39027,31.0,10.0,31.0,10.0
39028,31.0,10.0,27.0,17.0
39029,31.0,10.0,31.0,10.0
39030,31.0,10.0,27.0,17.0
39031,31.0,10.0,30.0,13.0
39032,31.0,10.0,32.0,10.0
39033,31.0,10.0,30.0,13.0
39034,31.0,10.0,28.0,14.0
39035,31.0,10.0,26.0,12.0
39036,31.0,10.0,31.0,10.0
39037,31.0,10.0,27.0,17.0
39038,31.0,10.0,31.0,11.0
39039,31.0,10.0,27.0,17.0
39040,31.0,10.0,30.0,13.0
39041,31.0,10.0,31.0,10.0
39042,31.0,10.0,31.0,10.0
39043,31.0,10.0,27.0,17.0
39044,31.0,10.0,28.0,14.0
39045,31.0,10.0,31.0,11.0
39046,31.0,10.0,31.0,11.0
39047,31.0,10.0,32.0,10.0
39048,31.0,10.0,26.0,12.0
39049,31.0,10.0,32.0,10.0
39050,31.0,10.0,28.0,14.0
39051,31.0,10.0,31.0,11.0
39052,31.0,10.0,31.0,10.0
39053,31.0,10.0,31.0,10.0
39054,31.0,10.0,28.0,14.0
39055,31.0,10.0,31.0,10.0
39056,31.0,10.0,31.0,10.0
39057,31.0,10.0,32.0,10.0
39058,31.0,10.0,31.0,11.0
39059,31.0,10.0,26.0,12.0
39060,31.0,10.0,27.0,17.0
39061,31.0,10.0,31.0,10.0
39062,31.0,10.0,31.0,10.0
39063,31.0,10.0,31.0,10.0
39064,31.0,10.0,32.0,10.0
39065,31.0,10.0,30.0,13.0
39066,31.0,10.0,30.0,13.0
39067,31.0,10.0,27.0,17.0
39068,31.0,10.0,30.0,13.0
39069,31.0,10.0,31.0,11.0
39070,31.0,10.0,31.0,11.0
39071,31.0,10.0,31.0,10.0
39072,31.0,10.0,31.0,11.0
39073,31.0,10.0,30.0,13.0
39074,31.0,10.0,32.0,10.0
39075,31.0,10.0,32.0,10.0
39076,31.0,10.0,28.0,14.0
39077,31.0,10.0,31.0,11.0
39078,31.0,10.0,31.0,10.0
39079,31.0,10.0,28.0,14.0
39080,31.0,10.0,27.0,17.0
39081,31.0,10.0,31.0,10.0
39082,31.0,10.0,28.0,14.0
39083,31.0,10.0,30.0,13.0
39084,31.0,10.0,31.0,10.0
39085,31.0,10.0,31.0,10.0
39086,31.0,10.0,32.0,10.0
39087,31.0,10.0,26.0,12.0
39088,31.0,10.0,31.0,10.0
39089,31.0,10.0,27.0,17.0
39090,31.0,10.0,28.0,14.0
39091,31.0,10.0,27.0,17.0
39092,31.0,10.0,31.0,10.0
39093,31.0,10.0,31.0,11.0
39094,31.0,10.0,31.0,10.0
39095,31.0,10.0,32.0,10.0
39096,31.0,10.0,27.0,17.0
39097,31.0,10.0,31.0,11.0
39098,31.0,10.0,26.0,12.0
39099,31.0,10.0,31.0,11.0
39100,31.0,10.0,31.0,10.0
39101,31.0,10.0,32.0,10.0
39102,31.0,10.0,31.0,10.0
39103,31.0,10.0,31.0,10.0
39104,31.0,10.0,26.0,12.0
39105,31.0,10.0,28.0,14.0
39106,31.0,10.0,28.0,14.0
39107,31.0,10.0,31.0,10.0
39108,31.0,10.0,32.0,10.0
39109,31.0,10.0,31.0,10.0
39110,31.0,10.0,28.0,14.0
39111,31.0,10.0,26.0,12.0
39112,31.0,10.0,31.0,10.0
39113,31.0,10.0,28.0,14.0
39114,31.0,10.0,30.0,13.0
39115,31.0,10.0,31.0,10.0
39116,31.0,10.0,32.0,10.0
39117,31.0,10.0,31.0,10.0
39118,31.0,10.0,32.0,10.0
39119,31.0,10.0,30.0,13.0
39120,31.0,10.0,31.0,11.0
39121,31.0,10.0,31.0,10.0
39122,31.0,10.0,31.0,10.0
39123,31.0,10.0,31.0,10.0
39124,31.0,10.0,31.0,10.0
39125,31.0,10.0,31.0,10.0
39126,31.0,10.0,31.0,11.0
39127,31.0,10.0,27.0,17.0
39128,31.0,10.0,28.0,14.0
39129,31.0,10.0,31.0,10.0
39130,31.0,10.0,28.0,14.0
39131,31.0,10.0,30.0,13.0
39132,31.0,10.0,26.0,12.0
39133,31.0,10.0,31.0,10.0
39134,31.0,10.0,32.0,10.0
39135,31.0,10.0,30.0,13.0
39136,31.0,10.0,31.0,10.0
39137,31.0,10.0,31.0,10.0
39138,31.0,10.0,27.0,17.0
39139,31.0,10.0,30.0,13.0
39140,31.0,10.0,32.0,10.0
39141,31.0,10.0,31.0,11.0
39142,31.0,10.0,28.0,14.0
39143,31.0,10.0,30.0,13.0
39144,31.0,10.0,28.0,14.0
39145,31.0,10.0,26.0,12.0
39146,31.0,10.0,30.0,13.0
39147,31.0,10.0,32.0,10.0
39148,31.0,10.0,28.0,14.0
39149,31.0,10.0,31.0,10.0
39150,31.0,10.0,31.0,10.0
39151,31.0,10.0,32.0,10.0
39152,31.0,10.0,27.0,17.0
39153,31.0,10.0,31.0,10.0
39154,31.0,10.0,28.0,14.0
39155,31.0,10.0,28.0,14.0
39156,31.0,10.0,32.0,10.0
39157,31.0,10.0,30.0,13.0
39158,31.0,10.0,27.0,17.0
39159,31.0,10.0,26.0,12.0
39160,31.0,10.0,32.0,10.0
39161,31.0,10.0,30.0,13.0
39162,31.0,10.0,31.0,10.0
39163,31.0,10.0,30.0,13.0
39164,31.0,10.0,32.0,10.0
39165,31.0,10.0,26.0,12.0
39166,31.0,10.0,26.0,12.0
39167,31.0,10.0,30.0,13.0
39168,31.0,10.0,28.0,14.0
39169,31.0,10.0,27.0,17.0
39170,31.0,10.0,28.0,14.0
39171,31.0,10.0,31.0,10.0
39172,31.0,10.0,28.0,14.0
39173,31.0,10.0,32.0,10.0
39174,31.0,10.0,31.0,10.0
39175,31.0,10.0,28.0,14.0
39176,31.0,10.0,28.0,14.0
39177,31.0,10.0,31.0,10.0
39178,31.0,10.0,31.0,11.0
39179,31.0,10.0,26.0,12.0
39180,31.0,10.0,31.0,10.0
39181,31.0,10.0,26.0,12.0
39182,31.0,10.0,26.0,12.0
39183,31.0,10.0,26.0,12.0
39184,31.0,10.0,28.0,14.0
39185,31.0,10.0,27.0,17.0
39186,31.0,10.0,30.0,13.0
39187,31.0,10.0,27.0,17.0
39188,31.0,10.0,28.0,14.0
39189,31.0,10.0,31.0,10.0
39190,31.0,10.0,26.0,12.0
39191,31.0,10.0,31.0,10.0
39192,31.0,10.0,31.0,10.0
39193,31.0,10.0,30.0,13.0
39194,31.0,10.0,31.0,10.0
39195,31.0,10.0,31.0,10.0
39196,31.0,10.0,32.0,10.0
39197,31.0,10.0,30.0,13.0
39198,31.0,10.0,30.0,13.0
39199,31.0,10.0,26.0,12.0
39200,31.0,10.0,26.0,12.0
39201,31.0,10.0,28.0,14.0
39202,31.0,10.0,26.0,12.0
39203,31.0,10.0,30.0,13.0
39204,31.0,10.0,26.0,12.0
39205,31.0,10.0,32.0,10.0
39206,31.0,10.0,32.0,10.0
39207,31.0,10.0,26.0,12.0
39208,31.0,10.0,28.0,14.0
39209,31.0,10.0,32.0,10.0
39210,31.0,10.0,27.0,17.0
39211,31.0,10.0,31.0,10.0
39212,31.0,10.0,30.0,13.0
39213,31.0,10.0,30.0,13.0
39214,31.0,10.0,31.0,11.0
39215,31.0,10.0,30.0,13.0
39216,31.0,10.0,31.0,11.0
39217,31.0,10.0,31.0,11.0
39218,31.0,10.0,27.0,17.0
39219,31.0,10.0,31.0,10.0
39220,31.0,10.0,27.0,17.0
39221,31.0,10.0,31.0,11.0
39222,31.0,10.0,31.0,10.0
39223,31.0,10.0,31.0,10.0
39224,31.0,10.0,28.0,14.0
39225,31.0,10.0,31.0,11.0
39226,31.0,10.0,31.0,10.0
39227,31.0,10.0,31.0,10.0
39228,31.0,10.0,27.0,17.0
39229,31.0,10.0,31.0,10.0
39230,31.0,10.0,28.0,14.0
39231,31.0,10.0,32.0,10.0
39232,31.0,10.0,28.0,14.0
39233,31.0,10.0,31.0,10.0
39234,31.0,10.0,31.0,10.0
39235,31.0,10.0,28.0,14.0
39236,31.0,10.0,30.0,13.0
39237,31.0,10.0,32.0,10.0
39238,31.0,10.0,31.0,10.0
39239,31.0,10.0,28.0,14.0
39240,31.0,10.0,28.0,14.0
39241,31.0,10.0,31.0,11.0
39242,31.0,10.0,28.0,14.0
39243,31.0,10.0,26.0,12.0
39244,31.0,10.0,30.0,13.0
39245,31.0,10.0,31.0,10.0
39246,31.0,10.0,28.0,14.0
39247,31.0,10.0,31.0,10.0
39248,31.0,10.0,32.0,10.0
39249,31.0,10.0,27.0,17.0
39250,31.0,10.0,30.0,13.0
39251,31.0,10.0,31.0,11.0
39252,31.0,10.0,31.0,10.0
39253,31.0,10.0,26.0,12.0
39254,31.0,10.0,31.0,11.0
39255,31.0,10.0,31.0,10.0
39256,31.0,10.0,31.0,11.0
39257,31.0,10.0,31.0,10.0
39258,31.0,10.0,30.0,13.0
39259,31.0,10.0,32.0,10.0
39260,31.0,10.0,31.0,10.0
39261,31.0,10.0,28.0,14.0
39262,31.0,10.0,27.0,17.0
39263,31.0,10.0,32.0,10.0
39264,31.0,10.0,31.0,11.0
39265,31.0,10.0,31.0,11.0
39266,31.0,10.0,31.0,10.0
39267,31.0,10.0,28.0,14.0
39268,31.0,10.0,28.0,14.0
39269,31.0,10.0,31.0,11.0
39270,31.0,10.0,26.0,12.0
39271,31.0,10.0,27.0,17.0
39272,31.0,10.0,30.0,13.0
39273,31.0,10.0,31.0,11.0
39274,31.0,10.0,28.0,14.0
39275,31.0,10.0,28.0,14.0
39276,31.0,10.0,31.0,11.0
39277,31.0,10.0,30.0,13.0
39278,31.0,10.0,26.0,12.0
39279,31.0,10.0,26.0,12.0
39280,31.0,10.0,27.0,17.0
39281,31.0,10.0,32.0,10.0
39282,31.0,10.0,31.0,10.0
39283,31.0,10.0,32.0,10.0
39284,31.0,10.0,31.0,10.0
39285,31.0,10.0,31.0,10.0
39286,31.0,10.0,30.0,13.0
39287,31.0,10.0,31.0,10.0
39288,31.0,10.0,32.0,10.0
39289,31.0,10.0,27.0,17.0
39290,31.0,10.0,27.0,17.0
39291,31.0,10.0,26.0,12.0
39292,31.0,10.0,31.0,10.0
39293,31.0,10.0,31.0,11.0
39294,31.0,10.0,30.0,13.0
39295,31.0,10.0,31.0,10.0
39296,31.0,10.0,28.0,14.0
39297,31.0,10.0,30.0,13.0
39298,31.0,10.0,31.0,10.0
39299,31.0,10.0,30.0,13.0
39300,31.0,10.0,31.0,11.0
39301,31.0,10.0,30.0,13.0
39302,31.0,10.0,26.0,12.0
39303,31.0,10.0,28.0,14.0
39304,31.0,10.0,26.0,12.0
39305,31.0,10.0,28.0,14.0
39306,31.0,10.0,30.0,13.0
39307,31.0,10.0,27.0,17.0
39308,31.0,10.0,27.0,17.0
39309,31.0,10.0,30.0,13.0
39310,31.0,10.0,31.0,11.0
39311,31.0,10.0,31.0,10.0
39312,31.0,10.0,32.0,10.0
39313,31.0,10.0,31.0,10.0
39314,31.0,10.0,31.0,10.0
39315,31.0,10.0,28.0,14.0
39316,31.0,10.0,30.0,13.0
39317,31.0,10.0,31.0,11.0
39318,31.0,10.0,31.0,11.0
39319,31.0,10.0,30.0,13.0
39320,31.0,10.0,32.0,10.0
39321,31.0,10.0,31.0,10.0
39322,31.0,10.0,31.0,10.0
39323,31.0,10.0,30.0,13.0
39324,31.0,10.0,28.0,14.0
39325,31.0,10.0,31.0,10.0
39326,31.0,10.0,30.0,13.0
39327,31.0,10.0,32.0,10.0
39328,31.0,10.0,31.0,11.0
39329,31.0,10.0,31.0,10.0
39330,31.0,10.0,31.0,11.0
39331,31.0,10.0,31.0,10.0
39332,31.0,10.0,31.0,10.0
39333,31.0,10.0,28.0,14.0
39334,31.0,10.0,31.0,10.0
39335,31.0,10.0,32.0,10.0
39336,31.0,10.0,31.0,10.0
39337,31.0,10.0,30.0,13.0
39338,31.0,10.0,31.0,10.0
39339,31.0,10.0,31.0,10.0
39340,31.0,10.0,27.0,17.0
39341,31.0,10.0,31.0,10.0
39342,31.0,10.0,31.0,10.0
39343,31.0,10.0,32.0,10.0
39344,31.0,10.0,27.0,17.0
39345,31.0,10.0,26.0,12.0
39346,31.0,10.0,30.0,13.0
39347,31.0,10.0,28.0,14.0
39348,31.0,10.0,31.0,10.0
39349,31.0,10.0,26.0,12.0
39350,31.0,10.0,27.0,17.0
39351,31.0,10.0,28.0,14.0
39352,31.0,10.0,31.0,11.0
39353,31.0,10.0,26.0,12.0
39354,31.0,10.0,28.0,14.0
39355,31.0,10.0,31.0,10.0
39356,31.0,10.0,30.0,13.0
39357,31.0,10.0,31.0,10.0
39358,31.0,10.0,26.0,12.0
39359,31.0,10.0,31.0,10.0
39360,31.0,10.0,31.0,10.0
39361,31.0,10.0,28.0,14.0
39362,31.0,10.0,31.0,10.0
39363,31.0,10.0,28.0,14.0
39364,31.0,10.0,31.0,10.0
39365,31.0,10.0,28.0,14.0
39366,31.0,10.0,31.0,10.0
39367,31.0,10.0,27.0,17.0
39368,31.0,10.0,28.0,14.0
39369,31.0,10.0,31.0,11.0
39370,31.0,10.0,26.0,12.0
39371,31.0,10.0,31.0,10.0
39372,31.0,10.0,31.0,10.0
39373,31.0,10.0,30.0,13.0
39374,31.0,10.0,32.0,10.0
39375,31.0,10.0,31.0,10.0
39376,31.0,10.0,32.0,10.0
39377,31.0,10.0,30.0,13.0
39378,31.0,10.0,31.0,10.0
39379,31.0,10.0,31.0,10.0
39380,31.0,10.0,31.0,11.0
39381,31.0,10.0,31.0,10.0
39382,31.0,10.0,31.0,10.0
39383,31.0,10.0,31.0,10.0
39384,31.0,10.0,31.0,11.0
39385,31.0,10.0,30.0,13.0
39386,31.0,10.0,26.0,12.0
39387,31.0,10.0,26.0,12.0
39388,31.0,10.0,31.0,11.0
39389,31.0,10.0,30.0,13.0
39390,31.0,10.0,31.0,10.0
39391,31.0,10.0,27.0,17.0
39392,31.0,10.0,26.0,12.0
39393,31.0,10.0,31.0,10.0
39394,31.0,10.0,27.0,17.0
39395,31.0,10.0,30.0,13.0
39396,31.0,10.0,31.0,11.0
39397,31.0,10.0,31.0,10.0
39398,31.0,10.0,31.0,11.0
39399,31.0,10.0,27.0,17.0
39400,31.0,10.0,26.0,12.0
39401,31.0,10.0,31.0,10.0
39402,31.0,10.0,32.0,10.0
39403,31.0,10.0,31.0,10.0
39404,31.0,10.0,27.0,17.0
39405,31.0,10.0,31.0,11.0
39406,31.0,10.0,31.0,10.0
39407,31.0,10.0,31.0,10.0
39408,31.0,10.0,31.0,11.0
39409,31.0,10.0,31.0,10.0
39410,31.0,10.0,26.0,12.0
39411,31.0,10.0,26.0,12.0
39412,31.0,10.0,27.0,17.0
39413,31.0,10.0,32.0,10.0
39414,31.0,10.0,26.0,12.0
39415,31.0,10.0,28.0,14.0
39416,31.0,10.0,30.0,13.0
39417,31.0,10.0,31.0,10.0
39418,31.0,10.0,30.0,13.0
39419,31.0,10.0,31.0,11.0
39420,31.0,10.0,28.0,14.0
39421,31.0,10.0,27.0,17.0
39422,31.0,10.0,31.0,11.0
39423,31.0,10.0,26.0,12.0
39424,31.0,10.0,26.0,12.0
39425,31.0,10.0,28.0,14.0
39426,31.0,10.0,31.0,10.0
39427,31.0,10.0,28.0,14.0
39428,31.0,10.0,32.0,10.0
39429,31.0,10.0,27.0,17.0
39430,31.0,10.0,28.0,14.0
39431,31.0,10.0,28.0,14.0
39432,31.0,10.0,28.0,14.0
39433,31.0,10.0,26.0,12.0
39434,31.0,10.0,27.0,17.0
39435,31.0,10.0,31.0,10.0
39436,31.0,10.0,31.0,10.0
39437,31.0,10.0,28.0,14.0
39438,31.0,10.0,31.0,11.0
39439,31.0,10.0,31.0,10.0
39440,31.0,10.0,31.0,10.0
39441,31.0,10.0,31.0,10.0
39442,31.0,10.0,26.0,12.0
39443,31.0,10.0,28.0,14.0
39444,31.0,10.0,31.0,10.0
39445,31.0,10.0,31.0,11.0
39446,31.0,10.0,26.0,12.0
39447,31.0,10.0,31.0,10.0
39448,31.0,10.0,31.0,10.0
39449,31.0,10.0,28.0,14.0
39450,31.0,10.0,28.0,14.0
39451,31.0,10.0,31.0,10.0
39452,31.0,10.0,28.0,14.0
39453,31.0,10.0,27.0,17.0
39454,31.0,10.0,30.0,13.0
39455,31.0,10.0,27.0,17.0
39456,31.0,10.0,30.0,13.0
39457,31.0,10.0,28.0,14.0
39458,31.0,10.0,32.0,10.0
39459,31.0,10.0,31.0,10.0
39460,31.0,10.0,27.0,17.0
39461,31.0,10.0,28.0,14.0
39462,31.0,10.0,26.0,12.0
39463,31.0,10.0,28.0,14.0
39464,31.0,10.0,28.0,14.0
39465,31.0,10.0,27.0,17.0
39466,31.0,10.0,28.0,14.0
39467,31.0,10.0,31.0,10.0
39468,31.0,10.0,26.0,12.0
39469,31.0,10.0,32.0,10.0
39470,31.0,10.0,31.0,10.0
39471,31.0,10.0,31.0,10.0
39472,31.0,10.0,31.0,11.0
39473,31.0,10.0,31.0,10.0
39474,31.0,10.0,31.0,10.0
39475,31.0,10.0,31.0,11.0
39476,31.0,10.0,31.0,11.0
39477,31.0,10.0,31.0,10.0
39478,31.0,10.0,27.0,17.0
39479,31.0,10.0,28.0,14.0
39480,31.0,10.0,26.0,12.0
39481,31.0,10.0,31.0,10.0
39482,31.0,10.0,26.0,12.0
39483,31.0,10.0,27.0,17.0
39484,31.0,10.0,31.0,10.0
39485,31.0,10.0,26.0,12.0
39486,31.0,10.0,28.0,14.0
39487,31.0,10.0,28.0,14.0
39488,31.0,10.0,31.0,10.0
39489,31.0,10.0,30.0,13.0
39490,31.0,10.0,31.0,10.0
39491,31.0,10.0,31.0,11.0
39492,31.0,10.0,31.0,10.0
39493,31.0,10.0,31.0,10.0
39494,31.0,10.0,31.0,10.0
39495,31.0,10.0,31.0,10.0
39496,31.0,10.0,31.0,10.0
39497,31.0,10.0,31.0,10.0
39498,31.0,10.0,31.0,10.0
39499,31.0,10.0,26.0,12.0
39500,31.0,10.0,30.0,13.0
39501,31.0,10.0,31.0,10.0
39502,31.0,10.0,32.0,10.0
39503,31.0,10.0,27.0,17.0
39504,31.0,10.0,31.0,10.0
39505,31.0,10.0,30.0,13.0
39506,31.0,10.0,28.0,14.0
39507,31.0,10.0,26.0,12.0
39508,31.0,10.0,31.0,10.0
39509,31.0,10.0,26.0,12.0
39510,31.0,10.0,30.0,13.0
39511,31.0,10.0,31.0,11.0
39512,31.0,10.0,27.0,17.0
39513,31.0,10.0,31.0,10.0
39514,31.0,10.0,28.0,14.0
39515,31.0,10.0,26.0,12.0
39516,31.0,10.0,30.0,13.0
39517,31.0,10.0,26.0,12.0
39518,31.0,10.0,31.0,10.0
39519,31.0,10.0,31.0,11.0
39520,31.0,10.0,31.0,11.0
39521,31.0,10.0,26.0,12.0
39522,31.0,10.0,30.0,13.0
39523,31.0,10.0,32.0,10.0
39524,31.0,10.0,31.0,10.0
39525,31.0,10.0,32.0,10.0
39526,31.0,10.0,28.0,14.0
39527,31.0,10.0,27.0,17.0
39528,31.0,10.0,27.0,17.0
39529,31.0,10.0,28.0,14.0
39530,31.0,10.0,31.0,10.0
39531,31.0,10.0,31.0,11.0
39532,31.0,10.0,27.0,17.0
39533,31.0,10.0,32.0,10.0
39534,31.0,10.0,31.0,10.0
39535,31.0,10.0,28.0,14.0
39536,31.0,10.0,31.0,11.0
39537,31.0,10.0,28.0,14.0
39538,31.0,10.0,30.0,13.0
39539,31.0,10.0,31.0,10.0
39540,31.0,10.0,32.0,10.0
39541,31.0,10.0,31.0,10.0
39542,31.0,10.0,26.0,12.0
39543,31.0,10.0,28.0,14.0
39544,31.0,10.0,26.0,12.0
39545,31.0,10.0,31.0,10.0
39546,31.0,10.0,28.0,14.0
39547,31.0,10.0,28.0,14.0
39548,31.0,10.0,26.0,12.0
39549,31.0,10.0,31.0,10.0
39550,31.0,10.0,31.0,10.0
39551,31.0,10.0,31.0,11.0
39552,31.0,10.0,28.0,14.0
39553,31.0,10.0,28.0,14.0
39554,31.0,10.0,31.0,10.0
39555,31.0,10.0,31.0,10.0
39556,31.0,10.0,31.0,10.0
39557,31.0,10.0,27.0,17.0
39558,31.0,10.0,28.0,14.0
39559,31.0,10.0,31.0,11.0
39560,31.0,10.0,31.0,10.0
39561,31.0,10.0,26.0,12.0
39562,31.0,10.0,31.0,10.0
39563,31.0,10.0,31.0,11.0
39564,31.0,10.0,31.0,10.0
39565,31.0,10.0,30.0,13.0
39566,31.0,10.0,27.0,17.0
39567,31.0,10.0,28.0,14.0
39568,31.0,10.0,27.0,17.0
39569,31.0,10.0,30.0,13.0
39570,31.0,10.0,27.0,17.0
39571,31.0,10.0,30.0,13.0
39572,31.0,10.0,27.0,17.0
39573,31.0,10.0,32.0,10.0
39574,31.0,10.0,31.0,11.0
39575,31.0,10.0,27.0,17.0
39576,31.0,10.0,31.0,10.0
39577,31.0,10.0,31.0,10.0
39578,31.0,10.0,31.0,10.0
39579,31.0,10.0,28.0,14.0
39580,31.0,10.0,31.0,10.0
39581,31.0,10.0,31.0,11.0
39582,31.0,10.0,26.0,12.0
39583,31.0,10.0,30.0,13.0
39584,31.0,10.0,30.0,13.0
39585,31.0,10.0,31.0,10.0
39586,31.0,10.0,27.0,17.0
39587,31.0,10.0,31.0,10.0
39588,31.0,10.0,30.0,13.0
39589,31.0,10.0,32.0,10.0
39590,31.0,10.0,30.0,13.0
39591,31.0,10.0,27.0,17.0
39592,31.0,10.0,27.0,17.0
39593,31.0,10.0,31.0,10.0
39594,31.0,10.0,31.0,11.0
39595,31.0,10.0,27.0,17.0
39596,31.0,10.0,31.0,10.0
39597,31.0,10.0,27.0,17.0
39598,31.0,10.0,30.0,13.0
39599,31.0,10.0,28.0,14.0
39600,31.0,10.0,30.0,13.0
39601,31.0,10.0,31.0,11.0
39602,31.0,10.0,26.0,12.0
39603,31.0,10.0,27.0,17.0
39604,31.0,10.0,26.0,12.0
39605,31.0,10.0,31.0,10.0
39606,31.0,10.0,31.0,11.0
39607,31.0,10.0,27.0,17.0
39608,31.0,10.0,31.0,11.0
39609,31.0,10.0,31.0,10.0
39610,31.0,10.0,26.0,12.0
39611,31.0,10.0,32.0,10.0
39612,31.0,10.0,26.0,12.0
39613,31.0,10.0,32.0,10.0
39614,31.0,10.0,26.0,12.0
39615,31.0,10.0,30.0,13.0
39616,31.0,10.0,31.0,11.0
39617,31.0,10.0,27.0,17.0
39618,31.0,10.0,32.0,10.0
39619,31.0,10.0,32.0,10.0
39620,31.0,10.0,26.0,12.0
39621,31.0,10.0,27.0,17.0
39622,31.0,10.0,28.0,14.0
39623,31.0,10.0,31.0,10.0
39624,31.0,10.0,26.0,12.0
39625,31.0,10.0,30.0,13.0
39626,31.0,10.0,28.0,14.0
39627,31.0,10.0,31.0,10.0
39628,31.0,10.0,27.0,17.0
39629,31.0,10.0,26.0,12.0
39630,31.0,10.0,26.0,12.0
39631,31.0,10.0,28.0,14.0
39632,31.0,10.0,31.0,10.0
39633,31.0,10.0,32.0,10.0
39634,31.0,10.0,28.0,14.0
39635,31.0,10.0,32.0,10.0
39636,31.0,10.0,26.0,12.0
39637,31.0,10.0,30.0,13.0
39638,31.0,10.0,31.0,11.0
39639,31.0,10.0,30.0,13.0
39640,31.0,10.0,26.0,12.0
39641,31.0,10.0,31.0,11.0
39642,31.0,10.0,28.0,14.0
39643,31.0,10.0,28.0,14.0
39644,31.0,10.0,26.0,12.0
39645,31.0,10.0,26.0,12.0
39646,31.0,10.0,26.0,12.0
39647,31.0,10.0,27.0,17.0
39648,31.0,10.0,32.0,10.0
39649,31.0,10.0,32.0,10.0
39650,31.0,10.0,26.0,12.0
39651,31.0,10.0,31.0,10.0
39652,31.0,10.0,30.0,13.0
39653,31.0,10.0,31.0,10.0
39654,31.0,10.0,26.0,12.0
39655,31.0,10.0,32.0,10.0
39656,31.0,10.0,32.0,10.0
39657,31.0,10.0,32.0,10.0
39658,31.0,10.0,27.0,17.0
39659,31.0,10.0,32.0,10.0
39660,31.0,10.0,31.0,10.0
39661,31.0,10.0,31.0,10.0
39662,31.0,10.0,31.0,10.0
39663,31.0,10.0,31.0,10.0
39664,31.0,10.0,32.0,10.0
39665,31.0,10.0,27.0,17.0
39666,31.0,10.0,32.0,10.0
39667,31.0,10.0,32.0,10.0
39668,31.0,10.0,31.0,11.0
39669,31.0,10.0,31.0,11.0
39670,31.0,10.0,27.0,17.0
39671,31.0,10.0,31.0,10.0
39672,31.0,10.0,26.0,12.0
39673,31.0,10.0,31.0,10.0
39674,31.0,10.0,30.0,13.0
39675,31.0,10.0,31.0,10.0
39676,31.0,10.0,27.0,17.0
39677,31.0,10.0,31.0,11.0
39678,31.0,10.0,31.0,10.0
39679,31.0,10.0,31.0,11.0
39680,31.0,10.0,28.0,14.0
39681,31.0,10.0,31.0,10.0
39682,31.0,10.0,31.0,11.0
39683,31.0,10.0,31.0,10.0
39684,31.0,10.0,31.0,10.0
39685,31.0,10.0,26.0,12.0
39686,31.0,10.0,26.0,12.0
39687,31.0,10.0,26.0,12.0
39688,31.0,10.0,32.0,10.0
39689,31.0,10.0,27.0,17.0
39690,31.0,10.0,31.0,10.0
39691,31.0,10.0,31.0,10.0
39692,31.0,10.0,26.0,12.0
39693,31.0,10.0,26.0,12.0
39694,31.0,10.0,27.0,17.0
39695,31.0,10.0,31.0,10.0
39696,31.0,10.0,26.0,12.0
39697,31.0,10.0,28.0,14.0
39698,31.0,10.0,30.0,13.0
39699,31.0,10.0,31.0,10.0
39700,31.0,10.0,28.0,14.0
39701,31.0,10.0,31.0,10.0
39702,31.0,10.0,30.0,13.0
39703,31.0,10.0,27.0,17.0
39704,31.0,10.0,32.0,10.0
39705,31.0,10.0,32.0,10.0
39706,31.0,10.0,30.0,13.0
39707,31.0,10.0,32.0,10.0
39708,31.0,10.0,27.0,17.0
39709,31.0,10.0,31.0,10.0
39710,31.0,10.0,26.0,12.0
39711,31.0,10.0,32.0,10.0
39712,31.0,10.0,28.0,14.0
39713,31.0,10.0,31.0,11.0
39714,31.0,10.0,32.0,10.0
39715,31.0,10.0,31.0,10.0
39716,31.0,10.0,27.0,17.0
39717,31.0,10.0,26.0,12.0
39718,31.0,10.0,32.0,10.0
39719,31.0,10.0,31.0,10.0
39720,31.0,10.0,31.0,10.0
39721,31.0,10.0,28.0,14.0
39722,31.0,10.0,28.0,14.0
39723,31.0,10.0,31.0,10.0
39724,31.0,10.0,26.0,12.0
39725,31.0,10.0,31.0,10.0
39726,31.0,10.0,31.0,10.0
39727,31.0,10.0,31.0,10.0
39728,31.0,10.0,26.0,12.0
39729,31.0,10.0,31.0,11.0
39730,31.0,10.0,30.0,13.0
39731,31.0,10.0,32.0,10.0
39732,31.0,10.0,31.0,10.0
39733,31.0,10.0,30.0,13.0
39734,31.0,10.0,30.0,13.0
39735,31.0,10.0,31.0,11.0
39736,31.0,10.0,26.0,12.0
39737,31.0,10.0,31.0,10.0
39738,31.0,10.0,28.0,14.0
39739,31.0,10.0,31.0,10.0
39740,31.0,10.0,27.0,17.0
39741,31.0,10.0,28.0,14.0
39742,31.0,10.0,32.0,10.0
39743,31.0,10.0,30.0,13.0
39744,31.0,10.0,31.0,10.0
39745,31.0,10.0,27.0,17.0
39746,31.0,10.0,26.0,12.0
39747,31.0,10.0,31.0,11.0
39748,31.0,10.0,31.0,10.0
39749,31.0,10.0,28.0,14.0
39750,31.0,10.0,32.0,10.0
39751,31.0,10.0,32.0,10.0
39752,31.0,10.0,31.0,10.0
39753,31.0,10.0,28.0,14.0
39754,31.0,10.0,31.0,10.0
39755,31.0,10.0,32.0,10.0
39756,31.0,10.0,27.0,17.0
39757,31.0,10.0,26.0,12.0
39758,31.0,10.0,30.0,13.0
39759,31.0,10.0,31.0,11.0
39760,31.0,10.0,32.0,10.0
39761,31.0,10.0,31.0,10.0
39762,31.0,10.0,31.0,10.0
39763,31.0,10.0,27.0,17.0
39764,31.0,10.0,26.0,12.0
39765,31.0,10.0,32.0,10.0
39766,31.0,10.0,27.0,17.0
39767,31.0,10.0,26.0,12.0
39768,31.0,10.0,26.0,12.0
39769,31.0,10.0,28.0,14.0
39770,31.0,10.0,27.0,17.0
39771,31.0,10.0,31.0,10.0
39772,31.0,10.0,31.0,10.0
39773,31.0,10.0,26.0,12.0
39774,31.0,10.0,30.0,13.0
39775,31.0,10.0,27.0,17.0
39776,31.0,10.0,31.0,10.0
39777,31.0,10.0,28.0,14.0
39778,31.0,10.0,31.0,10.0
39779,31.0,10.0,31.0,10.0
39780,31.0,10.0,31.0,10.0
39781,31.0,10.0,31.0,10.0
39782,31.0,10.0,31.0,10.0
39783,31.0,10.0,31.0,11.0
39784,31.0,10.0,26.0,12.0
39785,31.0,10.0,28.0,14.0
39786,31.0,10.0,31.0,10.0
39787,31.0,10.0,28.0,14.0
39788,31.0,10.0,27.0,17.0
39789,31.0,10.0,32.0,10.0
39790,31.0,10.0,28.0,14.0
39791,31.0,10.0,31.0,10.0
39792,31.0,10.0,28.0,14.0
39793,31.0,10.0,28.0,14.0
39794,31.0,10.0,27.0,17.0
39795,31.0,10.0,31.0,11.0
39796,31.0,10.0,28.0,14.0
39797,31.0,10.0,26.0,12.0
39798,31.0,10.0,31.0,10.0
39799,31.0,10.0,27.0,17.0
39800,31.0,10.0,28.0,14.0
39801,31.0,10.0,28.0,14.0
39802,31.0,10.0,31.0,10.0
39803,31.0,10.0,26.0,12.0
39804,31.0,10.0,31.0,11.0
39805,31.0,10.0,28.0,14.0
39806,31.0,10.0,26.0,12.0
39807,31.0,10.0,32.0,10.0
39808,31.0,10.0,31.0,10.0
39809,31.0,10.0,30.0,13.0
39810,31.0,10.0,31.0,10.0
39811,31.0,10.0,32.0,10.0
39812,31.0,10.0,30.0,13.0
39813,31.0,10.0,31.0,10.0
39814,31.0,10.0,30.0,13.0
39815,31.0,10.0,32.0,10.0
39816,31.0,10.0,28.0,14.0
39817,31.0,10.0,31.0,11.0
39818,31.0,10.0,28.0,14.0
39819,31.0,10.0,31.0,10.0
39820,31.0,10.0,28.0,14.0
39821,31.0,10.0,31.0,10.0
39822,31.0,10.0,31.0,10.0
39823,31.0,10.0,32.0,10.0
39824,31.0,10.0,32.0,10.0
39825,31.0,10.0,26.0,12.0
39826,31.0,10.0,30.0,13.0
39827,31.0,10.0,27.0,17.0
39828,31.0,10.0,31.0,11.0
39829,31.0,10.0,28.0,14.0
39830,31.0,10.0,26.0,12.0
39831,31.0,10.0,30.0,13.0
39832,31.0,10.0,27.0,17.0
39833,31.0,10.0,32.0,10.0
39834,31.0,10.0,27.0,17.0
39835,31.0,10.0,31.0,10.0
39836,31.0,10.0,31.0,11.0
39837,31.0,10.0,31.0,10.0
39838,31.0,10.0,30.0,13.0
39839,31.0,10.0,31.0,10.0
39840,31.0,10.0,30.0,13.0
39841,31.0,10.0,28.0,14.0
39842,31.0,10.0,28.0,14.0
39843,31.0,10.0,31.0,10.0
39844,31.0,10.0,31.0,11.0
39845,31.0,10.0,30.0,13.0
39846,31.0,10.0,30.0,13.0
39847,31.0,10.0,27.0,17.0
39848,31.0,10.0,26.0,12.0
39849,31.0,10.0,26.0,12.0
39850,31.0,10.0,31.0,10.0
39851,31.0,10.0,26.0,12.0
39852,31.0,10.0,26.0,12.0
39853,31.0,10.0,31.0,10.0
39854,31.0,10.0,27.0,17.0
39855,31.0,10.0,30.0,13.0
39856,31.0,10.0,27.0,17.0
39857,31.0,10.0,26.0,12.0
39858,31.0,10.0,32.0,10.0
39859,31.0,10.0,31.0,11.0
39860,31.0,10.0,32.0,10.0
39861,31.0,10.0,31.0,11.0
39862,31.0,10.0,26.0,12.0
39863,31.0,10.0,31.0,11.0
39864,31.0,10.0,31.0,10.0
39865,31.0,10.0,31.0,10.0
39866,31.0,10.0,30.0,13.0
39867,31.0,10.0,31.0,10.0
39868,31.0,10.0,26.0,12.0
39869,31.0,10.0,31.0,10.0
39870,31.0,10.0,31.0,10.0
39871,31.0,10.0,30.0,13.0
39872,31.0,10.0,31.0,10.0
39873,31.0,10.0,31.0,10.0
39874,31.0,10.0,31.0,10.0
39875,31.0,10.0,27.0,17.0
39876,31.0,10.0,31.0,10.0
39877,31.0,10.0,31.0,11.0
39878,31.0,10.0,31.0,10.0
39879,31.0,10.0,26.0,12.0
39880,31.0,10.0,31.0,10.0
39881,31.0,10.0,31.0,11.0
39882,31.0,10.0,31.0,10.0
39883,31.0,10.0,27.0,17.0
39884,31.0,10.0,26.0,12.0
39885,31.0,10.0,31.0,10.0
39886,31.0,10.0,28.0,14.0
39887,31.0,10.0,32.0,10.0
39888,31.0,10.0,31.0,10.0
39889,31.0,10.0,31.0,10.0
39890,31.0,10.0,31.0,10.0
39891,31.0,10.0,26.0,12.0
39892,31.0,10.0,28.0,14.0
39893,31.0,10.0,28.0,14.0
39894,31.0,10.0,27.0,17.0
39895,31.0,10.0,31.0,10.0
39896,31.0,10.0,30.0,13.0
39897,31.0,10.0,27.0,17.0
39898,31.0,10.0,28.0,14.0
39899,31.0,10.0,28.0,14.0
39900,31.0,10.0,26.0,12.0
39901,31.0,10.0,31.0,10.0
39902,31.0,10.0,28.0,14.0
39903,31.0,10.0,32.0,10.0
39904,31.0,10.0,28.0,14.0
39905,31.0,10.0,31.0,11.0
39906,31.0,10.0,31.0,10.0
39907,31.0,10.0,32.0,10.0
39908,31.0,10.0,28.0,14.0
39909,31.0,10.0,28.0,14.0
39910,31.0,10.0,28.0,14.0
39911,31.0,10.0,31.0,10.0
39912,31.0,10.0,31.0,10.0
39913,31.0,10.0,31.0,10.0
39914,31.0,10.0,27.0,17.0
39915,31.0,10.0,28.0,14.0
39916,31.0,10.0,31.0,10.0
39917,31.0,10.0,30.0,13.0
39918,31.0,10.0,31.0,10.0
39919,31.0,10.0,27.0,17.0
39920,31.0,10.0,26.0,12.0
39921,31.0,10.0,27.0,17.0
39922,31.0,10.0,31.0,10.0
39923,31.0,10.0,26.0,12.0
39924,31.0,10.0,32.0,10.0
39925,31.0,10.0,30.0,13.0
39926,31.0,10.0,27.0,17.0
39927,31.0,10.0,26.0,12.0
39928,31.0,10.0,31.0,10.0
39929,31.0,10.0,31.0,10.0
39930,31.0,10.0,31.0,10.0
39931,31.0,10.0,31.0,10.0
39932,31.0,10.0,32.0,10.0
39933,31.0,10.0,27.0,17.0
39934,31.0,10.0,28.0,14.0
39935,31.0,10.0,31.0,10.0
39936,31.0,10.0,31.0,10.0
39937,31.0,10.0,31.0,11.0
39938,31.0,10.0,31.0,10.0
39939,31.0,10.0,31.0,10.0
39940,31.0,10.0,31.0,10.0
39941,31.0,10.0,28.0,14.0
39942,31.0,10.0,31.0,11.0
39943,31.0,10.0,31.0,11.0
39944,31.0,10.0,31.0,11.0
39945,31.0,10.0,30.0,13.0
39946,31.0,10.0,26.0,12.0
39947,31.0,10.0,31.0,10.0
39948,31.0,10.0,32.0,10.0
39949,31.0,10.0,31.0,10.0
39950,31.0,10.0,26.0,12.0
39951,31.0,10.0,27.0,17.0
39952,31.0,10.0,32.0,10.0
39953,31.0,10.0,26.0,12.0
39954,31.0,10.0,31.0,10.0
39955,31.0,10.0,32.0,10.0
39956,31.0,10.0,27.0,17.0
39957,31.0,10.0,31.0,10.0
39958,31.0,10.0,28.0,14.0
39959,31.0,10.0,28.0,14.0
39960,31.0,10.0,31.0,11.0
39961,31.0,10.0,32.0,10.0
39962,31.0,10.0,31.0,11.0
39963,31.0,10.0,27.0,17.0
39964,31.0,10.0,26.0,12.0
39965,31.0,10.0,31.0,10.0
39966,31.0,10.0,26.0,12.0
39967,31.0,10.0,31.0,10.0
39968,31.0,10.0,26.0,12.0
39969,31.0,10.0,31.0,10.0
39970,31.0,10.0,28.0,14.0
39971,31.0,10.0,32.0,10.0
39972,31.0,10.0,26.0,12.0
39973,31.0,10.0,31.0,10.0
39974,31.0,10.0,30.0,13.0
39975,31.0,10.0,31.0,10.0
39976,31.0,10.0,30.0,13.0
39977,31.0,10.0,28.0,14.0
39978,31.0,10.0,26.0,12.0
39979,31.0,10.0,31.0,11.0
39980,31.0,10.0,31.0,10.0
39981,31.0,10.0,28.0,14.0
39982,31.0,10.0,31.0,10.0
39983,31.0,10.0,31.0,10.0
39984,31.0,10.0,28.0,14.0
39985,31.0,10.0,31.0,10.0
39986,31.0,10.0,32.0,10.0
39987,31.0,10.0,27.0,17.0
39988,31.0,10.0,27.0,17.0
39989,31.0,10.0,28.0,14.0
39990,31.0,10.0,31.0,11.0
39991,31.0,10.0,31.0,10.0
39992,31.0,10.0,26.0,12.0
39993,31.0,10.0,31.0,10.0
39994,31.0,10.0,30.0,13.0
39995,31.0,10.0,31.0,11.0
39996,31.0,10.0,31.0,10.0
39997,31.0,10.0,32.0,10.0
39998,31.0,10.0,28.0,14.0
39999,31.0,10.0,31.0,10.0
40000,31.0,10.0,28.0,14.0
40001,31.0,10.0,31.0,10.0
40002,31.0,10.0,27.0,17.0
40003,31.0,10.0,31.0,10.0
40004,31.0,10.0,32.0,10.0
40005,31.0,10.0,32.0,10.0
40006,31.0,10.0,31.0,10.0
40007,31.0,10.0,31.0,11.0
40008,31.0,10.0,27.0,17.0
40009,31.0,10.0,31.0,10.0
40010,31.0,10.0,31.0,10.0
40011,31.0,10.0,28.0,14.0
40012,31.0,10.0,31.0,11.0
40013,31.0,10.0,27.0,17.0
40014,31.0,10.0,31.0,10.0
40015,31.0,10.0,28.0,14.0
40016,31.0,10.0,31.0,11.0
40017,31.0,10.0,31.0,10.0
40018,31.0,10.0,32.0,10.0
40019,31.0,10.0,27.0,17.0
40020,31.0,10.0,26.0,12.0
40021,31.0,10.0,26.0,12.0
40022,31.0,10.0,28.0,14.0
40023,31.0,10.0,26.0,12.0
40024,31.0,10.0,31.0,10.0
40025,31.0,10.0,26.0,12.0
40026,31.0,10.0,31.0,10.0
40027,31.0,10.0,27.0,17.0
40028,31.0,10.0,30.0,13.0
40029,31.0,10.0,28.0,14.0
40030,31.0,10.0,31.0,10.0
40031,31.0,10.0,28.0,14.0
40032,31.0,10.0,28.0,14.0
40033,31.0,10.0,31.0,10.0
40034,31.0,10.0,31.0,10.0
40035,31.0,10.0,30.0,13.0
40036,31.0,10.0,31.0,10.0
40037,31.0,10.0,30.0,13.0
40038,31.0,10.0,32.0,10.0
40039,31.0,10.0,28.0,14.0
40040,31.0,10.0,27.0,17.0
40041,31.0,10.0,30.0,13.0
40042,31.0,10.0,28.0,14.0
40043,31.0,10.0,30.0,13.0
40044,31.0,10.0,32.0,10.0
40045,31.0,10.0,31.0,10.0
40046,31.0,10.0,26.0,12.0
40047,31.0,10.0,27.0,17.0
40048,31.0,10.0,31.0,10.0
40049,31.0,10.0,30.0,13.0
40050,31.0,10.0,26.0,12.0
40051,31.0,10.0,26.0,12.0
40052,31.0,10.0,31.0,11.0
40053,31.0,10.0,27.0,17.0
40054,31.0,10.0,30.0,13.0
40055,31.0,10.0,26.0,12.0
40056,31.0,10.0,30.0,13.0
40057,31.0,10.0,27.0,17.0
40058,31.0,10.0,31.0,11.0
40059,31.0,10.0,31.0,10.0
40060,31.0,10.0,31.0,11.0
40061,31.0,10.0,30.0,13.0
40062,31.0,10.0,31.0,10.0
40063,31.0,10.0,26.0,12.0
40064,31.0,10.0,27.0,17.0
40065,31.0,10.0,26.0,12.0
40066,31.0,10.0,27.0,17.0
40067,31.0,10.0,27.0,17.0
40068,31.0,10.0,31.0,10.0
40069,31.0,10.0,28.0,14.0
40070,31.0,10.0,31.0,11.0
40071,31.0,10.0,32.0,10.0
40072,31.0,10.0,31.0,10.0
40073,31.0,10.0,30.0,13.0
40074,31.0,10.0,26.0,12.0
40075,31.0,10.0,27.0,17.0
40076,31.0,10.0,27.0,17.0
40077,31.0,10.0,31.0,10.0
40078,31.0,10.0,26.0,12.0
40079,31.0,10.0,28.0,14.0
40080,31.0,10.0,26.0,12.0
40081,31.0,10.0,31.0,10.0
40082,31.0,10.0,31.0,11.0
40083,31.0,10.0,26.0,12.0
40084,31.0,10.0,28.0,14.0
40085,31.0,10.0,30.0,13.0
40086,31.0,10.0,31.0,10.0
40087,31.0,10.0,28.0,14.0
40088,31.0,10.0,26.0,12.0
40089,31.0,10.0,28.0,14.0
40090,31.0,10.0,32.0,10.0
40091,31.0,10.0,30.0,13.0
40092,31.0,10.0,31.0,10.0
40093,31.0,10.0,31.0,10.0
40094,31.0,10.0,28.0,14.0
40095,31.0,10.0,31.0,10.0
40096,31.0,10.0,30.0,13.0
40097,31.0,10.0,28.0,14.0
40098,31.0,10.0,31.0,11.0
40099,31.0,10.0,26.0,12.0
40100,31.0,10.0,27.0,17.0
40101,31.0,10.0,32.0,10.0
40102,31.0,10.0,26.0,12.0
40103,31.0,10.0,26.0,12.0
40104,31.0,10.0,28.0,14.0
40105,31.0,10.0,31.0,10.0
40106,31.0,10.0,28.0,14.0
40107,31.0,10.0,31.0,10.0
40108,31.0,10.0,30.0,13.0
40109,31.0,10.0,31.0,10.0
40110,31.0,10.0,31.0,10.0
40111,31.0,10.0,31.0,10.0
40112,31.0,10.0,28.0,14.0
40113,31.0,10.0,30.0,13.0
40114,31.0,10.0,32.0,10.0
40115,31.0,10.0,32.0,10.0
40116,31.0,10.0,31.0,10.0
40117,31.0,10.0,27.0,17.0
40118,31.0,10.0,26.0,12.0
40119,31.0,10.0,31.0,10.0
40120,31.0,10.0,31.0,10.0
40121,31.0,10.0,31.0,10.0
40122,31.0,10.0,26.0,12.0
40123,31.0,10.0,31.0,10.0
40124,31.0,10.0,28.0,14.0
40125,31.0,10.0,28.0,14.0
40126,31.0,10.0,31.0,10.0
40127,31.0,10.0,26.0,12.0
40128,31.0,10.0,31.0,10.0
40129,31.0,10.0,31.0,10.0
40130,31.0,10.0,31.0,10.0
40131,31.0,10.0,31.0,10.0
40132,31.0,10.0,31.0,11.0
40133,31.0,10.0,27.0,17.0
40134,31.0,10.0,30.0,13.0
40135,31.0,10.0,32.0,10.0
40136,31.0,10.0,27.0,17.0
40137,31.0,10.0,27.0,17.0
40138,31.0,10.0,26.0,12.0
40139,31.0,10.0,31.0,11.0
40140,31.0,10.0,27.0,17.0
40141,31.0,10.0,31.0,10.0
40142,31.0,10.0,32.0,10.0
40143,31.0,10.0,31.0,10.0
40144,31.0,10.0,31.0,10.0
40145,31.0,10.0,32.0,10.0
40146,31.0,10.0,31.0,10.0
40147,31.0,10.0,31.0,10.0
40148,31.0,10.0,31.0,10.0
40149,31.0,10.0,31.0,10.0
40150,31.0,10.0,31.0,11.0
40151,31.0,10.0,28.0,14.0
40152,31.0,10.0,31.0,10.0
40153,31.0,10.0,27.0,17.0
40154,31.0,10.0,30.0,13.0
40155,31.0,10.0,31.0,10.0
40156,31.0,10.0,28.0,14.0
40157,31.0,10.0,28.0,14.0
40158,31.0,10.0,32.0,10.0
40159,31.0,10.0,32.0,10.0
40160,31.0,10.0,28.0,14.0
40161,31.0,10.0,32.0,10.0
40162,31.0,10.0,26.0,12.0
40163,31.0,10.0,31.0,10.0
40164,31.0,10.0,28.0,14.0
40165,31.0,10.0,26.0,12.0
40166,31.0,10.0,28.0,14.0
40167,31.0,10.0,28.0,14.0
40168,31.0,10.0,31.0,10.0
40169,31.0,10.0,31.0,11.0
40170,31.0,10.0,28.0,14.0
40171,31.0,10.0,27.0,17.0
40172,31.0,10.0,26.0,12.0
40173,31.0,10.0,26.0,12.0
40174,31.0,10.0,28.0,14.0
40175,31.0,10.0,32.0,10.0
40176,31.0,10.0,27.0,17.0
40177,31.0,10.0,31.0,10.0
40178,31.0,10.0,32.0,10.0
40179,31.0,10.0,30.0,13.0
40180,31.0,10.0,31.0,10.0
40181,31.0,10.0,30.0,13.0
40182,31.0,10.0,26.0,12.0
40183,31.0,10.0,31.0,10.0
40184,31.0,10.0,32.0,10.0
40185,31.0,10.0,28.0,14.0
40186,31.0,10.0,32.0,10.0
40187,31.0,10.0,31.0,10.0
40188,31.0,10.0,31.0,10.0
40189,31.0,10.0,32.0,10.0
40190,31.0,10.0,31.0,11.0
40191,31.0,10.0,27.0,17.0
40192,31.0,10.0,26.0,12.0
40193,31.0,10.0,28.0,14.0
40194,31.0,10.0,30.0,13.0
40195,31.0,10.0,32.0,10.0
40196,31.0,10.0,28.0,14.0
40197,31.0,10.0,27.0,17.0
40198,31.0,10.0,31.0,10.0
40199,31.0,10.0,31.0,10.0
40200,31.0,10.0,31.0,11.0
40201,31.0,10.0,26.0,12.0
40202,31.0,10.0,31.0,11.0
40203,31.0,10.0,28.0,14.0
40204,31.0,10.0,31.0,11.0
40205,31.0,10.0,31.0,10.0
40206,31.0,10.0,28.0,14.0
40207,31.0,10.0,31.0,10.0
40208,31.0,10.0,31.0,10.0
40209,31.0,10.0,32.0,10.0
40210,31.0,10.0,32.0,10.0
40211,31.0,10.0,31.0,10.0
40212,31.0,10.0,32.0,10.0
40213,31.0,10.0,31.0,10.0
40214,31.0,10.0,26.0,12.0
40215,31.0,10.0,26.0,12.0
40216,31.0,10.0,31.0,10.0
40217,31.0,10.0,26.0,12.0
40218,31.0,10.0,31.0,10.0
40219,31.0,10.0,27.0,17.0
40220,31.0,10.0,26.0,12.0
40221,31.0,10.0,31.0,11.0
40222,31.0,10.0,31.0,10.0
40223,31.0,10.0,28.0,14.0
40224,31.0,10.0,31.0,10.0
40225,31.0,10.0,31.0,10.0
40226,31.0,10.0,30.0,13.0
40227,31.0,10.0,30.0,13.0
40228,31.0,10.0,28.0,14.0
40229,31.0,10.0,31.0,10.0
40230,31.0,10.0,28.0,14.0
40231,31.0,10.0,28.0,14.0
40232,31.0,10.0,31.0,11.0
40233,31.0,10.0,28.0,14.0
40234,31.0,10.0,31.0,10.0
40235,31.0,10.0,31.0,11.0
40236,31.0,10.0,31.0,10.0
40237,31.0,10.0,27.0,17.0
40238,31.0,10.0,28.0,14.0
40239,31.0,10.0,27.0,17.0
40240,31.0,10.0,32.0,10.0
40241,31.0,10.0,31.0,10.0
40242,31.0,10.0,31.0,10.0
40243,31.0,10.0,26.0,12.0
40244,31.0,10.0,26.0,12.0
40245,31.0,10.0,26.0,12.0
40246,31.0,10.0,32.0,10.0
40247,31.0,10.0,30.0,13.0
40248,31.0,10.0,31.0,10.0
40249,31.0,10.0,31.0,10.0
40250,31.0,10.0,31.0,10.0
40251,31.0,10.0,32.0,10.0
40252,31.0,10.0,31.0,11.0
40253,31.0,10.0,26.0,12.0
40254,31.0,10.0,31.0,10.0
40255,31.0,10.0,31.0,10.0
40256,31.0,10.0,31.0,10.0
40257,31.0,10.0,32.0,10.0
40258,31.0,10.0,31.0,10.0
40259,31.0,10.0,32.0,10.0
40260,31.0,10.0,31.0,10.0
40261,31.0,10.0,30.0,13.0
40262,31.0,10.0,31.0,11.0
40263,31.0,10.0,31.0,11.0
40264,31.0,10.0,27.0,17.0
40265,31.0,10.0,27.0,17.0
40266,31.0,10.0,31.0,11.0
40267,31.0,10.0,31.0,10.0
40268,31.0,10.0,26.0,12.0
40269,31.0,10.0,31.0,11.0
40270,31.0,10.0,27.0,17.0
40271,31.0,10.0,31.0,10.0
40272,31.0,10.0,26.0,12.0
40273,31.0,10.0,31.0,10.0
40274,31.0,10.0,28.0,14.0
40275,31.0,10.0,31.0,10.0
40276,31.0,10.0,31.0,10.0
40277,31.0,10.0,31.0,10.0
40278,31.0,10.0,32.0,10.0
40279,31.0,10.0,31.0,10.0
40280,31.0,10.0,31.0,11.0
40281,31.0,10.0,26.0,12.0
40282,31.0,10.0,32.0,10.0
40283,31.0,10.0,26.0,12.0
40284,31.0,10.0,26.0,12.0
40285,31.0,10.0,30.0,13.0
40286,31.0,10.0,31.0,10.0
40287,31.0,10.0,31.0,10.0
40288,31.0,10.0,28.0,14.0
40289,31.0,10.0,26.0,12.0
40290,31.0,10.0,30.0,13.0
40291,31.0,10.0,28.0,14.0
40292,31.0,10.0,27.0,17.0
40293,31.0,10.0,26.0,12.0
40294,31.0,10.0,30.0,13.0
40295,31.0,10.0,31.0,10.0
40296,31.0,10.0,31.0,10.0
40297,31.0,10.0,31.0,11.0
40298,31.0,10.0,31.0,11.0
40299,31.0,10.0,28.0,14.0
40300,31.0,10.0,27.0,17.0
40301,31.0,10.0,31.0,10.0
40302,31.0,10.0,32.0,10.0
40303,31.0,10.0,31.0,11.0
40304,31.0,10.0,27.0,17.0
40305,31.0,10.0,26.0,12.0
40306,31.0,10.0,32.0,10.0
40307,31.0,10.0,31.0,10.0
40308,31.0,10.0,26.0,12.0
40309,31.0,10.0,32.0,10.0
40310,31.0,10.0,27.0,17.0
40311,31.0,10.0,26.0,12.0
40312,31.0,10.0,30.0,13.0
40313,31.0,10.0,31.0,11.0
40314,31.0,10.0,32.0,10.0
40315,31.0,10.0,31.0,11.0
40316,31.0,10.0,30.0,13.0
40317,31.0,10.0,30.0,13.0
40318,31.0,10.0,31.0,10.0
40319,31.0,10.0,31.0,10.0
40320,31.0,10.0,31.0,10.0
40321,31.0,10.0,31.0,11.0
40322,31.0,10.0,31.0,11.0
40323,31.0,10.0,28.0,14.0
40324,31.0,10.0,31.0,10.0
40325,31.0,10.0,31.0,10.0
40326,31.0,10.0,32.0,10.0
40327,31.0,10.0,32.0,10.0
40328,31.0,10.0,31.0,10.0
40329,31.0,10.0,31.0,10.0
40330,31.0,10.0,32.0,10.0
40331,31.0,10.0,32.0,10.0
40332,31.0,10.0,27.0,17.0
40333,31.0,10.0,27.0,17.0
40334,31.0,10.0,31.0,10.0
40335,31.0,10.0,31.0,10.0
40336,31.0,10.0,32.0,10.0
40337,31.0,10.0,31.0,10.0
40338,31.0,10.0,26.0,12.0
40339,31.0,10.0,31.0,10.0
40340,31.0,10.0,31.0,10.0
40341,31.0,10.0,32.0,10.0
40342,31.0,10.0,32.0,10.0
40343,31.0,10.0,31.0,10.0
40344,31.0,10.0,26.0,12.0
40345,31.0,10.0,27.0,17.0
40346,31.0,10.0,30.0,13.0
40347,31.0,10.0,31.0,11.0
40348,31.0,10.0,30.0,13.0
40349,31.0,10.0,32.0,10.0
40350,31.0,10.0,28.0,14.0
40351,31.0,10.0,26.0,12.0
40352,31.0,10.0,26.0,12.0
40353,31.0,10.0,31.0,10.0
40354,31.0,10.0,31.0,11.0
40355,31.0,10.0,32.0,10.0
40356,31.0,10.0,28.0,14.0
40357,31.0,10.0,31.0,11.0
40358,31.0,10.0,30.0,13.0
40359,31.0,10.0,32.0,10.0
40360,31.0,10.0,32.0,10.0
40361,31.0,10.0,26.0,12.0
40362,31.0,10.0,32.0,10.0
40363,31.0,10.0,30.0,13.0
40364,31.0,10.0,26.0,12.0
40365,31.0,10.0,28.0,14.0
40366,31.0,10.0,31.0,10.0
40367,31.0,10.0,31.0,11.0
40368,31.0,10.0,28.0,14.0
40369,31.0,10.0,32.0,10.0
40370,31.0,10.0,31.0,11.0
40371,31.0,10.0,31.0,10.0
40372,31.0,10.0,31.0,10.0
40373,31.0,10.0,32.0,10.0
40374,31.0,10.0,31.0,10.0
40375,31.0,10.0,26.0,12.0
40376,31.0,10.0,26.0,12.0
40377,31.0,10.0,30.0,13.0
40378,31.0,10.0,31.0,11.0
40379,31.0,10.0,31.0,10.0
40380,31.0,10.0,27.0,17.0
40381,31.0,10.0,27.0,17.0
40382,31.0,10.0,28.0,14.0
40383,31.0,10.0,30.0,13.0
40384,31.0,10.0,31.0,10.0
40385,31.0,10.0,31.0,10.0
40386,31.0,10.0,30.0,13.0
40387,31.0,10.0,31.0,10.0
40388,31.0,10.0,31.0,11.0
40389,31.0,10.0,26.0,12.0
40390,31.0,10.0,26.0,12.0
40391,31.0,10.0,31.0,11.0
40392,31.0,10.0,31.0,11.0
40393,31.0,10.0,28.0,14.0
40394,31.0,10.0,28.0,14.0
40395,31.0,10.0,31.0,11.0
40396,31.0,10.0,31.0,10.0
40397,31.0,10.0,31.0,10.0
40398,31.0,10.0,28.0,14.0
40399,31.0,10.0,27.0,17.0
40400,31.0,10.0,31.0,10.0
40401,31.0,10.0,26.0,12.0
40402,31.0,10.0,27.0,17.0
40403,31.0,10.0,31.0,11.0
40404,31.0,10.0,28.0,14.0
40405,31.0,10.0,26.0,12.0
40406,31.0,10.0,31.0,10.0
40407,31.0,10.0,28.0,14.0
40408,31.0,10.0,31.0,10.0
40409,31.0,10.0,27.0,17.0
40410,31.0,10.0,27.0,17.0
40411,31.0,10.0,31.0,10.0
40412,31.0,10.0,28.0,14.0
40413,31.0,10.0,26.0,12.0
40414,31.0,10.0,32.0,10.0
40415,31.0,10.0,30.0,13.0
40416,31.0,10.0,26.0,12.0
40417,31.0,10.0,27.0,17.0
40418,31.0,10.0,31.0,10.0
40419,31.0,10.0,27.0,17.0
40420,31.0,10.0,32.0,10.0
40421,31.0,10.0,31.0,11.0
40422,31.0,10.0,31.0,10.0
40423,31.0,10.0,31.0,10.0
40424,31.0,10.0,27.0,17.0
40425,31.0,10.0,31.0,10.0
40426,31.0,10.0,27.0,17.0
40427,31.0,10.0,31.0,10.0
40428,31.0,10.0,31.0,11.0
40429,31.0,10.0,26.0,12.0
40430,31.0,10.0,28.0,14.0
40431,31.0,10.0,28.0,14.0
40432,31.0,10.0,28.0,14.0
40433,31.0,10.0,28.0,14.0
40434,31.0,10.0,31.0,11.0
40435,31.0,10.0,30.0,13.0
40436,31.0,10.0,31.0,10.0
40437,31.0,10.0,27.0,17.0
40438,31.0,10.0,27.0,17.0
40439,31.0,10.0,26.0,12.0
40440,31.0,10.0,27.0,17.0
40441,31.0,10.0,30.0,13.0
40442,31.0,10.0,30.0,13.0
40443,31.0,10.0,28.0,14.0
40444,31.0,10.0,30.0,13.0
40445,31.0,10.0,30.0,13.0
40446,31.0,10.0,32.0,10.0
40447,31.0,10.0,27.0,17.0
40448,31.0,10.0,27.0,17.0
40449,31.0,10.0,31.0,10.0
40450,31.0,10.0,31.0,10.0
40451,31.0,10.0,26.0,12.0
40452,31.0,10.0,28.0,14.0
40453,31.0,10.0,26.0,12.0
40454,31.0,10.0,28.0,14.0
40455,31.0,10.0,32.0,10.0
40456,31.0,10.0,32.0,10.0
40457,31.0,10.0,31.0,11.0
40458,31.0,10.0,31.0,10.0
40459,31.0,10.0,31.0,11.0
40460,31.0,10.0,31.0,11.0
40461,31.0,10.0,26.0,12.0
40462,31.0,10.0,30.0,13.0
40463,31.0,10.0,31.0,10.0
40464,31.0,10.0,31.0,10.0
40465,31.0,10.0,28.0,14.0
40466,31.0,10.0,31.0,10.0
40467,31.0,10.0,27.0,17.0
40468,31.0,10.0,26.0,12.0
40469,31.0,10.0,31.0,10.0
40470,31.0,10.0,31.0,10.0
40471,31.0,10.0,28.0,14.0
40472,31.0,10.0,27.0,17.0
40473,31.0,10.0,28.0,14.0
40474,31.0,10.0,27.0,17.0
40475,31.0,10.0,31.0,10.0
40476,31.0,10.0,28.0,14.0
40477,31.0,10.0,26.0,12.0
40478,31.0,10.0,32.0,10.0
40479,31.0,10.0,31.0,10.0
40480,31.0,10.0,31.0,11.0
40481,31.0,10.0,31.0,10.0
40482,31.0,10.0,31.0,11.0
40483,31.0,10.0,26.0,12.0
40484,31.0,10.0,31.0,10.0
40485,31.0,10.0,31.0,11.0
40486,31.0,10.0,31.0,11.0
40487,31.0,10.0,32.0,10.0
40488,31.0,10.0,31.0,10.0
40489,31.0,10.0,30.0,13.0
40490,31.0,10.0,28.0,14.0
40491,31.0,10.0,31.0,10.0
40492,31.0,10.0,26.0,12.0
40493,31.0,10.0,31.0,11.0
40494,31.0,10.0,31.0,10.0
40495,31.0,10.0,26.0,12.0
40496,31.0,10.0,28.0,14.0
40497,31.0,10.0,31.0,11.0
40498,31.0,10.0,27.0,17.0
40499,31.0,10.0,31.0,10.0
40500,31.0,10.0,32.0,10.0
40501,31.0,10.0,26.0,12.0
40502,31.0,10.0,27.0,17.0
40503,31.0,10.0,28.0,14.0
40504,31.0,10.0,26.0,12.0
40505,31.0,10.0,32.0,10.0
40506,31.0,10.0,27.0,17.0
40507,31.0,10.0,28.0,14.0
40508,31.0,10.0,28.0,14.0
40509,31.0,10.0,31.0,11.0
40510,31.0,10.0,30.0,13.0
40511,31.0,10.0,27.0,17.0
40512,31.0,10.0,32.0,10.0
40513,31.0,10.0,31.0,10.0
40514,31.0,10.0,30.0,13.0
40515,31.0,10.0,32.0,10.0
40516,31.0,10.0,28.0,14.0
40517,31.0,10.0,31.0,10.0
40518,31.0,10.0,31.0,10.0
40519,31.0,10.0,31.0,11.0
40520,31.0,10.0,31.0,10.0
40521,31.0,10.0,26.0,12.0
40522,31.0,10.0,26.0,12.0
40523,31.0,10.0,30.0,13.0
40524,31.0,10.0,31.0,10.0
40525,31.0,10.0,31.0,11.0
40526,31.0,10.0,26.0,12.0
40527,31.0,10.0,27.0,17.0
40528,31.0,10.0,31.0,10.0
40529,31.0,10.0,27.0,17.0
40530,31.0,10.0,28.0,14.0
40531,31.0,10.0,28.0,14.0
40532,31.0,10.0,31.0,10.0
40533,31.0,10.0,31.0,10.0
40534,31.0,10.0,30.0,13.0
40535,31.0,10.0,26.0,12.0
40536,31.0,10.0,31.0,10.0
40537,31.0,10.0,27.0,17.0
40538,31.0,10.0,30.0,13.0
40539,31.0,10.0,28.0,14.0
40540,31.0,10.0,31.0,11.0
40541,31.0,10.0,31.0,10.0
40542,31.0,10.0,32.0,10.0
40543,31.0,10.0,31.0,11.0
40544,31.0,10.0,31.0,11.0
40545,31.0,10.0,28.0,14.0
40546,31.0,10.0,31.0,10.0
40547,31.0,10.0,32.0,10.0
40548,31.0,10.0,31.0,11.0
40549,31.0,10.0,31.0,10.0
40550,31.0,10.0,31.0,10.0
40551,31.0,10.0,32.0,10.0
40552,31.0,10.0,32.0,10.0
40553,31.0,10.0,31.0,10.0
40554,31.0,10.0,31.0,10.0
40555,31.0,10.0,28.0,14.0
40556,31.0,10.0,28.0,14.0
40557,31.0,10.0,31.0,10.0
40558,31.0,10.0,32.0,10.0
40559,31.0,10.0,31.0,11.0
40560,31.0,10.0,27.0,17.0
40561,31.0,10.0,31.0,10.0
40562,31.0,10.0,31.0,10.0
40563,31.0,10.0,28.0,14.0
40564,31.0,10.0,32.0,10.0
40565,31.0,10.0,31.0,10.0
40566,31.0,10.0,31.0,10.0
40567,31.0,10.0,31.0,11.0
40568,31.0,10.0,28.0,14.0
40569,31.0,10.0,31.0,10.0
40570,31.0,10.0,31.0,10.0
40571,31.0,10.0,26.0,12.0
40572,31.0,10.0,28.0,14.0
40573,31.0,10.0,28.0,14.0
40574,31.0,10.0,27.0,17.0
40575,31.0,10.0,31.0,10.0
40576,31.0,10.0,31.0,10.0
40577,31.0,10.0,26.0,12.0
40578,31.0,10.0,31.0,10.0
40579,31.0,10.0,26.0,12.0
40580,31.0,10.0,31.0,10.0
40581,31.0,10.0,31.0,10.0
40582,31.0,10.0,28.0,14.0
40583,31.0,10.0,26.0,12.0
40584,31.0,10.0,31.0,10.0
40585,31.0,10.0,28.0,14.0
40586,31.0,10.0,31.0,11.0
40587,31.0,10.0,31.0,10.0
40588,31.0,10.0,28.0,14.0
40589,31.0,10.0,31.0,10.0
40590,31.0,10.0,26.0,12.0
40591,31.0,10.0,31.0,10.0
40592,31.0,10.0,31.0,11.0
40593,31.0,10.0,32.0,10.0
40594,31.0,10.0,26.0,12.0
40595,31.0,10.0,32.0,10.0
40596,31.0,10.0,27.0,17.0
40597,31.0,10.0,26.0,12.0
40598,31.0,10.0,31.0,10.0
40599,31.0,10.0,30.0,13.0
40600,31.0,10.0,26.0,12.0
40601,31.0,10.0,30.0,13.0
40602,31.0,10.0,31.0,11.0
40603,31.0,10.0,30.0,13.0
40604,31.0,10.0,30.0,13.0
40605,31.0,10.0,31.0,11.0
40606,31.0,10.0,27.0,17.0
40607,31.0,10.0,31.0,10.0
40608,31.0,10.0,31.0,10.0
40609,31.0,10.0,32.0,10.0
40610,31.0,10.0,31.0,10.0
40611,31.0,10.0,31.0,10.0
40612,31.0,10.0,27.0,17.0
40613,31.0,10.0,31.0,11.0
40614,31.0,10.0,27.0,17.0
40615,31.0,10.0,28.0,14.0
40616,31.0,10.0,31.0,10.0
40617,31.0,10.0,31.0,10.0
40618,31.0,10.0,32.0,10.0
40619,31.0,10.0,28.0,14.0
40620,31.0,10.0,26.0,12.0
40621,31.0,10.0,27.0,17.0
40622,31.0,10.0,28.0,14.0
40623,31.0,10.0,27.0,17.0
40624,31.0,10.0,28.0,14.0
40625,31.0,10.0,32.0,10.0
40626,31.0,10.0,27.0,17.0
40627,31.0,10.0,28.0,14.0
40628,31.0,10.0,31.0,10.0
40629,31.0,10.0,26.0,12.0
40630,31.0,10.0,31.0,11.0
40631,31.0,10.0,27.0,17.0
40632,31.0,10.0,26.0,12.0
40633,31.0,10.0,31.0,10.0
40634,31.0,10.0,26.0,12.0
40635,31.0,10.0,31.0,10.0
40636,31.0,10.0,31.0,11.0
40637,31.0,10.0,27.0,17.0
40638,31.0,10.0,31.0,10.0
40639,31.0,10.0,31.0,10.0
40640,31.0,10.0,32.0,10.0
40641,31.0,10.0,31.0,10.0
40642,31.0,10.0,31.0,10.0
40643,31.0,10.0,31.0,10.0
40644,31.0,10.0,32.0,10.0
40645,31.0,10.0,32.0,10.0
40646,31.0,10.0,26.0,12.0
40647,31.0,10.0,28.0,14.0
40648,31.0,10.0,26.0,12.0
40649,31.0,10.0,31.0,10.0
40650,31.0,10.0,31.0,10.0
40651,31.0,10.0,30.0,13.0
40652,31.0,10.0,32.0,10.0
40653,31.0,10.0,27.0,17.0
40654,31.0,10.0,30.0,13.0
40655,31.0,10.0,31.0,11.0
40656,31.0,10.0,32.0,10.0
40657,31.0,10.0,32.0,10.0
40658,31.0,10.0,28.0,14.0
40659,31.0,10.0,31.0,10.0
40660,31.0,10.0,31.0,10.0
40661,31.0,10.0,28.0,14.0
40662,31.0,10.0,31.0,10.0
40663,31.0,10.0,32.0,10.0
40664,31.0,10.0,27.0,17.0
40665,31.0,10.0,26.0,12.0
40666,31.0,10.0,30.0,13.0
40667,31.0,10.0,31.0,10.0
40668,31.0,10.0,27.0,17.0
40669,31.0,10.0,26.0,12.0
40670,31.0,10.0,31.0,10.0
40671,31.0,10.0,27.0,17.0
40672,31.0,10.0,31.0,10.0
40673,31.0,10.0,30.0,13.0
40674,31.0,10.0,31.0,10.0
40675,31.0,10.0,31.0,10.0
40676,31.0,10.0,32.0,10.0
40677,31.0,10.0,30.0,13.0
40678,31.0,10.0,31.0,11.0
40679,31.0,10.0,26.0,12.0
40680,31.0,10.0,31.0,10.0
40681,31.0,10.0,31.0,10.0
40682,31.0,10.0,31.0,11.0
40683,31.0,10.0,30.0,13.0
40684,31.0,10.0,30.0,13.0
40685,31.0,10.0,31.0,10.0
40686,31.0,10.0,31.0,10.0
40687,31.0,10.0,31.0,10.0
40688,31.0,10.0,31.0,11.0
40689,31.0,10.0,26.0,12.0
40690,31.0,10.0,30.0,13.0
40691,31.0,10.0,28.0,14.0
40692,31.0,10.0,32.0,10.0
40693,31.0,10.0,31.0,10.0
40694,31.0,10.0,26.0,12.0
40695,31.0,10.0,30.0,13.0
40696,31.0,10.0,32.0,10.0
40697,31.0,10.0,30.0,13.0
40698,31.0,10.0,27.0,17.0
40699,31.0,10.0,27.0,17.0
40700,31.0,10.0,30.0,13.0
40701,31.0,10.0,31.0,10.0
40702,31.0,10.0,27.0,17.0
40703,31.0,10.0,28.0,14.0
40704,31.0,10.0,31.0,10.0
40705,31.0,10.0,31.0,10.0
40706,31.0,10.0,31.0,10.0
40707,31.0,10.0,31.0,10.0
40708,31.0,10.0,28.0,14.0
40709,31.0,10.0,31.0,10.0
40710,31.0,10.0,28.0,14.0
40711,31.0,10.0,27.0,17.0
40712,31.0,10.0,31.0,11.0
40713,31.0,10.0,31.0,10.0
40714,31.0,10.0,28.0,14.0
40715,31.0,10.0,32.0,10.0
40716,31.0,10.0,27.0,17.0
40717,31.0,10.0,28.0,14.0
40718,31.0,10.0,30.0,13.0
40719,31.0,10.0,31.0,11.0
40720,31.0,10.0,28.0,14.0
40721,31.0,10.0,26.0,12.0
40722,31.0,10.0,31.0,10.0
40723,31.0,10.0,27.0,17.0
40724,31.0,10.0,28.0,14.0
40725,31.0,10.0,30.0,13.0
40726,31.0,10.0,31.0,10.0
40727,31.0,10.0,30.0,13.0
40728,31.0,10.0,32.0,10.0
40729,31.0,10.0,31.0,10.0
40730,31.0,10.0,26.0,12.0
40731,31.0,10.0,28.0,14.0
40732,31.0,10.0,26.0,12.0
40733,31.0,10.0,30.0,13.0
40734,31.0,10.0,31.0,11.0
40735,31.0,10.0,28.0,14.0
40736,31.0,10.0,31.0,10.0
40737,31.0,10.0,32.0,10.0
40738,31.0,10.0,31.0,10.0
40739,31.0,10.0,27.0,17.0
40740,31.0,10.0,28.0,14.0
40741,31.0,10.0,30.0,13.0
40742,31.0,10.0,28.0,14.0
40743,31.0,10.0,31.0,11.0
40744,31.0,10.0,28.0,14.0
40745,31.0,10.0,28.0,14.0
40746,31.0,10.0,31.0,10.0
40747,31.0,10.0,26.0,12.0
40748,31.0,10.0,31.0,10.0
40749,31.0,10.0,31.0,10.0
40750,31.0,10.0,26.0,12.0
40751,31.0,10.0,32.0,10.0
40752,31.0,10.0,26.0,12.0
40753,31.0,10.0,26.0,12.0
40754,31.0,10.0,30.0,13.0
40755,31.0,10.0,32.0,10.0
40756,31.0,10.0,30.0,13.0
40757,31.0,10.0,26.0,12.0
40758,31.0,10.0,28.0,14.0
40759,31.0,10.0,32.0,10.0
40760,31.0,10.0,31.0,10.0
40761,31.0,10.0,31.0,10.0
40762,31.0,10.0,27.0,17.0
40763,31.0,10.0,32.0,10.0
40764,31.0,10.0,30.0,13.0
40765,31.0,10.0,27.0,17.0
40766,31.0,10.0,30.0,13.0
40767,31.0,10.0,31.0,10.0
40768,31.0,10.0,31.0,10.0
40769,31.0,10.0,32.0,10.0
40770,31.0,10.0,28.0,14.0
40771,31.0,10.0,31.0,11.0
40772,31.0,10.0,31.0,10.0
40773,31.0,10.0,31.0,10.0
40774,31.0,10.0,32.0,10.0
40775,31.0,10.0,31.0,10.0
40776,31.0,10.0,31.0,11.0
40777,31.0,10.0,27.0,17.0
40778,31.0,10.0,28.0,14.0
40779,31.0,10.0,31.0,10.0
40780,31.0,10.0,27.0,17.0
40781,31.0,10.0,31.0,11.0
40782,31.0,10.0,31.0,10.0
40783,31.0,10.0,30.0,13.0
40784,31.0,10.0,32.0,10.0
40785,31.0,10.0,31.0,10.0
40786,31.0,10.0,27.0,17.0
40787,31.0,10.0,31.0,11.0
40788,31.0,10.0,30.0,13.0
40789,31.0,10.0,31.0,11.0
40790,31.0,10.0,31.0,10.0
40791,31.0,10.0,30.0,13.0
40792,31.0,10.0,31.0,10.0
40793,31.0,10.0,28.0,14.0
40794,31.0,10.0,26.0,12.0
40795,31.0,10.0,28.0,14.0
40796,31.0,10.0,31.0,10.0
40797,31.0,10.0,31.0,11.0
40798,31.0,10.0,26.0,12.0
40799,31.0,10.0,31.0,11.0
40800,31.0,10.0,28.0,14.0
40801,31.0,10.0,28.0,14.0
40802,31.0,10.0,30.0,13.0
40803,31.0,10.0,26.0,12.0
40804,31.0,10.0,30.0,13.0
40805,31.0,10.0,30.0,13.0
40806,31.0,10.0,31.0,10.0
40807,31.0,10.0,30.0,13.0
40808,31.0,10.0,31.0,10.0
40809,31.0,10.0,32.0,10.0
40810,31.0,10.0,31.0,10.0
40811,31.0,10.0,31.0,11.0
40812,31.0,10.0,31.0,10.0
40813,31.0,10.0,31.0,11.0
40814,31.0,10.0,30.0,13.0
40815,31.0,10.0,31.0,10.0
40816,31.0,10.0,28.0,14.0
40817,31.0,10.0,31.0,10.0
40818,31.0,10.0,26.0,12.0
40819,31.0,10.0,31.0,10.0
40820,31.0,10.0,31.0,10.0
40821,31.0,10.0,27.0,17.0
40822,31.0,10.0,30.0,13.0
40823,31.0,10.0,31.0,10.0
40824,31.0,10.0,26.0,12.0
40825,31.0,10.0,31.0,11.0
40826,31.0,10.0,31.0,10.0
40827,31.0,10.0,27.0,17.0
40828,31.0,10.0,30.0,13.0
40829,31.0,10.0,31.0,10.0
40830,31.0,10.0,27.0,17.0
40831,31.0,10.0,26.0,12.0
40832,31.0,10.0,31.0,10.0
40833,31.0,10.0,31.0,10.0
40834,31.0,10.0,31.0,10.0
40835,31.0,10.0,28.0,14.0
40836,31.0,10.0,27.0,17.0
40837,31.0,10.0,31.0,11.0
40838,31.0,10.0,31.0,10.0
40839,31.0,10.0,28.0,14.0
40840,31.0,10.0,28.0,14.0
40841,31.0,10.0,31.0,10.0
40842,31.0,10.0,31.0,11.0
40843,31.0,10.0,28.0,14.0
40844,31.0,10.0,31.0,11.0
40845,31.0,10.0,30.0,13.0
40846,31.0,10.0,27.0,17.0
40847,31.0,10.0,32.0,10.0
40848,31.0,10.0,31.0,10.0
40849,31.0,10.0,31.0,10.0
40850,31.0,10.0,31.0,10.0
40851,31.0,10.0,31.0,10.0
40852,31.0,10.0,26.0,12.0
40853,31.0,10.0,32.0,10.0
40854,31.0,10.0,26.0,12.0
40855,31.0,10.0,31.0,10.0
40856,31.0,10.0,31.0,10.0
40857,31.0,10.0,30.0,13.0
40858,31.0,10.0,32.0,10.0
40859,31.0,10.0,31.0,10.0
40860,31.0,10.0,31.0,10.0
40861,31.0,10.0,28.0,14.0
40862,31.0,10.0,31.0,10.0
40863,31.0,10.0,31.0,11.0
40864,31.0,10.0,31.0,11.0
40865,31.0,10.0,30.0,13.0
40866,31.0,10.0,31.0,10.0
40867,31.0,10.0,31.0,11.0
40868,31.0,10.0,31.0,10.0
40869,31.0,10.0,26.0,12.0
40870,31.0,10.0,31.0,11.0
40871,31.0,10.0,30.0,13.0
40872,31.0,10.0,26.0,12.0
40873,31.0,10.0,28.0,14.0
40874,31.0,10.0,31.0,10.0
40875,31.0,10.0,27.0,17.0
40876,31.0,10.0,31.0,11.0
40877,31.0,10.0,27.0,17.0
40878,31.0,10.0,26.0,12.0
40879,31.0,10.0,28.0,14.0
40880,31.0,10.0,26.0,12.0
40881,31.0,10.0,30.0,13.0
40882,31.0,10.0,27.0,17.0
40883,31.0,10.0,30.0,13.0
40884,31.0,10.0,27.0,17.0
40885,31.0,10.0,31.0,10.0
40886,31.0,10.0,32.0,10.0
40887,31.0,10.0,27.0,17.0
40888,31.0,10.0,31.0,10.0
40889,31.0,10.0,28.0,14.0
40890,31.0,10.0,28.0,14.0
40891,31.0,10.0,28.0,14.0
40892,31.0,10.0,31.0,11.0
40893,31.0,10.0,31.0,10.0
40894,31.0,10.0,31.0,10.0
40895,31.0,10.0,27.0,17.0
40896,31.0,10.0,31.0,10.0
40897,31.0,10.0,26.0,12.0
40898,31.0,10.0,27.0,17.0
40899,31.0,10.0,30.0,13.0
40900,31.0,10.0,31.0,11.0
40901,31.0,10.0,28.0,14.0
40902,31.0,10.0,30.0,13.0
40903,31.0,10.0,32.0,10.0
40904,31.0,10.0,32.0,10.0
40905,31.0,10.0,28.0,14.0
40906,31.0,10.0,31.0,10.0
40907,31.0,10.0,32.0,10.0
40908,31.0,10.0,30.0,13.0
40909,31.0,10.0,32.0,10.0
40910,31.0,10.0,31.0,10.0
40911,31.0,10.0,27.0,17.0
40912,31.0,10.0,30.0,13.0
40913,31.0,10.0,30.0,13.0
40914,31.0,10.0,28.0,14.0
40915,31.0,10.0,32.0,10.0
40916,31.0,10.0,32.0,10.0
40917,31.0,10.0,31.0,10.0
40918,31.0,10.0,26.0,12.0
40919,31.0,10.0,31.0,11.0
40920,31.0,10.0,32.0,10.0
40921,31.0,10.0,28.0,14.0
40922,31.0,10.0,32.0,10.0
40923,31.0,10.0,30.0,13.0
40924,31.0,10.0,26.0,12.0
40925,31.0,10.0,28.0,14.0
40926,31.0,10.0,28.0,14.0
40927,31.0,10.0,28.0,14.0
40928,31.0,10.0,30.0,13.0
40929,31.0,10.0,31.0,10.0
40930,31.0,10.0,31.0,10.0
40931,31.0,10.0,32.0,10.0
40932,31.0,10.0,27.0,17.0
40933,31.0,10.0,31.0,10.0
40934,31.0,10.0,27.0,17.0
40935,31.0,10.0,26.0,12.0
40936,31.0,10.0,26.0,12.0
40937,31.0,10.0,31.0,11.0
40938,31.0,10.0,31.0,11.0
40939,31.0,10.0,30.0,13.0
40940,31.0,10.0,31.0,10.0
40941,31.0,10.0,32.0,10.0
40942,31.0,10.0,28.0,14.0
40943,31.0,10.0,27.0,17.0
40944,31.0,10.0,30.0,13.0
40945,31.0,10.0,27.0,17.0
40946,31.0,10.0,28.0,14.0
40947,31.0,10.0,30.0,13.0
40948,31.0,10.0,31.0,10.0
40949,31.0,10.0,31.0,11.0
40950,31.0,10.0,31.0,11.0
40951,31.0,10.0,32.0,10.0
40952,31.0,10.0,30.0,13.0
40953,31.0,10.0,30.0,13.0
40954,31.0,10.0,27.0,17.0
40955,31.0,10.0,30.0,13.0
40956,31.0,10.0,31.0,10.0
40957,31.0,10.0,26.0,12.0
40958,31.0,10.0,26.0,12.0
40959,31.0,10.0,31.0,11.0
